time,energy
379363653.826635,3940
379363657.156842,3114
379363659.904645,13047
379363659.244526,13224
379363663.856098,4234
379363666.386427,4911
379363664.78803,1727
379363667.653015,899
379363668.617501,13223
379363669.2269,5077
379363672.296483,2459
379363675.488299,13050
379363678.816546,11498
379363680.701898,2858
379363684.089156,105
379363682.763995,13081
379363685.605333,1787
379363685.840696,7448
379363692.533448,192
379363692.052347,1810
379363695.120083,3671
379363695.659233,2039
379363698.910455,13003
379363700.282395,763
379363702.228027,269
379363702.129365,118
379363705.529737,13201
379363707.64022,654
379363707.575775,4498
379363709.392389,6228
379363710.353528,3840
379363711.479339,5048
379363713.678727,1731
379363717.78271,1404
379363719.916342,1847
379363722.001009,1082
379363725.323181,1687
379363726.165529,1908
379363727.877902,1392
379363730.922921,113
379363729.700433,12912
379363731.602423,2434
379363734.868966,7249
379363734.956605,108
379363739.256687,1450
379363737.886527,1490
379363740.664041,269
379363743.393485,2985
379363742.885121,7991
379363745.065431,239
379363745.250489,3050
379363749.708077,958
379363747.769156,515
379363751.944251,95
379363750.716191,504
379363754.674009,1559
379363755.576349,12944
379363758.017501,2141
379363757.825934,220
379363762.562607,1761
379363763.878568,3008
379363767.537069,3382
379363766.946332,259
379363768.509789,4830
379363773.026393,10811
379363773.611377,314
379363773.29752,7413
379363777.80018,2228
379363779.199452,634
379363778.457932,265
379363781.752174,5643
379363781.481924,1402
379363785.325488,1046
379363786.124186,8623
379363787.595089,118
379363786.392069,3360
379363790.25219,2204
379363790.949856,6682
379363792.146498,6799
379363795.238785,1432
379363796.922133,8873
379363797.780741,5501
379363799.32209,907
379363800.599294,10838
379363802.375889,2471
379363804.006933,3407
379363806.454103,1023
379363807.474955,12867
379363811.708748,345
379363813.020808,594
379363813.85174,10890
379363816.522466,2205
379363818.834158,6396
379363821.885053,7295
379363820.023264,5727
379363823.775714,3206
379363827.703125,4383
379363827.138102,3255
379363828.65046,1044
379363828.882712,83
379363832.360606,9104
379363833.463295,12841
379363835.251587,4297
379363835.822116,6482
379363840.309895,1106
379363842.777894,634
379363841.358461,1178
379363844.754847,1515
379363848.138218,7642
379363850.864635,4170
379363848.932029,1066
379363853.265313,11076
379363852.020723,2366
379363855.064544,349
379363858.645932,2706
379363857.987835,3369
379363858.54053,12886
379363859.143381,4624
379363859.002092,13024
379363862.28097,685
379363865.761949,301
379363864.402772,12890
379363867.112348,6687
379363870.580313,4665
379363871.387713,2203
379363873.193113,9417
379363875.277427,7642
379363874.69659,154
379363876.510752,696
379363878.729594,1883
379363881.947416,878
379363879.978716,1491
379363883.743002,730
379363882.616021,3978
379363885.055459,689
379363886.555518,8214
379363889.032427,8373
379363888.914483,1067
379363891.213069,674
379363892.420022,4092
379363892.0508,1964
379363894.340284,99
379363895.298852,1134
379363895.577617,741
379363896.958825,823
379363900.416471,719
379363900.40287,2003
379363900.956903,547
379363901.191439,2645
379363904.01488,3512
379363904.525276,4743
379363906.311322,4659
379363906.124885,1092
379363908.552499,2856
379363908.831926,10108
379363913.043958,1513
379363916.006586,1242
379363914.544482,176
379363915.71863,963
379363918.040132,356
379363918.814387,5245
379363920.121053,361
379363922.846767,1340
379363923.191351,1934
379363926.203144,2972
379363926.624394,299
379363928.118534,92
379363930.322986,7670
379363932.560659,399
379363933.40928,691
379363935.454319,339
379363939.437643,878
379363937.808556,12729
379363940.70991,4618
379363941.083056,6677
379363940.019462,9166
379363942.219143,575
379363943.64155,12877
379363946.537874,813
379363949.774935,2868
379363950.04561,12693
379363954.819678,553
379363953.6638,832
379363953.44745,1028
379363956.942114,3756
379363956.720423,363
379363958.552468,1637
379363957.780792,6701
379363961.573065,4732
379363960.483277,1689
379363963.72472,2660
379363964.582778,12708
379363965.000877,9423
379363968.126884,310
379363966.451403,1566
379363968.435079,12713
379363972.846781,1669
379363972.389407,7439
379363974.43289,102
379363976.065188,9934
379363981.020595,2133
379363979.609247,1534
379363983.618921,1199
379363985.27168,3159
379363985.160092,102
379363984.232979,716
379363988.675017,2952
379363986.623807,12902
379363986.677841,338
379363990.479949,1216
379363994.041598,1218
379363992.753599,12715
379363994.832602,1195
379363994.939535,3250
379363997.243921,5367
379363999.68701,3078
379364000.489232,8160
379364002.039318,1240
379364003.235801,12906
379364005.462219,430
379364005.464347,1212
379364007.460975,3893
379364008.474171,10854
379364011.69663,2451
379364014.573313,1667
379364016.102779,4313
379364019.791014,329
379364021.961976,2841
379364027.238425,12588
379364026.858042,226
379364030.006751,1223
379364032.832559,1066
379364032.794664,2979
379364035.598215,11500
379364034.537821,11329
379364036.29009,4663
379364038.743252,565
379364039.181548,270
379364045.909552,2348
379364045.55815,2014
379364047.548994,4581
379364049.383908,1252
379364051.281084,841
379364053.871458,5201
379364056.446749,1329
379364057.490224,154
379364056.773241,8926
379364059.362075,6981
379364064.163437,5168
379364064.800109,3623
379364067.764446,364
379364068.442511,295
379364073.331425,202
379364073.282001,12653
379364075.287691,2138
379364078.005897,539
379364082.216832,9458
379364082.840966,1476
379364085.090451,1757
379364086.367242,2218
379364087.933199,3839
379364092.541955,3687
379364094.239366,835
379364095.99926,4926
379364100.700688,1102
379364100.359416,1279
379364102.901033,12566
379364104.234653,3975
379364107.063608,2149
379364109.602609,471
379364111.178778,921
379364112.038946,1966
379364114.185266,3093
379364117.313067,1040
379364120.764385,111
379364122.885396,738
379364126.045909,5853
379364127.009368,12482
379364129.659602,2810
379364129.481578,2506
379364132.666892,4544
379364135.337899,8399
379364139.166055,3553
379364140.933087,644
379364143.902206,12438
379364147.346979,413
379364146.486311,1382
379364148.66364,5179
379364148.380633,3210
379364150.542045,9332
379364154.331668,111
379364156.23606,1246
379364159.10925,1385
379364161.485148,2252
379364164.558902,1960
379364167.381404,455
379364166.384172,6534
379364170.744808,1474
379364173.193073,1313
379364175.505905,103
379364179.786502,1684
379364181.634254,1263
379364186.363347,1187
379364188.691999,3700
379364187.028192,731
379364190.138362,12465
379364194.217481,998
379364194.702199,664
379364199.35006,555
379364201.12371,875
379364203.220551,3073
379364206.174901,12840
379364208.695975,829
379364208.783193,12428
379364211.585411,1467
379364212.68198,368
379364215.91792,2680
379364219.631531,677
379364217.879924,1634
379364225.250251,3534
379364226.230577,7376
379364228.39061,5793
379364232.818229,10805
379364235.020701,12928
379364239.093053,1510
379364241.25333,1095
379364244.088664,12864
379364248.465558,566
379364249.587409,1424
379364252.446798,6663
379364252.08317,3324
379364258.540296,198
379364261.718334,7176
379364262.671951,104
379364265.237698,2499
379364267.275551,1526
379364272.4674,1206
379364276.294534,1982
379364280.592097,6756
379364285.004382,3487
379364283.799966,12358
379364286.546901,2311
379364290.902192,953
379364294.331187,584
379364297.791697,1462
379364297.054725,634
379364300.048864,6393
379364302.044102,11721
379364303.913453,1734
379364304.718465,2004
379364307.663638,716
379364310.430806,192
379364309.952037,6060
379364312.221542,2173
379364314.773668,12309
379364318.441581,9451
379364319.821803,1538
379364323.898607,4521
379364326.194576,12769
379364329.481459,9233
379364329.758179,2210
379364333.071817,3311
379364335.589272,6238
379364335.41997,3345
379364338.878829,7736
379364344.749651,1192
379364344.45644,985
379364348.212908,2505
379364348.245459,334
379364351.677958,7485
379364351.06405,2970
379364353.552821,10642
379364357.624266,12632
379364359.509485,82
379364362.370915,3138
379364362.456762,535
379364363.66143,823
379364364.919573,8699
379364366.967709,3601
379364369.029305,6009
379364370.919785,999
379364371.942562,1179
379364375.053797,2568
379364377.978349,3045
379364380.522462,2552
379364382.669522,990
379364386.04627,12400
379364387.312706,1523
379364390.621547,12335
379364394.149956,947
379364392.576297,10617
379364396.9394,2218
379364396.860235,3925
379364399.423933,6269
379364401.196801,907
379364404.328614,2477
379364406.699887,13146
379364404.992134,240
379364408.024573,11644
379364412.526268,2570
379364412.592462,1118
379364414.804765,340
379364416.130225,6817
379364418.787152,8400
379364422.662932,6783
379364424.170413,2544
379364425.807656,839
379364426.814072,2728
379364429.639302,1604
379364430.901519,1453
379364433.257604,1931
379364436.009104,385
379364437.670128,3514
379364436.247096,1024
379364438.934047,12416
379364440.832596,450
379364442.215678,13067
379364446.017242,7033
379364448.792582,108
379364450.307677,12467
379364451.584523,4516
379364452.529214,456
379364456.872209,5912
379364454.438229,959
379364457.48693,9885
379364457.411445,240
379364464.369952,735
379364466.949282,12489
379364465.502873,5154
379364469.83826,5925
379364471.478479,771
379364470.723379,11972
379364474.953962,12441
379364473.256688,1234
379364476.995251,11411
379364476.04642,2591
379364479.073884,2104
379364478.895673,116
379364481.729008,89
379364483.314565,550
379364483.622149,3350
379364487.991523,8562
379364487.506747,5830
379364489.215289,6054
379364490.008051,3392
379364491.546959,1263
379364493.448082,7443
379364495.490066,1115
379364498.310099,6852
379364497.526904,12550
379364498.654874,964
379364499.568318,236
379364502.129336,3184
379364503.004149,645
379364505.82771,5913
379364508.347398,292
379364510.980467,12490
379364509.330881,10388
379364511.908723,1192
379364513.120123,705
379364514.287783,1372
379364514.708405,461
379364518.599742,655
379364516.902236,10475
379364520.204646,250
379364522.023141,201
379364523.323475,1027
379364526.362876,1681
379364524.773946,12619
379364528.419034,102
379364531.521204,6836
379364532.367797,915
379364533.000247,10310
379364536.034958,3192
379364536.9244,12672
379364541.186587,873
379364542.548706,2368
379364543.815318,2095
379364544.302253,12691
379364545.871341,109
379364549.308811,2394
379364548.810121,1581
379364551.043698,389
379364551.582291,1990
379364553.840985,1383
379364553.479086,1230
379364556.776468,4925
379364557.632945,8451
379364558.548206,2826
379364559.672573,5777
379364562.709807,2036
379364562.786813,8623
379364563.492671,1610
379364565.169532,7473
379364564.587081,1603
379364566.945586,6620
379364570.599065,3792
379364569.01086,5830
379364571.583807,5481
379364571.673351,12614
379364575.372214,7079
379364574.136815,763
379364575.774169,4235
379364577.891921,12998
379364576.615693,1071
379364581.71268,7525
379364581.05482,202
379364583.307258,4575
379364581.858633,615
379364583.564478,3618
379364586.142196,5807
379364586.72728,12634
379364587.718721,13313
379364587.330097,1604
379364591.552317,2412
379364590.618205,3117
379364592.840157,2813
379364593.279302,120
379364593.72623,9526
379364595.938497,347
379364595.295086,1694
379364599.826678,890
379364599.416658,3283
379364601.475814,1204
379364601.007958,9833
379364600.548587,12763
379364605.036731,2422
379364604.534196,1702
379364607.217084,3187
379364606.298125,4429
379364610.123909,4828
379364608.015332,4204
379364609.0228,7669
379364612.254056,3301
379364612.422475,1116
379364615.044106,3880
379364617.170853,1792
379364617.050254,12690
379364618.371916,1701
379364620.643732,905
379364621.056556,7654
379364620.810384,1706
379364625.308476,12661
379364624.811815,100
379364628.281518,4029
379364627.305802,7527
379364627.811553,2780
379364628.70347,2520
379364633.587744,1830
379364634.106587,1794
379364634.522049,2091
379364634.029402,2255
379364636.649939,279
379364640.745193,652
379364640.267708,2242
379364642.57774,1247
379364644.887738,6316
379364645.834702,3385
379364649.065845,370
379364651.894217,3805
379364650.065964,8443
379364652.51241,977
379364655.408827,12694
379364656.897582,894
379364658.076666,2491
379364661.180835,1646
379364664.122148,1454
379364664.040355,12682
379364665.30536,1421
379364665.25735,5988
379364669.733704,684
379364668.30663,2901
379364670.444964,1166
379364670.96147,419
379364674.634697,12684
379364674.62735,93
379364674.775035,1033
379364676.33605,1262
379364676.970419,3605
379364678.209615,1255
379364682.553621,811
379364681.931328,1561
379364683.551608,2739
379364684.967251,13005
379364688.327869,853
379364689.704937,4461
379364689.407229,6748
379364693.202227,6010
379364695.29141,2932
379364693.61155,2193
379364697.0891,165
379364701.329456,493
379364700.240144,1645
379364702.614054,7796
379364706.400877,3960
379364706.111144,5234
379364711.358938,917
379364710.431851,3720
379364711.974067,3841
379364714.691616,7797
379364718.133132,12771
379364723.939311,411
379364725.202219,12764
379364727.722944,2790
379364734.445434,277
379364738.907506,1537
379364741.623491,12816
379364745.266149,1973
379364747.487356,8845
379364750.489119,3269
379364753.093916,1490
379364755.279425,4021
379364756.502215,5784
379364759.377846,174
379364762.305584,7394
379364764.977215,1646
379364766.678824,1391
379364770.676297,5094
379364770.990212,640
379364773.14965,6569
379364775.365021,530
379364774.174162,2359
379364778.199637,1959
379364781.33586,9719
379364779.980666,2604
379364782.826615,4563
379364783.595445,4517
379364786.417385,12854
379364788.346103,859
379364789.045412,10143
379364792.056006,2193
379364791.946421,1110
379364794.843207,1284
379364793.437403,2848
379364792.766197,447
379364795.24863,2011
379364798.205976,6479
379364799.233099,1189
379364799.507172,5826
379364800.88813,10217
379364802.566157,6740
379364803.358684,513
379364803.471992,993
379364804.901588,11131
379364805.67049,1505
379364806.966927,3922
379364807.101739,168
379364805.880895,673
379364808.419232,1450
379364810.901589,12864
379364811.943839,2927
379364812.414894,1361
379364814.355608,1626
379364814.308698,176
379364816.195392,1593
379364817.438849,6883
379364820.475451,2321
379364818.73563,2554
379364822.592733,2690
379364823.087733,6429
379364823.139852,758
379364825.007748,558
379364823.899999,12915
379364826.797758,238
379364826.192115,8676
379364826.571326,12965
379364830.755093,3110
379364832.868217,88
379364831.647336,13157
379364835.489635,1339
379364835.028087,5752
379364837.870831,1539
379364838.236059,6224
379364841.410032,212
379364840.58085,4935
379364843.014107,3535
379364842.319166,5536
379364845.199261,699
379364846.823284,91
379364844.681556,12967
379364847.46711,1488
379364848.087176,659
379364851.205086,5248
379364850.171476,136
379364851.041813,569
379364854.118522,199
379364854.419499,6025
379364855.936273,86
379364855.304206,1349
379364858.144569,4724
379364857.447353,1832
379364860.527229,2110
379364863.714774,12915
379364864.539733,710
379364862.966658,2629
379364866.770277,2800
379364868.874749,3809
379364867.818695,2054
379364869.898427,718
379364872.283507,12962
379364872.367217,13029
379364874.222086,541
379364874.50846,1251
379364876.212011,12924
379364877.903869,2503
379364877.066033,5151
379364880.392566,1980
379364879.750197,8469
379364883.291362,127
379364883.023534,89
379364884.399822,186
379364888.535601,4127
379364887.056061,1640
379364889.9818,2433
379364892.12595,1539
379364892.301898,8246
379364891.158331,537
379364895.981992,2696
379364894.824175,2521
379364897.652573,96
379364897.30439,2843
379364901.124591,2220
379364899.125841,1117
379364902.324883,1159
379364903.818083,4363
379364904.056955,6597
379364905.763196,4181
379364905.689148,803
379364907.895058,2843
379364907.228791,3381
379364906.976453,4430
379364911.534335,8342
379364910.120139,5759
379364913.441265,84
379364913.289429,444
379364915.833532,3505
379364915.749415,223
379364915.850984,4786
379364919.041867,8916
379364918.66898,9231
379364921.872535,12701
379364920.965723,10969
379364921.279457,4958
379364924.102516,883
379364924.147781,13038
379364925.949009,12869
379364927.001042,2507
379364928.500703,257
379364929.74498,1219
379364928.440898,7519
379364930.73075,13180
379364931.509617,2467
379364934.7854,6598
379364933.289971,1952
379364935.39712,2662
379364935.928227,324
379364938.343384,9914
379364938.825606,347
379364941.878245,1209
379364942.06992,760
379364944.700984,2669
379364946.595406,1119
379364947.78305,945
379364950.521301,711
379364950.110332,430
379364952.748971,8743
379364951.043097,9206
379364954.546699,6742
379364953.894518,6169
379364954.558292,2475
379364957.573103,351
379364959.62566,1981
379364959.935695,1217
379364961.644924,3313
379364962.227424,13088
379364965.94931,13041
379364964.816578,1912
379364967.177041,295
379364967.177144,4030
379364969.100828,9063
379364970.779441,13038
379364969.187452,2085
379364973.600843,868
379364972.831761,6660
379364975.012324,5790
379364978.606572,3314
379364979.447481,1442
379364977.468221,131
379364981.781526,636
379364983.250377,5833
379364984.409997,551
379364987.180993,1533
379364985.549003,7366
379364988.869277,260
379364992.226631,13047
379364991.387913,3760
379364992.241578,2736
379364994.151001,4856
379364996.126077,10462
379364995.931195,1433
379364998.081494,3602
379365000.766153,13319
379365001.693478,519
379365002.688356,1325
379365004.192847,1473
379365005.811515,586
379365007.874894,3491
379365008.454553,128
379365012.617004,1623
379365011.922929,1442
379365015.158911,445
379365015.624482,13169
379365013.944248,114
379365017.708316,1491
379365020.603315,7332
379365018.7752,185
379365022.37238,277
379365023.04409,4722
379365024.759269,873
379365027.171162,172
379365029.682748,1705
379365033.927255,4857
379365033.440331,291
379365034.922722,1068
379365034.67059,11238
379365038.794813,416
379365039.581817,2688
379365039.857752,4845
379365043.298223,13339
379365047.002586,1508
379365044.660751,2043
379365047.205386,4868
379365052.044658,4338
379365054.248178,12126
379365056.445504,4558
379365058.625062,13046
379365058.973733,1187
379365062.356704,1567
379365061.413805,370
379365062.771566,6849
379365066.660254,13015
379365068.176951,1992
379365072.485443,1449
379365074.679238,354
379365076.117339,12932
379365077.14585,3948
379365078.867137,2114
379365080.758881,441
379365082.633396,13079
379365084.373021,1430
379365087.524022,461
379365090.039678,8641
379365092.724435,87
379365092.077154,4339
379365095.494366,13013
379365100.323094,3699
379365100.989848,573
379365103.779445,5083
379365106.419241,854
379365106.39822,455
379365111.552846,13336
379365110.327435,557
379365112.951579,193
379365116.710137,3166
379365119.236614,2141
379365120.404375,580
379365124.202251,13054
379365124.391817,4949
379365126.68192,2944
379365129.808258,1776
379365130.451202,8130
379365132.807533,116
379365133.891545,547
379365136.162344,2048
379365138.259064,236
379365141.714791,995
379365142.748318,167
379365144.658088,13135
379365146.816221,7178
379365149.462222,116
379365151.921459,86
379365154.603876,12933
379365154.22571,437
379365156.734836,2553
379365160.85718,12860
379365163.075998,121
379365165.519782,3688
379365165.022622,1967
379365167.606859,2582
379365169.994915,5402
379365174.018972,1806
379365175.039351,1466
379365179.517347,8672
379365179.867964,1548
379365179.966248,10175
379365186.0273,151
379365185.430337,309
379365189.14749,5044
379365191.832878,310
379365194.029312,3343
379365195.67755,390
379365196.43405,971
379365200.361147,2344
379365200.290148,974
379365201.344989,1284
379365204.053154,8525
379365208.27146,2685
379365209.872178,2470
379365210.524252,2937
379365212.281461,10317
379365214.658274,2092
379365216.905415,8634
379365219.701775,7068
379365222.204831,658
379365224.058398,12768
379365228.10981,5000
379365229.677012,1289
379365231.443335,2985
379365233.414943,811
379365236.032321,12766
379365238.217489,12927
379365237.799562,7304
379365241.441111,2218
379365244.177039,11235
379365243.081034,4109
379365247.121726,12761
379365249.287444,12911
379365250.329572,12730
379365253.507635,7232
379365256.165931,7961
379365260.052473,1121
379365260.112495,12784
379365261.784214,2394
379365265.082658,3452
379365263.778082,519
379365266.362495,3805
379365268.764079,4017
379365268.303569,1190
379365271.718848,3718
379365274.503454,3451
379365276.922421,3930
379365279.678041,301
379365280.273785,533
379365281.374971,3130
379365284.289323,3152
379365286.204402,2589
379365286.73739,12403
379365290.294964,408
379365289.970172,5704
379365293.603664,7099
379365294.648509,1359
379365298.752999,84
379365297.357805,6762
379365299.727263,6922
379365301.912678,1151
379365303.427782,3619
379365305.174562,12749
379365309.711447,5883
379365309.762758,361
379365314.345733,8481
379365317.49333,1616
379365318.467832,12668
379365320.431988,1255
379365320.969042,437
379365323.468654,131
379365325.484474,12628
379365327.305348,12726
379365330.453742,6346
379365333.016999,526
379365334.421268,11276
379365337.520331,514
379365337.295733,12915
379365338.775257,985
379365341.394364,844
379365345.926232,1991
379365348.744368,4531
379365350.056732,8913
379365353.097466,1139
379365353.248943,533
379365355.388047,1160
379365357.680187,1820
379365361.360717,1964
379365359.251128,658
379365363.81236,1477
379365366.159265,12991
379365367.864879,273
379365371.349221,1986
379365370.641424,12652
379365374.061277,6369
379365377.177731,1718
379365379.405406,452
379365381.999873,12591
379365384.658118,3669
379365387.148411,6744
379365385.444724,114
379365388.964658,12619
379365392.236828,12693
379365394.913295,3693
379365397.708578,2491
379365398.384178,103
379365399.214991,2297
379365401.142747,415
379365401.462395,12596
379365403.635142,12746
379365407.350157,12772
379365409.985029,524
379365413.26481,6035
379365414.00104,238
379365414.638861,1866
379365417.569181,12588
379365419.044453,7046
379365425.544002,3293
379365426.021716,2220
379365428.800822,910
379365431.204888,1962
379365433.285918,1440
379365435.581506,905
379365435.343458,5533
379365438.030755,5708
379365441.570698,1542
379365440.362677,919
379365443.116302,648
379365446.033696,810
379365449.348325,742
379365450.235889,1608
379365453.15446,949
379365454.686218,12364
379365456.732345,1796
379365458.105906,12906
379365461.85709,7489
379365460.713158,9380
379365465.318045,1431
379365467.02769,2481
379365465.858913,3339
379365469.632594,109
379365472.422014,979
379365475.864107,2803
379365475.985219,12920
379365477.345868,672
379365481.111491,95
379365481.531175,10989
379365485.47091,1011
379365487.995231,3456
379365489.815055,6008
379365492.541135,12395
379365494.78938,444
379365497.219214,11849
379365500.54166,6827
379365503.88347,3493
379365504.97265,2437
379365508.279869,3751
379365510.637256,1142
379365512.638723,636
379365512.713139,10267
379365516.270063,1805
379365519.653408,872
379365524.790777,7075
379365524.258663,793
379365530.301116,12806
379365528.771822,3538
379365531.829198,12408
379365535.250888,2427
379365537.917778,492
379365539.548561,12400
379365542.151962,12353
379365541.733594,818
379365545.799436,514
379365547.735378,4784
379365554.144833,10823
379365553.705725,1423
379365556.13361,2320
379365558.471034,3217
379365560.743501,1750
379365561.26957,190
379365563.119919,12398
379365567.082595,12211
379365567.322467,180
379365570.98375,1339
379365573.624506,12534
379365575.79601,12325
379365577.274667,4182
379365578.838716,13005
379365582.646133,2433
379365585.079141,12361
379365587.0135,2122
379365587.743031,118
379365590.030267,7612
379365592.816926,1535
379365594.103383,12350
379365595.344018,5987
379365596.757836,12332
379365599.032586,11892
379365600.404366,778
379365602.655303,1339
379365604.343477,114
379365606.570565,526
379365609.653744,981
379365611.548169,521
379365615.010511,10171
379365618.948826,4046
379365619.302853,12148
379365622.657738,1798
379365622.971378,12266
379365626.660418,2643
379365625.186553,12323
379365628.307799,12371
379365632.129165,8161
379365630.484616,4328
379365633.089348,12256
379365633.41131,12307
379365634.983825,1944
379365637.491936,12454
379365641.816878,849
379365641.929498,11070
379365643.186804,12309
379365645.31885,12277
379365649.98581,4093
379365648.109264,387
379365650.47191,5336
379365655.003964,7798
379365657.413743,1701
379365655.676794,2500
379365662.48518,12223
379365661.910606,12283
379365665.48878,12572
379365664.922881,12324
379365667.045279,893
379365668.630557,7626
379365671.158214,4377
379365671.263008,400
379365676.318007,2356
379365675.390992,12356
379365676.719292,12331
379365679.465883,1621
379365681.809612,4727
379365685.551341,11435
379365685.880086,12396
379365688.277113,6140
379365687.222631,4430
379365689.609266,131
379365693.721541,85
379365695.659296,12333
379365695.646958,3368
379365699.270807,206
379365700.677143,12296
379365701.327505,976
379365704.576041,6693
379365707.0953,9179
379365705.683025,1739
379365709.0252,3612
379365707.764684,8627
379365711.186403,12447
379365713.205142,6126
379365714.609326,1524
379365716.176503,7491
379365716.255357,5262
379365718.981722,4588
379365721.651116,471
379365724.757151,209
379365724.026781,12424
379365727.466172,12316
379365728.246152,3641
379365729.64937,5503
379365728.810179,9533
379365731.486041,6085
379365732.566894,1244
379365733.859161,3095
379365735.769137,12358
379365735.564569,2503
379365737.816126,6262
379365739.163108,1591
379365742.43278,1144
379365743.342875,12407
379365743.015031,12434
379365745.239495,1043
379365747.405931,5396
379365746.845868,3805
379365751.648548,7955
379365753.133453,2033
379365756.072472,4711
379365756.665689,12398
379365757.26632,9280
379365760.158026,12355
379365760.934661,13009
379365760.785571,12409
379365763.011782,184
379365765.010965,497
379365765.060859,166
379365766.819339,12641
379365769.243458,12478
379365770.573238,2558
379365772.112869,12539
379365775.076279,12627
379365774.556365,10542
379365777.034363,5602
379365775.855218,6178
379365780.338963,330
379365780.73071,12578
379365782.485288,3111
379365783.126368,8809
379365784.359742,223
379365786.235317,12491
379365788.431819,12403
379365789.450576,7253
379365792.623691,12445
379365793.115994,9709
379365794.393188,8360
379365796.795276,12440
379365800.128794,844
379365799.922792,151
379365802.90519,12423
379365801.304249,5886
379365802.043914,122
379365805.10726,5413
379365807.175486,12435
379365809.322253,12384
379365809.457449,12523
379365810.413248,2131
379365813.623226,12017
379365814.134326,3022
379365816.23023,5551
379365816.586787,12533
379365818.770635,5880
379365821.432819,12506
379365823.874614,1474
379365825.986913,12450
379365825.728878,94
379365825.472456,2305
379365828.805701,12473
379365827.745804,12738
379365831.593983,10780
379365833.286262,12530
379365837.293412,5710
379365839.176901,1698
379365839.355054,12573
379365842.394976,8759
379365840.453219,6401
379365844.956038,760
379365846.018544,12542
379365848.663763,9820
379365850.374498,12576
379365852.409883,12663
379365854.019178,3158
379365858.061665,11724
379365856.870316,1798
379365860.597823,5322
379365858.476423,12648
379365861.501762,9754
379365862.60752,5058
379365863.779419,8413
379365865.035545,963
379365867.717462,3958
379365868.192832,12616
379365870.442893,223
379365872.630483,166
379365871.54284,1385
379365874.769545,1790
379365878.666427,4562
379365878.539825,9731
379365879.727928,12668
379365880.949989,4179
379365879.36352,12726
379365882.348501,12637
379365885.348687,4048
379365888.927303,2614
379365892.14006,8978
379365889.593405,620
379365890.398466,9556
379365893.582061,10044
379365892.67673,12653
379365895.524073,12558
379365896.47801,1362
379365899.12586,4762
379365899.171936,13102
379365901.886324,3403
379365902.007827,469
379365903.986721,12569
379365903.942238,9790
379365906.576135,438
379365908.39691,1337
379365908.458838,4602
379365909.208043,615
379365912.147365,455
379365912.07895,982
379365913.073532,2914
379365916.893018,6528
379365916.500664,10174
379365920.260197,12629
379365922.332213,560
379365924.537886,6206
379365923.604545,9332
379365926.503055,867
379365926.744487,1747
379365926.079741,169
379365930.293608,1187
379365933.35651,2397
379365936.335198,4516
379365935.261609,3663
379365938.619079,12632
379365939.382114,12592
379365939.333044,12654
379365942.022012,210
379365943.801442,1054
379365946.620785,532
379365944.621772,628
379365947.806502,6346
379365947.437171,9968
379365951.789083,10904
379365952.26454,4252
379365952.315142,12679
379365956.785491,9673
379365956.369487,11325
379365959.514493,2449
379365958.247688,1474
379365960.940568,7889
379365964.079844,12636
379365963.531064,1406
379365967.297517,12829
379365965.360331,8712
379365967.616588,5591
379365970.960493,1664
379365970.313517,10220
379365973.026622,8467
379365974.181555,907
379365976.821425,13336
379365978.372128,5325
379365979.597443,2108
379365979.647496,7096
379365982.40308,12839
379365985.441286,969
379365986.243361,1673
379365987.390422,1601
379365989.64416,4092
379365993.325619,12695
379365994.148775,6539
379365994.184675,12743
379365998.534756,1234
379365997.696721,4485
379366000.404569,4229
379366003.253965,1258
379366005.402709,3676
379366003.998521,4011
379366007.055389,12703
379366010.794095,12013
379366013.668192,536
379366012.993489,10814
379366016.556603,2229
379366017.403016,1308
379366021.675608,6062
379366020.163395,719
379366022.298307,12722
379366026.258602,12744
379366028.070978,12706
379366028.320125,560
379366027.873317,8761
379366031.694048,2305
379366033.688455,4669
379366033.556521,1098
379366037.680733,12819
379366038.232028,2893
379366041.737523,4300
379366042.122122,2710
379366043.503567,1750
379366045.758152,3180
379366049.943826,4824
379366049.286418,7108
379366052.708774,450
379366055.33358,192
379366054.448994,2178
379366056.172505,12330
379366059.109097,12768
379366059.341345,5957
379366062.603984,12939
379366063.962845,1341
379366067.737947,12572
379366070.60542,2460
379366071.420858,2995
379366073.984295,3026
379366074.511363,12795
379366075.484585,13004
379366077.385996,2654
379366081.644196,12799
379366080.51535,12455
379366083.567742,12867
379366084.657001,2621
379366088.307342,1651
379366088.003446,12863
379366091.72918,2179
379366090.993642,5944
379366092.51429,13006
379366096.812346,1986
379366100.584322,2295
379366101.651713,535
379366102.975624,1292
379366107.819935,1293
379366108.250684,1943
379366110.302943,12902
379366112.522676,12860
379366115.589135,681
379366113.881048,1890
379366118.089205,6298
379366120.484351,1268
379366121.278862,3793
379366121.316057,11443
379366125.363206,12840
379366126.649657,939
379366130.354463,2500
379366130.128884,5272
379366132.343322,12940
379366137.454208,1414
379366136.777552,7828
379366142.259113,3554
379366145.965563,3498
379366147.196769,12860
379366149.157608,3819
379366149.541154,12934
379366153.482072,6180
379366153.102977,7733
379366155.582289,12913
379366155.579751,12357
379366157.414473,1446
379366159.003529,12967
379366162.288974,112
379366165.084594,12885
379366163.906429,9354
379366165.868271,7764
379366169.013695,13015
379366172.656149,12880
379366172.418335,3149
379366174.048626,12929
379366175.621886,9748
379366179.35939,361
379366180.853148,7318
379366184.31114,1428
379366186.507946,1324
379366187.884193,12169
379366189.129862,3271
379366190.855766,3079
379366193.663505,2731
379366196.232944,4095
379366194.650537,99
379366196.583587,11288
379366196.706019,13231
379366200.687967,6230
379366200.358218,12444
379366202.714595,1316
379366203.354778,2748
379366204.657922,10871
379366204.756167,1573
379366204.317205,2322
379366208.175449,8536
379366207.415633,5736
379366211.448827,8188
379366210.251106,7335
379366213.948965,1471
379366212.088805,3828
379366215.871318,1072
379366217.301413,3482
379366221.705209,176
379366222.300128,5127
379366226.529971,1375
379366225.917513,135
379366228.324392,11195
379366230.873777,3650
379366232.190039,13024
379366233.776754,3299
379366235.45295,13002
379366238.818759,11672
379366239.493434,3889
379366244.515772,1405
379366246.632775,1372
379366250.885183,5796
379366253.265425,12991
379366255.083391,12979
379366255.481367,13077
379366257.124249,506
379366257.792087,2759
379366259.71406,13121
379366260.411144,106
379366262.0237,1773
379366262.822818,13282
379366266.00023,5439
379366264.699583,339
379366267.933483,1439
379366270.789839,3432
379366271.729941,494
379366274.310035,4721
379366274.092328,10011
379366276.144679,9188
379366278.432837,2392
379366277.941025,1515
379366279.738568,622
379366281.592394,4991
379366284.687369,366
379366285.771197,11866
379366285.823073,3437
379366287.864678,4131
379366289.588773,3658
379366292.281628,629
379366290.807899,3282
379366294.408757,7464
379366300.137686,664
379366299.245161,5140
379366301.043694,7575
379366303.359919,2525
379366303.642968,388
379366306.040677,120
379366307.551453,6393
379366309.073665,1179
379366313.127333,8205
379366312.830687,2516
379366315.337928,10598
379366317.085132,5897
379366318.010693,4835
379366320.862017,13067
379366321.281881,2764
379366322.102013,475
379366323.905456,12232
379366325.156758,2102
379366326.670434,13100
379366329.647677,2156
379366330.683684,4480
379366333.55981,3963
379366336.196821,11815
379366337.815931,13043
379366337.962149,4264
379366339.487345,4159
379366342.635357,13060
379366345.082998,1407
379366349.260858,10667
379366349.591137,12936
379366350.906765,4461
379366353.323515,7147
379366355.198945,1801
379366356.024031,7184
379366358.274827,13053
379366360.76652,13039
379366363.479211,2288
379366366.568111,177
379366369.210014,3904
379366371.556214,11634
379366375.315329,2336
379366376.751149,925
379366379.529413,6452
379366381.558864,12947
379366381.445355,13012
379366385.266231,13299
379366388.049412,1908
379366390.125441,12993
379366393.163109,12973
379366395.868971,1193
379366397.157556,12919
379366398.27179,13101
379366401.687751,4940
379366401.877776,2387
379366404.584849,5236
379366407.259441,459
379366409.791447,11880
379366409.997659,13218
379366412.194302,11490
379366412.458798,11542
379366415.774663,1481
379366415.375916,10762
379366420.86805,7286
379366423.511787,13257
379366426.693987,145
379366426.446859,7057
379366428.06718,909
379366430.876932,7244
379366433.056601,6810
379366436.205818,6628
379366439.398672,4641
379366442.885597,702
379366445.671744,9125
379366447.568277,12053
379366450.60351,1868
379366448.841538,1210
379366452.924216,8433
379366455.245262,7784
379366458.674471,1928
379366461.270094,12863
379366462.729904,4633
379366465.406212,8375
379366468.327938,6265
379366470.384021,982
379366472.873577,336
379366472.247924,1496
379366476.436642,2952
379366481.293629,5142
379366481.830661,1902
379366482.351891,4341
379366484.427554,12888
379366486.131604,226
379366489.101298,4423
379366489.243605,5106
379366491.953683,11248
379366495.083173,1767
379366495.237166,10850
379366495.763576,5024
379366495.598105,5733
379366498.641462,4912
379366499.22482,5222
379366501.349678,6211
379366503.603041,1660
379366505.680058,12929
379366506.976538,1748
379366510.675419,2945
379366513.390923,5343
379366511.404734,4157
379366516.038705,516
379366517.807284,12204
379366519.840132,964
379366521.409476,174
379366525.645048,874
379366527.53976,12981
379366531.31666,11388
379366534.209587,169
379366534.508833,12587
379366535.162323,6829
379366539.548684,6126
379366539.290702,8202
379366539.911794,1489
379366544.337765,8827
379366543.043308,5254
379366544.812793,12303
379366548.045635,8137
379366549.920496,3405
379366552.966727,12754
379366552.839311,1673
379366555.698979,690
379366558.274814,12820
379366564.223701,12771
379366567.272287,1245
379366569.67924,12484
379366574.646938,9642
379366576.805259,6316
379366581.08383,6372
379366581.966175,9457
379366584.420104,4155
379366585.15586,3077
379366588.346137,13022
379366589.803007,3865
379366592.327337,12715
379366595.894063,3464
379366597.376747,8334
379366600.223995,12670
379366604.380358,216
379366607.123448,417
379366607.516783,9087
379366610.183878,12545
379366614.814821,876
379366615.536511,2773
379366618.023187,6848
379366622.132287,12664
379366620.731672,143
379366623.886477,1737
379366627.148063,8665
379366632.735241,6112
379366635.998559,12651
379366637.539622,8269
379366640.674671,2077
379366642.81137,958
379366646.071634,1818
379366650.431877,12378
379366648.788493,98
379366656.305566,6310
379366654.101681,12664
379366658.609759,514
379366660.153734,1086
379366665.601488,189
379366669.336781,12643
379366668.886535,1671
379366672.33751,12620
379366676.645991,7900
379366678.382248,10976
379366682.295465,3287
379366684.176252,5971
379366687.521439,11663
379366685.393603,10758
379366689.112593,7162
379366691.964407,12926
379366694.428813,125
379366697.40754,4345
379366700.391125,12583
379366698.486728,8792
379366702.502715,4222
379366705.10659,7405
379366705.798598,12756
379366707.919013,2230
379366709.632133,12555
379366709.471734,12628
379366713.384048,3124
379366715.214306,12533
379366716.357332,3180
379366716.786491,3230
379366717.616273,5111
379366721.389279,2900
379366721.150549,3968
379366723.623945,3651
379366721.724043,4855
379366724.946804,125
379366725.601417,1538
379366728.372593,12146
379366727.541064,13176
379366727.870733,9197
379366731.271438,1574
379366730.976331,1864
379366733.275003,1219
379366733.336891,12575
379366736.373826,4800
379366736.39284,12819
379366737.172088,3546
379366736.898939,4001
379366737.400554,93
379366740.95635,8591
379366740.770043,4542
379366742.602059,4536
379366742.579231,94
379366744.435764,3479
379366745.250975,2551
379366747.552576,4170
379366747.116573,3537
379366748.4406,5957
379366749.941692,5381
379366748.59969,2449
379366750.395456,715
379366752.534709,988
379366754.600858,1321
379366753.681013,7676
379366756.556891,275
379366760.367452,1701
379366759.981492,2617
379366760.819368,2201
379366764.899024,12965
379366769.74399,2544
379366772.300007,2239
379366774.660019,4537
379366777.821615,8540
379366783.782206,2538
379366784.074167,10663
379366787.295917,10997
379366794.447557,12440
379366799.572419,12515
379366800.585857,5067
379366802.85471,3345
379366809.818143,4614
379366812.408718,2302
379366816.336941,628
379366818.383228,6429
379366824.949581,7429
379366827.842479,1067
379366832.290382,12470
379366835.567157,12425
379366837.772276,2801
379366843.703948,3973
379366847.000011,7161
379366851.427636,2240
379366856.281564,96
379366863.418015,1528
379366870.015534,11265
379366879.354797,5033
379366883.847382,248
379366886.840443,2099
379366891.924098,94
379366898.522865,12299
379366908.238819,12320
379366914.909,1484
379366918.270494,7512
379366923.354145,12370
379366928.17661,3537
379366932.804791,5273
379366935.50172,6087
379366940.407443,10706
379366944.898278,12445
379366948.36311,403
379366950.48278,2017
379366956.479605,7526
379366961.407209,2367
379366964.018767,5744
379366968.517568,2137
379366970.209266,12269
379366972.342203,4813
379366973.864216,266
379366978.721466,3462
379366976.673063,233
379366980.613706,6516
379366984.438128,1347
379366988.072424,1507
379366990.088375,971
379366990.539326,12339
379366994.563647,12281
379366992.133166,2554
379366995.850505,2363
379366998.493057,3117
379367000.590479,3687
379366999.989478,5878
379367002.704188,761
379367004.171401,5496
379367007.359999,3114
379367008.202741,94
379367008.589105,5709
379367007.906857,2287
379367010.189157,8501
379367013.640944,316
379367013.903535,12436
379367016.341611,1978
379367015.872219,1963
379367019.758922,11063
379367021.38123,3592
379367021.937588,9220
379367023.610452,12906
379367028.191854,1908
379367026.067567,6887
379367030.035138,2452
379367032.248055,11035
379367033.281403,12387
379367033.941402,5254
379367037.247741,12325
379367036.61149,12414
379367039.845889,12357
379367043.061354,1200
379367042.679533,1428
379367045.062054,3036
379367046.716445,3301
379367047.484956,3004
379367049.56198,1890
379367053.082805,2447
379367053.700873,508
379367054.564861,3977
379367057.206079,471
379367060.923863,6064
379367059.929193,784
379367065.096016,2006
379367069.11189,8237
379367070.341605,2340
379367073.374289,1181
379367076.743499,12414
379367080.011016,6998
379367081.772984,12348
379367083.598579,200
379367086.025279,10816
379367088.670155,5918
379367092.683101,2045
379367094.079098,3974
379367096.800757,8851
379367098.721257,145
379367102.552568,4484
379367103.368928,1523
379367106.198657,8853
379367105.888889,731
379367108.720163,12887
379367110.927456,4810
379367112.215028,13183
379367116.195659,6463
379367114.237979,5701
379367116.903123,8778
379367123.829632,732
379367122.057132,8695
379367126.77063,1037
379367128.575064,442
379367133.406857,2325
379367134.825911,6586
379367139.50011,12521
379367141.977621,12515
379367147.796791,6821
379367150.219239,6911
379367151.72452,10249
379367156.623789,5110
379367160.6922,12509
379367163.220054,5080
379367165.954598,678
379367167.269926,737
379367172.863461,2181
379367176.036302,2727
379367179.432233,1626
379367184.027608,12539
379367186.583519,5995
379367187.562201,1194
379367190.0879,459
379367192.268729,12532
379367197.069848,12655
379367202.393483,4718
379367203.503442,3039
379367207.185599,4114
379367212.960835,7776
379367215.187949,2817
379367220.134869,4762
379367230.278133,6911
379367233.88668,1195
379367243.788236,1556
379367246.792777,1744
379367252.004752,865
379367261.424121,11312
379367266.761432,1370
379367274.086867,12620
379367277.594992,12631
379367283.782741,7001
379367288.911068,12619
379367297.856408,8890
379367303.848184,1106
379367309.409023,1463
379367314.438097,291
379367324.54486,601
379367329.330882,12947
379367334.054418,12928
379367341.855483,3024
379367347.567312,9869
379367351.059433,1882
379367358.417015,9964
379367364.591066,918
379367371.330822,6351
379367372.912993,115
379367375.144592,228
379367379.079276,2303
379367382.623257,12771
379367387.1217,2227
379367389.570638,8753
379367391.571288,12856
379367396.504366,6815
379367398.748254,12966
379367403.896776,87
379367410.411007,333
379367413.110984,807
379367414.925054,5463
379367419.181287,792
379367426.415976,12852
379367431.778237,12949
379367436.690655,3181
379367442.874546,1477
379367449.176789,12918
379367455.595514,1994
379367469.248274,3004
379367484.449643,105
379367494.926128,12976
379367499.469412,3982
379367501.955232,12950
379367509.252486,160
379367510.864712,2101
379367515.242986,86
379367517.264689,6694
379367524.391769,6072
379367528.24094,1034
379367530.998883,10619
379367536.227375,2055
379367538.070411,1685
379367543.349686,1156
379367550.670019,11281
379367559.537182,13048
379367572.623501,2131
379367582.706553,300
379367602.138634,107
379367612.300424,13113
379367626.056342,13079
379367629.463804,1801
379367649.90151,1063
379367660.428777,13026
379367667.432139,1193
379367668.36032,1917
379367672.917171,3030
379367677.685682,12395
379367682.789415,13027
379367684.416965,1054
379367687.724828,2850
379367689.396508,1717
379367692.136104,5761
379367695.955329,330
379367697.891478,2308
379367703.867656,13034
379367705.55943,13025
379367707.205376,1832
379367710.458719,13056
379367717.063316,12984
379367718.886401,13022
379367721.808913,7464
379367727.220992,2562
379367728.877326,6214
379367730.82346,765
379367733.162177,4635
379367738.168977,89
379367738.71623,1671
379367744.499264,9251
379367746.34984,12923
379367750.942751,12892
379367752.6077,1567
379367755.869084,8622
379367760.248743,2421
379367762.131142,112
379367766.886037,12857
379367770.820873,3044
379367774.50571,1415
379367772.684752,771
379367781.029369,9207
379367801.763372,12828
379367813.721375,13237
379367833.407613,5303
379367845.450229,649
379367858.317498,6825
379367872.488368,1680
379367897.598475,7727
379367909.932832,1308
379367924.27535,9587
379367944.600324,208
379367965.607064,10573
379367978.878761,12671
379367993.429901,12823
379368004.907625,12608
379368022.366572,13048
379368034.306658,4539
379368048.337575,654
379368065.891349,12686
379368077.418563,9776
379368090.218206,4109
379368109.095951,6292
379368117.141803,12467
379368131.26604,2279
379368147.6879,730
379368160.596568,1465
379368170.865182,6287
379368190.446668,1500
379368205.52583,683
379368216.36906,12716
379368225.35874,13231
379368246.010363,12267
379368260.756854,252
379368271.795486,605
379368279.875548,454
379368290.145426,581
379368300.535791,5168
379368316.133199,12242
379368326.206024,8039
379368335.042871,11646
379368342.327555,1813
379368358.412199,93
379368367.649442,12350
379368387.689558,12334
379368397.323489,92
379368411.377701,600
379368429.100705,288
379368447.956233,1533
379368464.559203,12472
379368472.565587,4927
379368492.886759,12545
379368500.739154,10316
379368508.553878,5043
379368511.090386,3296
379368514.751322,1730
379368517.137735,3477
379368523.887557,2481
379368540.811868,12587
379368549.625871,3156
379368560.470273,12630
379368572.147903,12557
379368580.045804,1566
379368589.478345,12942
379368597.592157,8876
379368609.504516,13316
379368626.395902,12690
379368640.715953,12694
379368660.829047,12722
379368672.889797,446
379368684.72987,8404
379368696.78808,2863
379368707.140237,12789
379368716.818994,523
379368733.497229,1801
379368742.66008,12844
379368768.951246,12904
379368785.691436,4256
379368799.421111,744
379368812.839128,86
379368831.184384,2400
379368853.016028,228
379368865.017556,13058
379368873.893139,2424
379368890.312482,309
379368900.428128,345
379368914.619324,1467
379368927.317679,1498
379368948.168683,167
379368978.920609,10279
379368996.532961,8775
379369011.425538,13067
379369031.496165,89
379369047.887153,13175
379369064.192932,12981
379369072.482179,2762
379369085.607583,8808
379369094.628462,99
379369107.135813,13113
379369124.149441,644
379369136.926463,13270
379369138.958641,12884
379369140.936271,13036
379369147.021956,2835
379369147.1882,13003
379369147.773101,1440
379369152.477697,12811
379369151.066399,196
379369153.600279,1157
379369155.451579,12806
379369158.524505,266
379369158.008805,2107
379369162.776407,13113
379369164.569798,6569
379369167.400379,3638
379369168.735898,9203
379369171.171819,11429
379369171.005435,2887
379369173.805708,5703
379369177.720641,2288
379369179.476726,4503
379369179.419857,1584
379369182.22485,5984
379369184.123591,9290
379369187.383198,12789
379369190.117075,4496
379369191.549876,3648
379369192.077824,2630
379369199.139438,1335
379369200.520284,12749
379369203.81138,12751
379369204.808636,1082
379369210.905996,4005
379369214.607461,11508
379369219.876635,12741
379369218.390105,1740
379369224.562464,12749
379369228.820271,4149
379369243.439513,306
379369255.199864,10796
379369261.003879,12997
379369265.44886,4173
379369273.651829,9490
379369277.785998,12687
379369292.403056,3985
379369311.77714,5153
379369323.793236,8369
379369324.653305,9255
379369331.70542,3155
379369335.659412,6794
379369335.205916,3804
379369341.188457,7924
379369344.767039,7872
379369346.235017,139
379369349.248666,12806
379369351.545843,12633
379369354.55793,13293
379369358.691233,13318
379369359.545259,647
379369363.511138,12781
379369369.729527,12860
379369371.415605,13117
379369375.17687,10957
379369376.717362,4213
379369385.454321,11714
379369392.700496,12478
379369395.245881,3470
379369397.657003,4071
379369405.929572,9470
379369415.439636,8546
379369426.532742,1478
379369439.867295,1610
379369460.882166,12427
379369465.092424,144
379369474.232859,1348
379369482.791039,299
379369487.423273,931
379369492.288683,1038
379369497.558045,108
379369500.535998,11584
379369504.903923,4109
379369515.094047,1743
379369519.631575,2943
379369526.85095,2641
379369540.151881,1094
379369558.394639,12377
379369570.96976,12501
379369581.146703,12281
379369595.355546,147
379369612.086819,1376
379369630.621943,432
379369636.746955,12943
379369655.960206,1531
379369666.986967,1740
379369674.413175,103
379369680.61843,4467
379369693.571608,4487
379369718.599194,12850
379369731.448609,847
379369736.357599,12437
379369743.850401,9417
379369762.441183,1983
379369779.687738,2076
379369797.298222,12656
379369807.865278,1526
379369820.13761,10907
379369833.387755,1471
379369845.598837,2783
379369857.233484,5480
379369882.647528,2931
379369892.945744,12599
379369896.230482,12699
379369909.013546,12437
379369919.65306,169
379369940.386943,763
379369949.19931,8186
379369963.218486,128
379369981.773256,9775
379369984.768343,95
379369998.160569,2994
379370007.473229,12722
379370022.073632,13012
379370032.400316,12806
379370049.769064,952
379370069.371705,12767
379370088.132024,134
379370101.184032,5105
379370114.642496,1483
379370135.038705,457
379370146.433041,234
379370157.211759,12967
379370174.841301,8194
379370194.133234,1852
379370202.358334,92
379370226.158976,282
379370244.470006,476
379370251.61298,13280
379370258.67652,13117
379370275.490712,338
379370296.944506,818
379370307.775056,218
379370326.147688,13055
379370333.592652,5502
379370338.429995,10594
379370350.539657,5325
379370360.925976,237
379370390.076716,634
379370406.715445,13075
379370426.643054,13092
379370451.938611,126
379370461.353732,7440
379370470.523992,6904
379370487.359771,1839
379370500.143974,1431
379370511.112648,12967
379370527.838529,10926
379370542.963065,997
379370557.558005,1520
379370568.175634,12288
379370577.688318,12742
379370588.721028,1751
379370595.1318,8181
379370598.889499,1800
379370604.951248,761
379370613.532363,12685
379370620.671002,1354
379370628.3346,735
379370633.395217,12800
379370646.326489,1669
379370661.183122,1560
379370673.077379,1471
379370686.322328,12570
379370694.924465,101
379370703.733021,13049
379370712.824264,12506
379370723.793628,12535
379370734.487434,8996
379370741.379469,4253
379370752.22993,12300
379370773.490955,9476
379370789.162772,12488
379370806.07933,339
379370824.733109,1514
379370841.342854,6495
379370850.897788,801
379370859.208673,1467
379370879.188407,1757
379370895.514496,475
379370913.015821,12255
379370926.575103,12352
379370942.193625,982
379370953.400503,12690
379370963.826565,10990
379370979.122279,12265
379371003.160933,12453
379371011.090869,2469
379371019.90833,4633
379371028.189946,12410
379371042.492608,4734
379371054.275877,12810
379371065.29923,243
379371086.228801,1526
379371099.832714,126
379371108.063913,1723
379371114.003252,1745
379371123.511961,10312
379371137.497813,6482
379371149.712363,13284
379371165.833637,82
379371180.080244,5435
379371193.107337,12544
379371212.414322,12539
379371222.55514,12989
379371241.189961,98
379371258.429235,7904
379371279.257214,12696
379371291.730867,12715
379371303.138805,1285
379371315.114182,390
379371327.381587,206
379371339.765696,12807
379371347.043087,1476
379371373.737909,639
379371384.969844,5933
379371399.255616,13027
379371407.424691,7912
379371420.035651,4019
379371433.845297,13018
379371445.692631,750
379371456.592219,1191
379371477.58621,3877
379371489.892593,2522
379371504.6126,13026
379371521.16584,13019
379371531.002105,8255
379371541.167453,499
379371558.763056,11465
379371578.178004,13046
379371588.694772,611
379371600.681515,13092
379371611.552493,367
379371617.556552,12507
379371633.791615,1729
379371648.069611,2907
379371666.752327,123
379371676.800448,9946
379371694.697948,2531
379371704.952422,7562
379371728.199471,9288
379371741.428041,2911
379371761.379639,668
379371766.902052,8617
379371781.874063,578
379371790.909987,12915
379371802.19427,631
379371826.741844,12859
379371837.736272,8985
379371848.542865,950
379371852.228253,4798
379371863.669727,12110
379371878.473976,1725
379371888.434184,84
379371904.088174,7534
379371914.89955,1475
379371922.625119,425
379371940.23961,1382
379371946.104322,324
379371958.656381,6819
379371978.086288,162
379371985.80124,12651
379371996.627159,8376
379372008.501458,12605
379372027.765187,11686
379372048.846929,4584
379372062.574603,5323
379372075.755725,12894
379372086.752786,12575
379372100.895834,1482
379372107.455928,1459
379372119.120682,109
379372127.461646,2400
379372145.502757,3691
379372157.11203,5730
379372167.270098,8251
379372182.244181,12372
379372199.822808,4436
379372211.987875,4648
379372224.602125,4615
379372234.728934,5399
379372251.449731,11767
379372271.24808,7674
379372281.824736,12288
379372297.727818,12324
379372308.295124,12462
379372319.663549,12451
379372330.752859,395
379372343.755884,12373
379372354.903244,12326
379372364.984423,1521
379372376.74682,12354
379372386.18148,12387
379372399.752294,160
379372410.882599,8126
379372418.918846,1405
379372438.812883,12700
379372457.055069,12497
379372462.64011,1696
379372474.659708,184
379372487.805933,1137
379372496.73047,1768
379372514.404307,12594
379372521.147873,3788
379372529.791403,1776
379372540.62975,207
379372557.51658,12747
379372567.011378,355
379372579.391491,12622
379372585.567666,2887
379372601.702529,512
379372610.996915,3376
379372621.005197,12676
379372642.80114,2108
379372655.738783,426
379372667.675716,12791
379372681.252434,7573
379372698.562496,4378
379372710.526708,3517
379372732.232915,12778
379372742.183364,516
379372756.573183,12888
379372767.871088,8500
379372776.693887,92
379372792.415311,8544
379372806.659509,13240
379372819.969556,12666
379372832.651533,11659
379372845.675137,1700
379372856.700718,8903
379372865.003165,13085
379372872.913377,140
379372884.557985,13034
379372896.522064,1720
379372911.662616,13073
379372926.414903,133
379372947.32123,4309
379372958.200659,12921
379372972.994238,12633
379372993.979845,13104
379373017.352263,93
379373030.808564,13201
379373048.395646,4656
379373058.717987,1795
379373068.873746,1742
379373074.508931,13125
379373093.448769,1807
379373104.389527,13043
379373123.495982,1467
379373139.151467,1688
379373152.334095,6197
379373166.786748,3230
379373184.522496,13072
379373194.550488,10532
379373203.941878,1499
379373224.249565,4982
379373235.137933,12737
379373254.031163,10958
379373262.928921,1758
379373272.203577,1704
379373286.321848,3821
379373294.534333,1489
379373306.601189,3200
379373318.062549,12735
379373326.268887,1489
379373338.239774,1351
379373343.919716,5603
379373350.636025,452
379373358.162736,137
379373370.068847,1420
379373386.537582,12452
379373397.058176,12549
379373412.819513,1738
379373426.294955,3848
379373447.283558,12455
379373461.723482,4396
379373472.302908,12585
379373493.938414,5108
379373502.93671,2183
379373515.755041,2307
379373530.385725,1550
379373543.077966,122
379373551.244971,1500
379373562.729166,12309
379373572.582561,12614
379373584.903849,1741
379373596.53569,12256
379373610.947538,7109
379373618.763339,12233
379373633.47728,12232
379373644.725519,6629
379373653.269909,647
379373669.124898,12304
379373682.25366,940
379373696.826047,10849
379373714.979223,3722
379373725.654445,1371
379373745.942725,3992
379373762.855779,1463
379373782.727091,8553
379373796.921136,1458
379373809.206113,12474
379373814.72546,1536
379373835.165261,12589
379373850.487571,97
379373865.88639,1478
379373874.830536,717
379373888.412665,4100
379373918.989163,12652
379373930.863326,6635
379373951.456723,12664
379373968.413394,12410
379373981.13401,882
379373990.938376,13167
379374001.880408,12969
379374018.035465,1445
379374026.589337,3798
379374039.737318,7034
379374046.716105,2673
379374073.70478,564
379374085.270444,205
379374097.173543,103
379374113.28977,1819
379374130.751941,1777
379374145.886818,1757
379374164.012288,7461
379374188.771715,13105
379374195.28848,13071
379374205.561441,1607
379374213.995224,95
379374230.641641,1507
379374241.097975,11568
379374270.491296,6983
379374285.247402,13119
379374299.40818,1745
379374309.568105,13027
379374316.625141,9172
379374327.71906,1871
379374344.721747,5476
379374354.353586,5854
379374370.61082,144
379374379.289837,12250
379374394.279185,7940
379374416.074295,12873
379374424.139683,282
379374445.790465,1797
379374454.478885,1742
379374465.19615,144
379374487.297561,12855
379374505.485938,6452
379374516.33971,12955
379374532.464044,12892
379374545.051512,5146
379374559.606711,4933
379374570.668613,12894
379374576.76059,13299
379374593.734786,111
379374600.533329,403
379374616.532335,11062
379374626.108476,4021
379374632.899951,12943
379374646.43746,4678
379374662.086207,3346
379374683.278707,12557
379374702.217607,5501
379374720.890427,4976
379374730.548125,1813
379374743.886455,1490
379374759.339469,4677
379374771.525017,12678
379374782.253988,12411
379374797.475985,12467
379374811.104975,10828
379374832.228453,12373
379374848.970649,3304
379374868.387791,11828
379374880.261123,2221
379374897.425998,13142
379374911.027439,1223
379374917.631713,3297
379374930.547329,1725
379374945.654063,6085
379374958.021997,88
379374965.574044,12007
379374975.823075,5127
379374988.359702,1513
379374995.771154,12404
379375006.907764,1483
379375013.658307,10019
379375019.993819,1719
379375033.03411,12359
379375047.313218,89
379375064.395625,13032
379375070.985502,1332
379375083.864285,12424
379375092.867843,12546
379375104.479884,1591
379375114.730043,4551
379375126.848859,12496
379375141.843236,572
379375155.700789,141
379375169.470783,1743
379375183.679727,6773
379375195.600679,12636
379375213.002575,97
379375221.438968,163
379375238.200597,5809
379375253.820348,6035
379375260.338947,1728
379375283.178184,7038
379375299.952386,12767
379375311.560976,12731
379375321.525584,871
379375339.961991,12736
379375359.620714,12764
379375370.047012,777
379375384.937525,1449
379375398.544605,204
379375414.44444,6228
379375430.568125,6189
379375443.03387,12949
379375450.058306,10587
379375459.806378,1054
379375469.859764,1420
379375481.345211,5949
379375503.865028,1743
379375515.828314,12965
379375523.053663,6981
379375538.204228,7512
379375550.426965,5445
379375559.816805,13107
379375573.88457,13126
379375583.444756,6502
379375595.649353,13303
379375606.352607,321
379375611.666975,7391
379375630.707091,144
379375642.010527,4162
379375660.610587,10362
379375680.318185,125
379375691.422859,12941
379375694.659522,13186
379375710.383505,1959
379375717.46534,12991
379375725.062298,9161
379375730.927751,13169
379375739.859062,12931
379375746.731011,13281
379375777.715115,11785
379375801.805157,12837
379375810.302883,11579
379375827.661093,13217
379375838.311783,149
379375854.100461,6891
379375865.260275,1001
379375883.509493,12681
379375894.359086,1539
379375908.12317,4227
379375917.959251,12874
379375939.974196,12635
379375955.871737,1077
379375968.465413,7011
379375980.662441,364
379376005.985443,12726
379376014.217003,12800
379376026.401102,92
379376035.500203,4675
379376046.232315,320
379376060.624838,12718
379376070.27204,359
379376079.006306,772
379376096.817467,12844
379376110.120508,145
379376126.771164,352
379376143.982634,12773
379376157.727833,2107
379376166.7448,126
379376175.758781,8974
379376190.421518,9272
379376196.40686,12315
379376204.569933,11947
379376215.197269,12335
379376223.049206,610
379376232.984577,2571
379376245.095531,8753
379376251.014829,1747
379376261.742859,2571
379376284.257244,1502
379376302.113233,12282
379376322.117113,592
379376328.737543,12309
379376343.782449,102
379376359.789534,2410
379376373.512828,2620
379376385.926236,6372
379376392.199118,12169
379376410.798024,4153
379376424.352536,1986
379376440.851823,10690
379376449.757242,12723
379376471.393302,12555
379376481.969269,2473
379376496.560107,99
379376504.511787,352
379376518.258285,12903
379376525.037692,3505
379376532.230989,5609
379376547.490192,6563
379376558.325902,5463
379376571.560736,121
379376582.116397,149
379376593.62006,1746
379376608.787003,12654
379376626.872109,12539
379376638.588584,2544
379376649.422832,12807
379376663.905579,8953
379376673.763368,1491
379376686.558215,8855
379376702.265485,3657
379376709.163683,13163
379376728.717952,3904
379376733.074143,105
379376745.623591,4589
379376763.897855,12056
379376768.528209,4387
379376784.355658,1793
379376792.463765,1887
379376803.260622,12963
379376815.205669,12972
379376822.961713,98
379376837.755851,4677
379376852.134957,13017
379376869.76846,1746
379376882.736799,12986
379376895.328082,1317
379376913.289866,2360
379376929.600796,577
379376942.691429,13110
379376954.945758,1523
379376962.878272,13056
379376979.378397,5443
379376988.271547,7032
379377010.254642,13027
379377023.399485,1482
379377040.990736,129
379377054.17536,9310
379377067.687635,332
379377083.095539,1464
379377097.528614,228
379377104.859426,12890
379377113.850414,12936
379377130.39139,135
379377143.789353,11675
379377160.610718,5151
379377179.673039,12849
379377187.451714,12797
379377197.731495,13049
379377212.374817,1477
379377229.222665,12991
379377245.198518,12696
379377260.641248,12657
379377285.939009,12630
379377301.644065,1528
379377315.500422,253
379377331.159602,9622
379377344.875216,13098
379377364.589194,5704
379377378.964203,384
379377402.105175,12454
379377408.036422,13335
379377413.306577,1480
379377425.4307,684
379377431.798535,1470
379377449.921994,12393
379377469.028412,1266
379377478.217605,12316
379377497.292084,12428
379377519.411982,4316
379377535.521106,12322
379377544.149034,10708
379377553.834691,1161
379377566.446617,12255
379377580.776889,253
379377589.85387,1414
379377602.716894,11278
379377616.554372,9570
379377628.287002,659
379377651.763756,1085
379377661.573665,9554
379377675.293052,12807
379377681.330594,1535
379377688.868088,123
379377707.985354,97
379377720.904458,12428
379377728.716371,256
379377740.903384,12509
379377754.392871,12481
379377770.741948,12514
379377783.449713,9049
379377801.113763,12582
379377814.290156,1293
379377838.469736,102
379377847.832769,1806
379377862.271867,4540
379377873.926674,12667
379377893.117455,12708
379377904.294108,1475
379377924.487219,1296
379377935.618042,1752
379377958.192983,4569
379377972.485464,1740
379377990.192738,1699
379378009.822455,12976
379378022.367455,12926
379378027.635642,1163
379378044.341918,223
379378053.624748,11617
379378065.80952,392
379378076.631987,991
379378088.440112,1697
379378112.519271,303
379378130.8703,249
379378148.121142,13013
379378162.664141,120
379378178.50915,143
379378191.904178,13061
379378199.692256,1668
379378220.389627,13258
379378238.507715,789
379378258.746581,13186
379378272.785224,7083
379378293.078813,10217
379378305.404186,1749
379378315.768952,100
379378328.260064,13156
379378336.902962,13042
379378350.065657,128
379378362.388484,138
379378380.390374,4700
379378391.254475,1679
379378406.897153,123
379378423.443,3399
379378430.244498,12897
379378446.725327,4020
379378456.587958,12792
379378464.502431,12946
379378481.374839,1548
379378491.196253,12804
379378506.135507,7546
379378522.643683,11034
379378533.850177,1889
379378545.742824,12819
379378556.17771,10245
379378565.805459,12703
379378578.297256,86
379378601.080864,6956
379378615.79973,288
379378633.143022,12595
379378648.957025,12602
379378665.690506,12568
379378674.970948,6727
379378692.091933,1371
379378709.924127,134
379378719.877128,108
379378729.85918,299
379378739.487844,12516
379378752.36601,12456
379378767.765464,1743
379378786.737671,10211
379378803.897428,12366
379378816.401453,12516
379378843.50697,12476
379378866.061376,150
379378880.015448,12465
379378885.738277,249
379378899.791428,558
379378915.757479,1729
379378932.818288,12381
379378945.538387,12569
379378957.210567,3211
379378971.391071,561
379378988.482355,284
379378997.283031,12400
379379024.726774,1192
379379035.483925,6364
379379046.835415,12416
379379053.883208,9511
379379068.838835,304
379379079.339284,6070
379379082.582757,8364
379379097.160227,588
379379111.215929,12540
379379127.006952,13072
379379146.562148,12532
379379155.562124,1712
379379166.517926,225
379379180.083014,146
379379193.840596,13241
379379200.851984,129
379379216.563482,12632
379379234.83239,6878
379379241.782502,96
379379251.669999,1795
379379270.307558,251
379379278.594424,467
379379293.279095,8282
379379323.095378,12801
379379336.579099,4746
379379345.47971,12794
379379358.236607,12844
379379362.965966,2220
379379376.935592,95
379379383.677099,415
379379398.865875,12841
379379409.092924,5722
379379418.164642,227
379379424.569664,2166
379379448.624011,12913
379379464.204954,8642
379379475.231883,13035
379379486.912641,4498
379379496.448281,1753
379379514.492753,12976
379379531.526535,7655
379379538.779224,1587
379379554.159135,771
379379566.420513,5818
379379579.019482,1625
379379593.933555,2976
379379610.970138,5956
379379632.741158,7462
379379641.678629,152
379379657.624749,1765
379379677.79753,3095
379379685.430876,9408
379379700.109117,12936
379379711.375931,1744
379379725.163888,1211
379379735.652177,12882
379379747.155264,11531
379379765.64562,9029
379379775.569395,1526
379379784.719375,7093
379379803.694237,7308
379379824.625028,1995
379379834.735124,6065
379379848.018881,2893
379379869.010788,12983
379379880.701805,12654
379379893.59442,11448
379379908.379732,2234
379379925.446547,12809
379379937.39051,12822
379379952.70997,12604
379379970.184289,12615
379379995.215832,2920
379380008.281365,1560
379380019.225898,9504
379380034.480764,1843
379380044.232947,3199
379380066.874013,7197
379380077.699761,12452
379380090.662992,5946
379380105.448501,1521
379380115.791943,12737
379380139.472983,12631
379380151.108367,12347
379380164.436385,6220
379380175.12206,10520
379380195.690857,9088
379380208.814708,3727
379380216.199955,12455
379380228.098558,424
379380244.918113,1476
379380254.911564,12313
379380272.648961,12310
379380284.062562,8284
379380305.331902,2328
379380314.648443,12782
379380326.563682,4507
379380341.582384,12434
379380356.327978,12385
379380372.198192,13224
379380383.585477,5547
379380399.81391,12612
379380421.1668,1723
379380430.870624,4099
379380437.757891,13325
379380449.784511,141
379380461.239058,1521
379380480.503538,12440
379380486.394438,363
379380494.666219,7410
379380521.007665,12125
379380525.968386,1646
379380538.248169,7277
379380557.783392,11796
379380569.941509,233
379380584.359029,12701
379380597.882654,12689
379380604.860173,13061
379380614.948507,477
379380640.233568,9689
379380663.79939,116
379380675.460687,1220
379380692.348698,209
379380706.504789,12832
379380714.767116,1889
379380725.057536,4330
379380742.282519,1530
379380757.256566,1969
379380775.785278,1199
379380780.03906,6452
379380794.804077,107
379380805.003165,3649
379380823.448636,320
379380826.975973,13017
379380835.058769,13070
379380857.717521,11077
379380870.578366,89
379380879.253401,13096
379380896.74672,8628
379380909.060167,1276
379380918.449816,88
379380925.530204,4797
379380931.167978,13012
379380945.008252,4166
379380957.615508,13290
379380967.196644,2389
379380982.801308,260
379381001.53213,562
379381015.45549,12948
379381034.698701,5655
379381040.579078,1639
379381054.127785,11138
379381064.612193,127
379381077.797872,1232
379381086.751877,96
379381097.228023,1016
379381110.702047,1691
379381125.195439,10779
379381136.08615,12974
379381146.306042,12806
379381157.804759,233
379381179.204643,12752
379381195.311097,12681
379381219.224985,9602
379381231.495606,12885
379381244.717515,1509
379381252.037006,1779
379381262.914443,7958
379381276.567879,2016
379381294.771157,8516
379381302.722089,4675
379381327.595888,12342
379381337.993938,12560
379381355.280278,1229
379381366.695028,12546
379381383.821526,5439
379381400.573627,12469
379381416.113363,12591
379381434.601516,3333
379381443.852291,846
379381461.588952,7681
379381479.276944,1412
379381487.81451,12381
379381502.476383,1574
379381513.595021,12488
379381522.016015,12543
379381536.090373,12619
379381557.378513,1763
379381577.753456,12243
379381590.414966,12488
379381596.566405,1264
379381616.749168,11505
379381631.300444,12403
379381649.97365,1950
379381660.356514,3820
379381669.001096,12538
379381674.755256,6974
379381694.042948,2183
379381712.397837,12459
379381724.230295,1565
379381733.562019,170
379381742.752325,12650
379381764.048373,6405
379381781.486832,12502
379381796.013259,668
379381805.909685,4452
379381813.451875,1881
379381829.497805,10078
379381848.084432,768
379381859.447478,12722
379381880.947775,9179
379381887.596345,1899
379381897.321758,3707
379381910.87389,1319
379381924.803905,12789
379381936.13197,12811
379381951.882373,12729
379381963.616206,12813
379381982.467119,1711
379381994.857794,1634
379382008.033084,2001
379382033.080225,13011
379382043.947582,348
379382055.247517,12894
379382077.914377,1810
379382104.76367,8372
379382120.193387,11039
379382145.245257,495
379382153.385565,10808
379382171.734805,564
379382183.375865,8851
379382195.939786,3949
379382216.480135,13350
379382230.242682,1200
379382237.33629,12170
379382248.099601,13035
379382256.922626,88
379382267.922821,1682
379382274.554724,13044
379382288.106989,1456
379382302.766769,1730
379382313.79081,13285
379382320.171253,410
379382333.909166,12914
379382351.120697,739
379382364.695309,130
379382377.969717,480
379382382.426934,2121
379382400.010213,9267
379382417.252153,1457
379382426.435445,12857
379382435.892805,6123
379382445.954648,2604
379382451.70071,7415
379382460.147985,10597
379382476.372894,167
379382487.572228,8293
379382502.192302,3249
379382517.002297,122
379382526.801659,1743
379382535.879671,10697
379382550.025377,12644
379382563.725511,3155
379382579.233196,9290
379382591.20925,12930
379382600.237977,6036
379382612.293751,10853
379382627.27933,8742
379382651.771986,12600
379382660.608317,12650
379382671.890197,12576
379382683.737694,11035
379382699.376827,1462
379382705.406767,12458
379382715.357964,1930
379382728.969773,1135
379382749.865481,2079
379382763.082184,3553
379382778.757976,7726
379382792.292244,7453
379382801.914253,4892
379382809.774719,6645
379382821.748469,12338
379382830.702029,9744
379382842.698907,82
379382860.793527,12850
379382873.290832,10143
379382883.446211,1540
379382899.911778,12275
379382907.399226,2138
379382920.117352,12352
379382933.778827,10514
379382944.515591,8177
379382956.393712,4361
379382973.410914,12403
379382986.214506,13024
379383015.383972,12374
379383021.143722,9169
379383033.374634,6252
379383045.071778,5323
379383062.670178,1773
379383080.612426,12457
379383097.099595,242
379383104.708467,637
379383119.846617,112
379383125.906207,12649
379383136.754394,12743
379383152.791444,12641
379383164.607758,8637
379383181.640121,13019
379383189.936664,578
379383204.202763,11053
379383220.315861,1463
379383232.476611,13337
379383244.656452,1669
379383255.376809,13008
379383267.544749,9973
379383280.98528,12851
379383288.834318,1780
379383301.407496,7148
379383308.097457,11788
379383317.905773,1759
379383330.885832,1759
379383340.393514,12807
379383350.098758,4693
379383362.658196,387
379383375.291251,642
379383383.746777,3094
379383397.136045,5520
379383415.437705,6739
379383436.109304,13257
379383448.210006,1651
379383460.725364,437
379383476.291168,98
379383489.267001,7925
379383504.9444,13003
379383513.021257,107
379383523.203644,13144
379383532.19657,84
379383547.867576,9283
379383559.47784,157
379383575.71502,4178
379383597.808866,9455
379383608.838929,6896
379383626.69483,2735
379383638.283131,244
379383653.781535,11863
379383669.290402,6229
379383683.400891,12942
379383692.001891,5549
379383700.635417,5166
379383721.429941,12946
379383740.153808,13038
379383747.00329,233
379383755.621529,10929
379383771.726899,7539
379383797.403989,4019
379383812.790991,1832
379383819.826625,3219
379383838.402876,12763
379383848.132206,5986
379383867.047346,4996
379383876.80162,1493
379383888.608938,3853
379383901.547739,6660
379383917.104042,1097
379383934.466133,1575
379383953.32659,220
379383960.195073,1456
379383966.250809,12571
379383982.37863,5386
379383992.192616,428
379384001.776983,12482
379384013.101953,105
379384029.962396,12888
379384041.858172,137
379384057.152294,11541
379384063.84989,12399
379384078.597207,662
379384085.855995,12687
379384099.75473,1839
379384106.976548,7177
379384114.795264,994
379384130.657497,12360
379384140.167278,637
379384160.195174,1707
379384172.238163,7486
379384184.679747,3196
379384204.38973,98
379384215.878542,717
379384223.804119,4108
379384242.076214,12305
379384258.648473,926
379384270.633224,679
379384286.37708,122
379384304.260539,1127
379384315.368412,1729
379384326.166113,214
379384332.051093,5197
379384348.889557,12476
379384362.516873,13009
379384374.220052,92
379384384.399358,1459
379384398.245288,10644
379384414.234431,10810
379384426.300125,262
379384437.469151,7350
379384447.344958,9745
379384456.48319,7748
379384471.550699,627
379384478.358133,112
379384493.762754,11822
379384499.569732,12645
379384504.991803,9544
379384524.802793,7525
379384531.960755,12687
379384551.69072,547
379384563.538871,10746
379384570.429975,2080
379384582.000888,1911
379384596.112938,7955
379384607.302779,4247
379384626.535769,10092
379384636.492425,183
379384648.354521,12737
379384661.73696,12859
379384679.897902,13014
379384697.566056,13167
379384707.475075,9210
379384722.171936,11742
379384737.187385,7582
379384742.784353,12965
379384765.680269,12952
379384774.010435,13304
379384787.239405,10233
379384798.582229,12976
379384811.07535,381
379384824.30033,328
379384837.490301,1647
379384851.004271,1505
379384866.13564,587
379384883.544248,1603
379384895.158798,13078
379384901.062283,329
379384911.796149,13026
379384927.521189,345
379384948.795769,1480
379384966.834484,13020
379384977.053691,4359
379384995.21224,796
379385013.494276,2085
379385025.833021,4599
379385039.003856,12881
379385047.503919,1501
379385061.785884,12809
379385074.64587,7539
379385091.131077,10048
379385103.133106,388
379385127.179602,2554
379385132.429641,5270
379385151.492251,547
379385159.580844,4434
379385171.581695,12326
379385189.397489,12403
379385201.321328,4662
379385216.164499,4474
379385231.068893,1541
379385248.119861,8971
379385259.98569,188
379385269.772638,797
379385281.782809,12637
379385289.07343,3887
379385303.904075,1284
379385315.672477,9817
379385330.266704,1028
379385346.558287,1048
379385366.166925,4618
379385377.983129,1145
379385382.765603,12539
379385402.771045,9542
379385416.565289,1502
379385437.736772,12363
379385453.76511,12443
379385464.774588,2141
379385469.422755,310
379385484.059711,5853
379385489.580261,12484
379385510.605269,9011
379385525.049423,12286
379385537.442932,12243
379385550.216406,12277
379385562.488196,9911
379385582.399943,12470
379385593.313421,157
379385607.061616,1241
379385611.179249,560
379385620.336761,6864
379385630.410277,6933
379385640.367981,9690
379385651.26031,3666
379385655.358762,1444
379385680.313491,11998
379385689.672497,119
379385700.541784,12532
379385711.855746,645
379385722.474736,7936
379385736.459443,1779
379385746.716453,5858
379385765.803009,451
379385780.984773,12619
379385792.420363,12956
379385811.261844,12561
379385824.747659,12609
379385840.110263,12624
379385860.972827,12676
379385868.450172,9076
379385894.430116,12756
379385906.467255,13023
379385917.791845,1449
379385940.752454,12732
379385953.40141,12767
379385967.476051,812
379385974.981668,8516
379385985.746303,12854
379386005.093814,1731
379386024.752668,6336
379386038.027067,10837
379386053.462972,5833
379386064.545802,12977
379386076.431037,141
379386093.737695,1619
379386105.118255,12954
379386121.005132,9131
379386128.971468,5968
379386141.639108,832
379386163.043112,13074
379386172.703643,3703
379386190.345725,13062
379386197.70546,13120
379386210.368567,3257
379386220.039836,4091
379386242.310577,13032
379386255.119628,276
379386261.838053,13028
379386273.523854,13052
379386288.463479,12256
379386307.110776,7646
379386325.571708,4946
379386343.237907,1445
379386357.494495,10102
379386372.16658,13003
379386390.277561,13054
379386403.502796,7032
379386412.984637,6563
379386428.17214,2759
379386440.361292,12832
379386457.836557,6109
379386469.854504,3264
379386489.134806,12709
379386499.48401,509
379386503.807251,12678
379386511.256228,575
379386519.172041,12680
379386536.799611,7422
379386568.036335,172
379386589.520782,9128
379386597.892476,1323
379386611.756475,12726
379386624.111939,12532
379386633.083328,1449
379386647.429823,12975
379386664.363545,12560
379386686.119876,1803
379386696.667824,1716
379386708.355671,12533
379386718.15034,1748
379386728.175399,12466
379386743.532789,12481
379386764.714522,12378
379386779.207593,1890
379386796.175801,1318
379386808.789476,12325
379386830.785169,164
379386841.214218,12226
379386847.794576,12334
379386854.342862,12358
379386871.573798,9209
379386880.766245,94
379386893.965079,12775
379386904.881053,11578
379386916.785425,8894
379386927.626442,521
379386943.65092,12943
379386950.64022,12415
379386968.176717,108
379386981.822573,1633
379386996.450815,5257
379387005.020834,12448
379387013.668904,8117
379387028.666295,1225
379387041.623854,12532
379387055.598821,12482
379387062.096855,251
379387077.399925,12524
379387097.964408,2916
379387118.566357,9939
379387128.874252,12666
379387143.23069,147
379387162.653654,9351
379387170.424013,1786
379387187.078204,8892
379387206.153759,4808
379387223.437574,292
379387233.039411,12755
379387244.310245,9132
379387257.028214,91
379387270.983397,224
379387286.226366,94
379387297.391516,1296
379387303.621102,12803
379387317.736534,2601
379387329.507662,1961
379387347.83107,287
379387370.957868,5099
379387378.058225,12948
379387391.911344,13032
379387404.547544,96
379387421.874554,12958
379387430.567795,12994
379387437.282227,120
379387448.091745,220
379387453.25729,3489
379387465.614751,11799
379387480.560431,5774
379387493.826923,1978
379387506.985084,13098
379387522.82267,13158
379387542.056369,13063
379387548.619045,87
379387557.060366,115
379387573.628357,13185
379387582.861745,7476
379387603.483051,12956
379387612.704591,834
379387628.229287,107
379387644.99882,5277
379387654.229784,5537
379387666.111827,12896
379387678.526035,1970
379387695.064239,2726
379387707.892536,619
379387720.045978,1720
379387733.98442,1718
379387746.609514,12794
379387763.87259,881
379387775.023913,1681
379387798.856511,12737
379387804.863694,12737
379387819.180445,12066
379387828.608257,1491
379387836.693564,345
379387846.89058,12658
379387855.089482,12777
379387872.541853,12616
379387882.577416,4152
379387906.609081,13261
379387909.314271,7900
379387917.143829,9532
379387935.617659,12667
379387951.02038,8109
379387969.584167,3805
379387984.806588,1800
379388002.317041,150
379388013.159703,12515
379388024.27372,1393
379388039.814765,102
379388052.834822,12514
379388075.739217,12386
379388089.019246,12340
379388094.886364,10295
379388101.993226,825
379388115.75904,1787
379388124.746228,2233
379388130.995545,1666
379388149.648474,12649
379388163.487497,12258
379388174.487838,12441
379388198.503533,1777
379388223.24552,1769
379388239.048688,1540
379388248.365993,8399
379388264.955701,280
379388277.445154,786
379388294.363567,7063
379388304.311394,2180
379388324.391797,5097
379388328.215925,421
379388344.851107,147
379388353.505721,12506
379388367.168696,6920
379388379.927629,1300
379388387.203465,434
379388400.014955,12571
379388407.987798,1570
379388423.713395,12497
379388440.013973,12875
379388454.251365,11109
379388469.594017,1475
379388480.255859,1357
379388490.018924,12595
379388514.368016,1481
379388530.349543,12706
379388537.53799,12701
379388553.183839,553
379388567.316858,273
379388584.118652,691
379388601.137566,3818
379388615.505443,5360
379388628.625017,12838
379388638.704904,5387
379388660.680313,12866
379388689.952345,9307
379388702.153603,8808
379388712.314488,2526
379388724.495986,932
379388743.967247,13133
379388761.879627,806
379388783.559702,1916
379388797.151503,289
379388809.794627,13007
379388820.835494,1468
379388836.857674,6505
379388849.872719,197
379388867.125352,1429
379388880.014137,13126
379388893.719047,305
379388903.255088,13047
379388914.008637,13021
379388926.230406,1462
379388933.978652,221
379388947.728116,12984
379388959.702022,9067
379388978.896495,13040
379388997.66002,2625
379389007.427939,685
379389018.975311,1856
379389033.957605,1981
379389041.167532,7327
379389068.647109,11438
379389085.581354,12793
379389104.990669,9122
379389117.457661,1906
379389135.877777,407
379389152.016099,1509
379389161.51049,898
379389167.896537,8556
379389182.32306,12580
379389192.465781,1087
379389206.13004,9658
379389214.427528,4636
379389234.990861,122
379389250.55831,1685
379389256.341228,12573
379389277.705749,453
379389294.140845,308
379389306.980489,12458
379389320.931347,1503
379389328.973156,11116
379389343.393369,443
379389363.643564,12608
379389381.630549,12382
379389394.070312,12374
379389403.688451,1482
379389418.616796,828
379389428.338519,12363
379389440.877937,12337
379389462.070247,12316
379389472.181575,1778
379389479.846794,12232
379389492.550041,2286
379389503.602174,102
379389513.638251,12493
379389531.151178,6163
379389541.36374,12566
379389557.97197,1743
379389570.322429,1522
379389579.767359,2107
379389588.146282,6231
379389599.413616,12409
379389614.186584,12396
379389626.982574,4545
379389638.055868,11325
379389649.210936,12481
379389659.774766,597
379389681.044148,12500
379389697.538309,1358
379389709.952645,9153
379389723.548011,12495
379389737.315991,96
379389748.008817,12850
379389762.051448,3326
379389768.382738,1807
379389785.013162,5905
379389797.729263,587
379389810.983789,12778
379389826.703588,215
379389835.473317,12971
379389844.93261,12743
379389861.815477,142
379389884.35826,1687
379389893.107268,9037
379389907.513914,1775
379389921.213028,174
379389930.214341,12767
379389937.031835,12759
379389955.302311,1886
379389982.243508,12916
379390000.917456,7802
379390007.752473,697
379390021.998544,12939
379390032.281961,13057
379390042.027579,11119
379390057.206011,12993
379390073.116321,11611
379390085.832072,2261
379390100.445523,87
379390110.827857,12988
379390117.644261,11352
379390127.682102,1458
379390141.862333,797
379390167.613028,521
379390177.338222,750
379390196.962315,3657
379390207.960332,8195
379390219.478226,13005
379390229.664934,3444
379390240.292482,1721
379390257.980465,7135
379390286.994718,11990
379390294.954297,12929
379390306.796095,757
379390329.651628,13351
379390339.381251,2024
379390346.535143,12807
379390356.753955,12867
379390381.445516,12841
379390389.337491,12913
379390396.941731,1815
379390411.866865,12841
379390424.618626,13066
379390442.923108,12825
379390451.135945,120
379390457.298286,12790
379390475.350317,11852
379390490.600368,215
379390499.371452,12710
379390510.189952,12688
379390524.470149,13090
379390533.073803,278
379390546.466816,12665
379390563.252494,1496
379390570.729391,2004
379390591.564238,12793
379390601.786543,12578
379390617.324344,12505
379390622.063071,2801
379390640.400106,12482
379390654.597592,768
379390657.311331,2834
379390672.174689,12621
379390689.157241,1497
379390705.694477,12659
379390718.070693,1500
379390730.947292,1722
379390744.970495,6559
379390757.254733,13058
379390773.732439,12373
379390782.775503,10868
379390790.417104,12298
379390804.368351,12290
379390822.76685,1480
379390836.227157,570
379390850.677641,12331
379390866.484349,9682
379390877.84569,12331
379390886.528905,8851
379390898.348484,12317
379390909.288618,11430
379390922.823246,5272
379390933.376193,1237
379390945.007759,12366
379390949.559476,147
379390961.971992,1877
379390981.558435,5023
379390992.877948,12431
379391009.166432,4383
379391018.583876,8202
379391041.830304,12884
379391049.255721,12725
379391067.693053,7397
379391086.314251,387
379391101.685888,2722
379391110.012213,1774
379391123.916889,13283
379391138.71556,2591
379391151.548646,1441
379391169.98579,88
379391181.030491,4036
379391197.797921,1690
379391214.36179,1559
379391222.040964,13001
379391232.246531,4172
379391240.687283,1335
379391257.219213,12912
379391267.498067,12952
379391278.543096,390
379391295.679855,226
379391313.656001,1461
379391331.053631,12990
379391345.182486,266
379391352.882817,13237
379391369.611679,1490
379391378.794356,1633
379391389.929249,12984
379391399.032928,13331
379391417.914388,9859
379391430.700695,5040
379391443.579552,4900
379391457.194579,5877
379391470.435582,13041
379391480.725552,1312
379391493.826396,1723
379391503.038263,13099
379391516.082098,1255
379391530.993703,13065
379391536.816939,1617
379391554.000103,114
379391558.810522,188
379391571.820395,13075
379391579.362868,11377
379391598.216171,1764
379391619.642305,1766
379391637.970996,748
379391654.744885,1381
379391662.291687,1576
379391685.846947,4775
379391698.250341,427
379391712.143536,2164
379391728.885836,409
379391739.649745,12775
379391744.933309,12781
379391754.808547,1683
379391764.236034,402
379391781.2028,12755
379391799.860476,836
379391810.968849,12872
379391820.310506,746
379391829.734341,1757
379391837.119179,1498
379391849.56258,8829
379391864.449177,12972
379391875.70322,654
379391892.041505,12607
379391909.638556,12600
379391915.883218,8753
379391926.244136,1784
379391939.665246,9333
379391952.951852,4142
379391975.977426,12463
379391985.175951,8590
379391994.266742,12526
379392012.072225,2193
379392020.34832,12452
379392034.810225,12434
379392047.62994,12375
379392054.301196,7743
379392080.625611,12372
379392087.556241,379
379392094.927821,13210
379392111.962359,10079
379392116.12559,120
379392131.454544,11552
379392146.638776,91
379392152.712704,8175
379392172.791509,12492
379392181.804316,12249
379392195.705583,12458
379392212.481007,12350
379392230.374425,9404
379392244.249815,12384
379392263.588775,1703
379392283.769855,4709
379392294.682147,12476
379392308.41012,7064
379392321.234691,12450
379392331.010593,12419
379392348.549566,456
379392355.487958,1450
379392365.733978,12495
379392380.566015,2105
379392396.856861,1759
379392409.19368,112
379392426.929819,1490
379392443.116241,2595
379392457.131732,735
379392472.819634,1467
379392489.532455,1502
379392503.958501,12686
379392511.483061,918
379392529.989817,89
379392540.013194,12711
379392551.021803,8699
379392565.703209,12765
379392574.456258,1490
379392584.27086,13015
379392594.606198,2587
379392610.538423,13286
379392620.579198,7057
379392631.014084,3259
379392643.964581,2401
379392654.986738,1821
379392675.512904,12875
379392690.47213,13090
379392698.534336,1721
379392709.693695,5539
379392723.427851,1953
379392736.397629,13010
379392753.437253,13091
379392768.12005,1504
379392774.986561,13353
379392785.465734,11876
379392807.646389,1772
379392818.028883,11105
379392824.796537,356
379392844.809833,13062
379392854.964293,3816
379392868.712673,4164
379392877.613687,13068
379392894.560937,215
379392907.041492,2791
379392912.494064,6620
379392928.015901,1780
379392941.451977,13329
379392961.232818,3724
379392979.271252,12903
379392989.64506,4968
379392998.056015,120
379393025.10595,13164
379393038.772637,984
379393054.470603,1761
379393066.863421,12827
379393086.333084,12785
379393103.727954,4427
379393117.187232,7415
379393129.507861,13039
379393148.131024,12672
379393154.037431,13340
379393163.843928,13215
379393180.239083,1521
379393193.951901,95
379393205.602329,4006
379393219.814075,523
379393229.477074,1478
379393243.745122,12664
379393256.337707,569
379393265.152044,11616
379393275.370617,693
379393289.57634,9281
379393298.561348,2072
379393306.414115,12667
379393310.464493,1456
379393318.061005,12497
379393335.198901,9151
379393352.083851,12449
379393371.807475,4944
379393381.650323,1810
379393396.99031,12426
379393410.389736,12617
379393416.195178,273
379393426.083076,134
379393439.794854,12471
379393449.491888,6142
379393463.770029,626
379393477.276063,12268
379393488.104363,12490
379393499.349378,349
379393518.491223,1490
379393538.605101,84
379393546.917714,4156
379393556.569273,126
379393573.384206,13031
379393592.514609,11763
379393603.763554,12361
379393620.807185,6409
379393631.010472,338
379393643.697571,12541
379393661.711385,12751
379393691.107178,11726
379393703.279029,1521
379393721.868755,8509
379393733.559658,2578
379393763.174947,12862
379393776.069918,293
379393788.767755,4089
379393802.40605,1575
379393817.236722,12689
379393828.002648,12853
379393840.399746,326
379393859.679211,1718
379393873.91279,12697
379393884.106363,12761
379393898.206725,1229
379393912.546555,104
379393918.835988,5211
379393926.242214,12793
379393937.895596,289
379393946.649841,168
379393974.921009,172
379393986.659254,4880
379393999.504656,1771
379394024.289791,1504
379394042.492307,9993
379394061.07263,4929
379394076.244006,8681
379394087.96618,1781
379394104.731291,13356
379394119.604918,899
379394137.711504,6390
379394154.262788,256
379394172.633041,192
379394182.854834,97
379394201.676343,9067
379394215.899893,12992
379394229.259083,6929
379394246.355229,595
379394267.248415,11696
379394275.816363,12903
379394283.972255,13012
379394301.604806,5350
379394314.292136,12894
379394333.101786,13086
379394354.633607,8926
379394377.093187,13055
379394395.731649,1518
379394408.608497,12828
379394417.826326,521
379394431.080126,12817
379394443.477759,12761
379394457.917159,248
379394466.747271,1715
379394484.556923,986
379394501.256584,12648
379394525.99315,12579
379394530.173384,2974
379394541.481801,1761
379394556.86166,111
379394572.734817,12598
379394585.726968,174
379394596.430933,84
379394605.578564,217
379394630.359906,110
379394638.56421,1439
379394655.697795,12475
379394667.230243,12503
379394678.992363,90
379394691.683643,12384
379394701.998937,119
379394715.198995,355
379394728.001763,12429
379394739.690842,5902
379394750.774065,3807
379394767.441235,1115
379394775.887054,508
379394795.959278,12332
379394811.02196,110
379394822.494317,87
379394831.226002,120
379394840.288929,2641
379394851.632072,12341
379394858.087107,1731
379394875.183361,12319
379394887.356989,12318
379394898.63343,86
379394921.812754,2244
379394936.768722,10230
379394950.464344,109
379394970.135047,3845
379394978.038337,12513
379394995.012022,4055
379395009.284435,725
379395020.916879,12544
379395037.551344,9440
379395055.604831,2447
379395064.819604,12630
379395086.187599,12660
379395108.24179,12596
379395124.474999,1203
379395134.772862,12651
379395143.474572,1773
379395160.05316,12727
379395169.942517,1845
379395191.32263,2232
379395200.14661,9519
379395207.726286,4539
379395226.870802,5091
379395251.642323,1509
379395255.391535,1531
379395269.706203,8062
379395287.488475,12917
379395306.436765,5975
379395326.694444,9557
379395332.948259,1514
379395347.005684,1201
379395359.585661,12916
379395358.659198,3227
379395380.022777,7504
379395387.350852,13017
379395403.743549,6187
379395417.71926,2021
379395429.008165,12037
379395442.252499,13092
379395459.277634,254
379395462.481661,4038
379395473.538798,6778
379395499.135906,332
379395517.761124,13096
379395535.413761,1725
379395557.333199,3105
379395570.232608,8457
379395582.246458,12932
379395604.043385,1525
379395619.478556,220
379395634.886768,12916
379395645.917025,1477
379395649.554538,12896
379395664.655685,8219
379395674.26642,8846
379395686.2448,1299
379395707.332772,1481
379395716.531164,12919
379395739.760452,12703
379395757.207062,5047
379395763.428836,189
379395776.141436,5234
379395780.411792,499
379395795.033226,393
379395798.093381,12764
379395812.751259,12678
379395820.102798,727
379395841.571583,12603
379395846.050041,1026
379395861.320883,12828
379395879.951742,89
379395890.772469,547
379395898.035898,13019
379395915.945815,1285
379395927.80842,12503
379395943.168812,1755
379395958.2903,602
379395967.327277,1955
379395989.928131,12421
379395991.435816,12440
379396008.026659,7035
379396024.105003,1493
379396030.821633,3807
379396042.870541,12439
379396055.201642,285
379396060.891398,715
379396077.197239,12493
379396093.601558,231
379396113.826947,6270
379396124.27938,525
379396138.788623,441
379396150.878872,513
379396165.313275,1466
379396180.743121,12275
379396197.34918,522
379396215.782473,12639
379396226.108239,12373
379396250.092581,10907
379396265.615707,12410
379396285.696907,12422
379396297.906241,12465
379396313.652442,8923
379396324.696166,9807
379396334.444832,1466
379396349.568361,12581
379396374.851664,1758
379396385.262865,1485
379396397.017749,11458
379396413.972046,11006
379396427.401999,4671
379396444.382423,6331
379396457.767536,7538
379396472.288702,12792
379396486.922837,4754
379396501.503343,12723
379396512.549744,12684
379396528.154918,9223
379396542.391989,12847
379396555.823965,9003
379396589.02728,10172
379396604.522107,274
379396619.379403,7399
379396632.138616,12855
379396650.906287,1510
379396662.713764,12987
379396679.705054,6704
379396696.865614,3004
379396707.800769,8320
379396721.458513,12936
379396728.69785,13072
379396739.286944,13003
379396757.734955,13238
379396774.429029,12995
379396783.675844,13048
379396799.611562,13124
379396817.514698,261
379396832.260991,9892
379396847.791632,218
379396863.754593,99
379396878.584606,4147
379396888.13645,1456
379396907.705846,10262
379396924.198929,4323
379396935.441036,4815
379396953.02611,12523
379396967.956694,620
379396977.272865,1495
379396989.409001,1441
379397004.173633,1436
379397014.76961,12174
379397021.945125,13030
379397032.624602,12853
379397047.30031,1760
379397059.082622,9765
379397073.349036,4921
379397085.915249,1933
379397090.703884,162
379397104.157148,12768
379397114.769483,12798
379397130.621936,3222
379397145.383333,12624
379397157.360476,12700
379397170.336511,1484
379397181.361317,12596
379397190.301873,11165
379397201.222017,4105
379397218.40708,12560
379397227.382148,91
379397247.479143,5239
379397262.679278,8247
379397273.360571,12207
379397277.834242,7189
379397289.39614,9155
379397298.843858,12592
379397313.993907,12713
379397330.711085,12530
379397349.387754,12139
379397372.648795,12408
379397383.793446,12412
379397394.704354,7256
379397412.114332,12294
379397421.733298,1213
379397431.33647,12660
379397440.081216,12305
379397455.516966,3667
379397470.469643,6472
379397492.156854,13130
379397508.680506,4704
379397519.222284,1689
379397527.450052,13255
379397540.854071,1753
379397552.526041,221
379397561.054645,3949
379397572.709064,4130
379397585.102397,6120
379397592.610805,297
379397614.215038,10558
379397626.215142,1754
379397652.59767,12467
379397661.742628,6075
379397672.548552,1574
379397680.74127,1376
379397701.40099,950
379397708.045727,226
379397718.728251,12696
379397729.449024,4637
379397741.230279,12544
379397749.389156,1761
379397764.653736,2770
379397777.716825,9056
379397795.435417,12670
379397807.748794,329
379397820.503969,1833
379397831.507516,3251
379397851.42408,12922
379397868.788133,97
379397892.740306,883
379397903.7981,13336
379397918.284565,10133
379397938.309092,1322
379397947.955281,6989
379397964.955525,4190
379397981.428147,12908
379397995.579765,2324
379398013.615798,12914
379398025.215004,1915
379398040.916158,3744
379398055.244442,1606
379398069.634607,136
379398075.925089,1496
379398090.66198,971
379398107.450365,13058
379398119.044568,13336
379398134.435974,303
379398149.233874,13273
379398161.482464,2361
379398172.393308,1438
379398191.652885,13030
379398216.170074,12933
379398227.964734,1735
379398239.868024,12971
379398250.174683,11763
379398266.517003,1452
379398275.232916,12236
379398287.274408,2937
379398292.740872,12899
379398306.098188,6346
379398314.3609,12840
379398325.725275,995
379398343.850495,12952
379398364.742768,1932
379398383.787358,1386
379398392.74486,5477
379398403.663642,1379
379398414.426032,644
379398422.588469,12745
379398440.340474,3237
379398457.265901,374
379398470.24572,8533
379398480.171201,217
379398491.847492,286
379398503.930569,12596
379398513.413979,12901
379398525.707384,1249
379398542.611699,6570
379398556.31837,1457
379398567.801951,665
379398578.445987,9858
379398588.137495,12581
379398598.937404,12894
379398611.983058,5081
379398626.273526,6967
379398631.973703,180
379398654.373028,10728
379398668.149578,12733
379398684.755505,12403
379398689.242246,549
379398694.065789,1329
379398705.364217,1762
379398723.496195,8600
379398735.282358,12362
379398748.989732,6415
379398767.448307,12710
379398785.115649,12221
379398794.513103,12008
379398807.185794,12294
379398822.496413,12941
379398831.627819,12285
379398838.919083,266
379398850.333321,12266
379398860.821089,9128
379398871.803062,226
379398877.133338,128
379398888.176425,12114
379398897.128134,7785
379398909.592805,11651
379398926.276949,12401
379398940.599906,13323
379398950.337352,3978
379398968.899257,988
379398978.373233,3626
379398991.332677,130
379399002.191712,1504
379399017.390401,12590
379399034.084838,328
379399042.734159,10312
379399055.08885,815
379399062.654395,12703
379399079.273492,1571
379399088.035048,1832
379399100.742853,213
379399111.633164,4186
379399132.00752,3368
379399144.576276,3436
379399160.420025,231
379399176.587319,1453
379399188.764573,7895
379399202.869727,4849
379399213.258195,12934
379399231.315305,2506
379399257.772386,2304
379399266.737863,6169
379399275.137546,12787
379399282.591105,349
379399297.488645,3016
379399311.36205,414
379399333.090761,1488
379399350.271867,10452
379399371.548317,13022
379399395.456764,1496
379399410.64273,13038
379399424.429969,12970
379399437.652997,13173
379399444.702862,13128
379399451.373175,6830
379399464.755213,1848
379399486.551009,13100
379399499.552485,95
379399516.4107,12794
379399528.656038,1469
379399538.060108,2607
379399559.334963,13033
379399569.100331,1805
379399585.560518,1813
379399605.997997,834
379399615.383583,345
379399627.487232,12824
379399640.256219,4753
379399656.214017,12902
379399677.708818,10000
379399687.941398,5421
379399699.353825,1591
379399706.259981,12781
379399717.704708,12741
379399728.141902,12276
379399740.771341,5589
379399754.96542,1490
379399764.226424,1217
379399773.674794,12767
379399783.668552,1749
379399799.569939,1446
379399807.39284,12689
379399828.630448,13000
379399852.37369,5479
379399867.178637,181
379399881.305269,4930
379399897.702484,1764
379399905.905728,7568
379399911.691349,12688
379399930.054249,2411
379399943.789366,12515
379399959.249561,12344
379399970.217823,12520
379399980.790906,1481
379399991.440086,12365
379400000.154822,3519
379400013.953064,13107
379400026.373334,2477
379400046.138139,4760
379400051.864706,10943
379400077.614206,12789
379400093.446744,9458
379400115.964899,273
379400137.454099,12289
379400161.542331,108
379400169.860207,4673
379400178.53978,12340
379400184.523889,2953
379400203.251714,1954
379400217.119134,3129
379400230.066589,12628
379400234.97768,12463
379400245.675538,7103
379400260.998033,12687
379400268.53395,2641
379400284.430739,1371
379400298.209707,12618
379400307.226513,12630
379400320.207788,12479
379400337.827855,12467
379400340.094675,220
379400359.703494,1498
379400368.159579,2394
379400379.767517,1765
379400391.451464,6224
379400404.952941,12589
379400414.672109,100
379400432.739315,6613
379400443.345609,1320
379400462.435285,10256
379400477.055299,3200
379400492.481693,7786
379400505.338001,2546
379400515.58099,146
379400533.568124,12728
379400542.211292,2446
379400557.594056,13042
379400579.081932,12805
379400591.319126,1465
379400605.199919,2180
379400613.664536,417
379400624.967836,1809
379400637.845404,12954
379400647.095809,12963
379400662.875776,1502
379400677.174733,2081
379400691.673722,1508
379400699.658201,10426
379400707.661829,387
379400716.166268,13037
379400730.406521,272
379400744.595128,12998
379400764.693052,13037
379400787.085995,698
379400806.603182,5418
379400819.308752,2058
379400831.103551,13053
379400845.195389,11818
379400862.561916,5635
379400874.106887,1522
379400886.571379,1433
379400904.74631,4040
379400918.903659,13201
379400925.079757,4254
379400946.892932,9905
379400963.995246,12939
379400976.215331,1521
379400989.593233,12805
379400999.508755,12899
379401012.334191,12966
379401027.843458,12734
379401045.673355,10941
379401060.332403,9245
379401075.432343,209
379401087.132382,1433
379401095.01571,12678
379401108.476784,12644
379401120.421874,5346
379401131.098028,273
379401139.505936,12687
379401146.415199,131
379401157.863708,6355
379401168.892262,12557
379401180.066953,1127
379401196.25889,100
379401210.523521,3594
379401227.064136,13205
379401239.381395,12587
379401251.362685,1810
379401270.680306,12952
379401293.299341,322
379401303.076345,12722
379401316.629116,11384
379401338.744975,12428
379401358.027679,12413
379401365.856262,12609
379401380.828024,12263
379401388.863103,10381
379401396.768815,1696
379401409.873166,9296
379401429.595197,12443
379401443.494045,1956
379401453.663611,12237
379401467.782086,1442
379401493.580894,292
379401509.790096,10730
379401518.961699,4103
379401528.197447,11632
379401543.198778,102
379401552.588385,3861
379401577.593505,1260
379401587.241361,3967
379401598.610278,12470
379401612.810523,12466
379401629.523334,2705
379401639.837256,12788
379401651.550625,1480
379401665.498738,12504
379401679.128788,12625
379401693.533499,90
379401705.442574,12632
379401711.762109,10546
379401724.926619,1107
379401736.814676,8145
379401755.251953,12707
379401774.88027,181
379401786.251079,329
379401801.006462,12131
379401813.150214,5934
379401820.1982,1993
379401839.975653,1416
379401847.227199,4293
379401860.175391,5259
379401877.757361,7882
379401894.778914,12830
379401908.460037,5862
379401918.232064,1112
379401936.999174,7335
379401951.83287,601
379401957.44228,12904
379401974.391493,1342
379401987.025353,5233
379401999.258651,11749
379402011.23842,122
379402025.872885,1488
379402036.894859,13160
379402047.924612,8585
379402068.757346,6364
379402084.067043,4132
379402095.089983,13151
379402120.384054,1554
379402130.519932,13218
379402138.306301,13023
379402153.747946,425
379402165.341885,2098
379402181.013059,11192
379402191.543526,6100
379402206.856712,12936
379402222.12124,1008
379402243.157053,12621
379402248.703163,13184
379402261.186228,12908
379402272.71572,12891
379402278.357437,1200
379402303.28771,105
379402316.266145,1804
379402333.38346,12852
379402343.705224,12793
379402353.466877,12958
379402363.855856,8484
379402375.804775,12125
379402388.350407,437
379402407.620341,12784
379402427.352884,1998
379402440.401742,2570
379402454.792024,2307
379402477.702124,1710
379402490.838816,12548
379402498.389721,5607
379402511.896845,12496
379402521.589159,12768
379402528.773594,1529
379402537.169651,5859
379402552.012993,12584
379402568.703264,12478
379402576.734648,4337
379402586.077284,12539
379402597.933771,5446
379402622.274244,12423
379402631.099721,1462
379402643.504847,12473
379402650.469315,552
379402657.513368,13036
379402676.621472,12343
379402694.155273,706
379402700.816491,12327
379402715.963761,12343
379402726.85343,1070
379402737.487958,12311
379402747.013017,12369
379402758.066638,843
379402776.835682,1963
379402794.093913,1486
379402807.735265,12275
379402818.371554,3267
379402838.493362,12381
379402841.309176,1514
379402852.829563,5602
379402870.793509,11549
379402878.830352,8926
379402892.59324,165
379402899.197284,158
379402926.963263,309
379402938.763472,12555
379402956.64562,12542
379402983.34529,12501
379402995.685007,163
379403017.691272,379
379403028.070202,1023
379403039.859984,12626
379403059.408951,542
379403072.512076,9356
379403081.44548,12629
379403095.198866,11801
379403116.730897,6742
379403133.662321,236
379403141.12276,3836
379403147.183874,1511
379403162.320781,8594
379403181.400975,12738
379403199.740942,12986
379403208.051975,4954
379403219.82474,552
379403233.572697,12819
379403249.093122,1515
379403263.926052,13069
379403274.108578,162
379403289.478854,1295
379403309.983629,108
379403325.789355,7393
379403346.80361,12930
379403356.037441,12970
379403371.281182,1489
379403374.242479,13074
379403388.341337,13004
379403410.294259,13053
379403417.797668,13086
379403436.335796,7085
379403451.943304,604
379403458.625599,1450
379403476.806477,13108
379403498.716998,2896
379403512.493122,7091
379403522.934971,1894
379403538.309103,13013
379403547.306132,8334
379403565.507912,1441
379403576.463531,386
379403589.067372,12877
379403595.679483,8887
379403605.953775,525
379403623.817188,245
379403643.89449,1567
379403659.903397,12869
379403676.588509,12800
379403691.71933,212
379403706.250429,12332
379403715.993618,84
379403733.215793,9486
379403745.555733,2060
379403758.147507,12700
379403769.326225,12722
379403777.812254,126
379403796.806485,12901
379403806.594502,12811
379403832.391604,481
379403838.037579,12656
379403847.175977,1189
379403867.969512,12796
379403886.365164,12799
379403899.945429,13239
379403921.078958,11748
379403933.640218,1735
379403941.558165,96
379403963.134085,12522
379403976.543015,7807
379403983.46727,3688
379403992.591424,3727
379404006.864576,286
379404022.326636,10172
379404036.349599,3965
379404055.127104,172
379404068.917881,9602
379404078.08457,4842
379404086.586439,6330
379404100.051429,356
379404113.918128,12229
379404125.399625,101
379404140.521259,6261
379404148.660324,5176
379404162.782165,97
379404179.079235,630
379404189.832405,2528
379404199.4151,12416
379404212.738302,12523
379404229.432575,1485
379404242.914151,12944
379404248.526609,10615
379404255.945597,12603
379404277.674839,8485
379404291.897374,686
379404304.305269,12704
379404319.149779,1742
379404331.651955,11107
379404344.761151,1216
379404352.181922,12588
379404369.261886,12539
379404377.269322,10593
379404388.948479,1741
379404411.064021,179
379404434.210713,1461
379404452.968463,3097
379404457.803459,361
379404478.760272,12733
379404485.070429,7172
379404492.967879,86
379404511.328372,1816
379404519.922907,5172
379404551.011801,12877
379404565.388111,156
379404584.301571,3833
379404597.729644,12845
379404604.031934,9950
379404613.691351,1494
379404625.877081,299
379404641.237929,5546
379404660.071891,3264
379404670.456045,1771
379404680.077748,1410
379404704.922632,3960
379404718.074668,158
379404731.397632,410
379404750.669349,1482
379404759.932632,10202
379404769.707894,1225
379404775.214309,1727
379404787.853435,191
379404808.245104,7980
379404827.161995,1397
379404847.559147,12469
379404866.374991,10796
379404878.728432,13004
379404893.674856,144
379404915.395007,2530
379404929.649888,6654
379404947.446385,8625
379404962.805082,6540
379404969.749706,12979
379404978.383437,1543
379404995.62939,4812
379405013.900071,12736
379405040.107218,341
379405061.387878,1472
379405067.586443,12718
379405078.362117,1480
379405095.09924,1469
379405103.454416,12693
379405114.885878,1447
379405124.403373,12628
379405137.013837,1489
379405148.151862,5698
379405164.534258,8769
379405171.922983,5394
379405185.419139,7930
379405201.002682,3470
379405222.278223,9878
379405241.209503,12502
379405255.1781,12788
379405262.069966,383
379405275.322035,12409
379405287.099045,242
379405303.713085,12595
379405313.842262,12515
379405344.889118,12375
379405347.842734,117
379405373.312059,12582
379405390.593322,12277
379405402.161706,12253
379405413.135201,1764
379405427.384971,884
379405439.230031,3062
379405453.548591,3269
379405465.962127,154
379405485.277708,1477
379405490.852192,6377
379405498.681141,563
379405510.223736,1796
379405523.719534,1526
379405532.047541,3489
379405542.12565,3445
379405555.303101,5768
379405560.923231,7642
379405580.884975,5423
379405590.377687,12517
379405605.263804,135
379405624.862273,12502
379405642.022532,1357
379405672.211255,8190
379405690.462663,4121
379405696.632842,4589
379405715.686701,2564
379405733.847068,12636
379405741.639216,13108
379405752.310953,1724
379405763.677164,3062
379405771.572261,1713
379405784.792006,112
379405799.063769,1248
379405814.895633,9339
379405833.767474,12757
379405845.153171,12928
379405859.587841,12860
379405866.588299,6829
379405884.320888,12804
379405897.976966,11109
379405916.078348,12862
379405928.224723,287
379405945.012112,11165
379405960.989203,13144
379405971.709009,1272
379405985.456203,12985
379405999.963255,13106
379406013.932184,12634
379406031.25104,1711
379406047.368199,4803
379406066.687183,13055
379406076.83092,2452
379406096.139712,6975
379406111.72672,8207
379406123.566559,587
379406131.949721,12134
379406146.485479,336
379406168.024711,319
379406180.517579,1957
379406194.593812,12926
379406206.005905,101
379406222.194195,12921
379406229.741862,3833
379406247.894337,206
379406260.635046,12871
379406280.988537,902
379406284.696555,12905
379406300.391828,12808
379406306.346318,8409
379406320.334649,9073
379406326.081593,12820
379406333.787264,745
379406346.485651,158
379406362.413913,413
379406375.063858,248
379406384.587313,3195
379406403.001615,2529
379406409.249076,13018
379406420.878827,11911
379406438.218174,1726
379406452.978684,10935
379406460.780752,12729
379406473.928084,12661
379406486.051979,2976
379406497.30952,7458
379406518.666325,12632
379406529.503735,12739
379406539.949968,12536
379406547.498886,12788
379406562.74328,121
379406576.634608,1633
379406583.811325,1146
379406599.224285,8845
379406616.19683,4885
379406621.679464,5011
379406630.853691,11144
379406641.981438,356
379406652.732121,1548
379406663.042212,12432
379406669.692523,12335
379406680.760318,2264
379406685.513326,4793
379406694.851438,12856
379406705.734516,12651
379406722.020516,10699
379406734.151922,1492
379406744.288712,1489
379406754.957696,9157
379406774.243332,12230
379406783.595448,5929
379406794.027559,12293
379406806.37056,13079
379406819.780309,7003
379406837.139003,12460
379406857.652469,1858
379406868.277113,12381
379406887.636949,4164
379406904.295836,9150
379406913.115331,1422
379406927.667336,12711
379406947.146886,12548
379406961.296822,2437
379406971.780258,1483
379406998.076709,201
379407013.430435,13234
379407030.455247,4435
379407044.711474,1492
379407060.819719,3838
379407072.876692,12773
379407084.144772,3321
379407088.482407,13174
379407102.552342,1746
379407111.492159,1128
379407124.861697,7690
379407136.943375,12765
379407147.604843,4655
379407160.591504,11271
379407171.788695,1704
379407178.146033,135
379407189.057249,1439
379407202.687556,840
379407220.135102,12936
379407237.460952,1741
379407249.84662,799
379407265.272436,500
379407273.746203,9852
379407287.726527,13167
379407304.510428,13040
379407317.035675,9101
379407335.564137,1473
379407346.763689,12971
379407361.007761,6024
379407373.968546,1938
379407384.453975,1804
379407394.928375,915
379407416.009738,1816
379407429.266948,370
379407442.135121,8942
379407447.489578,98
379407452.750012,8914
379407473.720121,10264
379407482.400555,2841
379407500.233514,13342
379407511.907936,3688
379407524.729806,101
379407533.674595,5035
379407550.965805,8112
379407567.843526,113
379407579.12559,94
379407590.701179,3496
379407607.114411,5147
379407620.933923,12891
379407644.116299,150
379407662.250938,11818
379407675.936191,3823
379407690.467462,7022
379407703.7673,3621
379407710.132061,810
379407722.257184,9378
379407741.43349,12665
379407757.147633,12662
379407772.645704,12647
379407783.878996,8040
379407804.048384,303
379407817.507886,4897
379407830.88577,6027
379407845.1585,8771
379407864.075368,13346
379407871.676752,1786
379407884.220989,11930
379407893.296459,1503
379407915.418521,12449
379407919.620144,7665
379407929.931717,6731
379407947.832358,12425
379407961.103121,12426
379407970.695065,11257
379407986.095629,11245
379408007.198797,840
379408010.690392,12609
379408023.965634,12358
379408039.363582,12359
379408051.428701,5551
379408057.001859,182
379408068.607506,657
379408079.631135,12511
379408088.994328,8885
379408100.249384,9189
379408113.961951,8791
379408122.74565,12274
379408139.749829,9580
379408152.142397,8164
379408164.422089,1471
379408178.5718,12521
379408186.617178,12400
379408202.822816,5558
379408214.14837,10800
379408234.964229,12708
379408248.204988,3815
379408261.600391,13026
379408275.059875,479
379408287.977036,12505
379408304.172104,12734
379408313.937262,12592
379408324.976854,11409
379408335.517041,2878
379408349.361441,362
379408359.759844,12619
379408373.889385,5504
379408381.525628,11429
379408395.964859,405
379408411.149029,90
379408420.662685,5335
379408434.112149,175
379408445.859149,2130
379408452.295799,12441
379408472.118256,421
379408487.675635,13152
379408497.405717,1504
379408509.355972,1791
379408525.105651,1909
379408538.538259,6191
379408557.051881,13238
379408577.640767,5422
379408590.097128,486
379408601.00267,9159
379408616.929932,2278
379408637.891335,104
379408660.878787,614
379408674.92626,12969
379408696.690844,13059
379408704.645641,1663
379408718.488609,10382
379408737.778674,12060
379408744.259017,7877
379408759.500633,10467
379408777.938991,1451
379408793.979146,12982
379408806.743928,2816
379408823.853716,13051
379408836.462566,12983
379408844.742429,9556
379408858.844685,13117
379408871.908983,2076
379408896.140311,1723
379408907.638835,12185
379408918.997943,1755
379408927.722779,12940
379408941.611447,1754
379408955.64825,3870
379408975.531636,9712
379408984.455627,1778
379408991.423797,12837
379409009.979823,648
379409022.208661,1481
379409031.581882,279
379409045.067977,12700
379409065.634968,1478
379409069.14252,12719
379409083.316228,12606
379409090.30113,12641
379409098.037502,1706
379409107.008887,1025
379409116.269466,1457
379409125.616433,12667
379409144.143,9893
379409157.861032,10936
379409171.058144,12616
379409183.467644,9118
379409200.287287,12556
379409213.946014,944
379409227.450547,1606
379409240.975471,2342
379409251.796986,12822
379409260.137031,8851
379409267.716054,1712
379409271.280516,214
379409281.015682,10050
379409296.067809,1252
379409308.360024,12708
379409322.302633,12414
379409333.579475,12387
379409344.589795,7114
379409353.192914,8654
379409362.214996,12342
379409379.272159,11815
379409390.32591,779
379409402.114097,1422
379409412.798839,359
379409421.966562,12263
379409433.431478,12559
379409450.733419,9167
379409473.808881,7388
379409489.164224,10044
379409505.926922,13170
379409514.98874,818
379409525.224068,885
379409535.664428,930
379409547.270613,532
379409557.526107,1714
379409567.951365,7985
379409582.032031,1901
379409596.57967,226
379409602.028753,12780
379409621.164687,919
379409632.759173,5010
379409641.321497,12531
379409651.030974,2096
379409660.135651,10309
379409665.187874,12637
379409672.015867,917
379409684.580253,12620
379409700.802878,12620
379409715.729912,10441
379409731.52614,1141
379409745.998561,1745
379409758.786752,12686
379409766.591684,12723
379409777.766169,12755
379409789.005527,12780
379409805.155541,1472
379409816.152898,4799
379409829.897047,1756
379409844.853419,12999
379409863.002436,12869
379409876.48705,12554
379409886.665525,270
379409890.115582,12846
379409901.793105,2881
379409913.274783,1490
379409925.233969,7797
379409938.473642,1529
379409957.843357,1484
379409972.68676,12982
379409985.727698,13027
379409997.874995,90
379410007.576772,6115
379410020.260771,2739
379410033.867346,221
379410045.181508,1557
379410065.954547,13129
379410081.106534,3428
379410103.075956,1689
379410115.291025,3340
379410133.706244,1707
379410152.40755,241
379410157.914621,1066
379410166.680579,870
379410186.428029,3987
379410199.528026,5464
379410203.081729,1008
379410211.852364,1727
379410221.884874,12589
379410236.20335,138
379410247.531472,4360
379410264.4911,1730
379410280.046228,5375
379410295.172825,1785
379410304.527961,13278
379410317.307342,97
379410330.812845,9026
379410346.952957,12863
379410355.405861,1439
379410375.506049,12741
379410384.801858,12069
379410394.995284,133
379410405.138951,6925
379410422.293494,4369
379410431.88675,97
379410456.373026,12549
379410472.407565,12544
379410485.246741,12612
379410496.244573,12854
379410524.307922,10464
379410541.282001,12738
379410562.130873,12591
379410581.944211,12419
379410595.992612,88
379410605.563728,8124
379410617.849927,12457
379410631.979028,6714
379410645.773729,12358
379410655.990957,12343
379410665.150891,13183
379410677.038786,2660
379410690.411259,12343
379410708.840819,1486
379410721.537585,109
379410741.684565,129
379410751.899895,4120
379410764.637251,12271
379410779.083214,140
379410788.561463,10455
379410802.605559,12520
379410817.942251,12336
379410833.512582,2212
379410843.691333,107
379410858.513941,3708
379410868.15797,12792
379410878.842668,1819
379410893.422704,1410
379410905.548678,1738
379410919.312146,12564
379410932.117793,7865
379410938.414764,12923
379410951.266032,12598
379410971.068373,93
379410995.669323,13204
379411003.239281,12808
379411020.91756,6035
379411037.649148,12668
379411045.141718,721
379411062.826903,12724
379411082.642127,86
379411099.172679,1752
379411109.353285,3956
379411121.031028,12726
379411131.370649,1475
379411137.247914,392
379411153.40875,7581
379411170.867481,1807
379411184.681497,10217
379411203.983747,1769
379411209.538385,93
379411228.645523,1459
379411245.138287,12922
379411261.116916,12974
379411274.737006,13116
379411285.733325,11483
379411299.310067,13176
379411314.999764,10974
379411331.366216,5003
379411347.750851,13082
379411359.417558,13220
379411372.269821,1472
379411386.599276,11393
379411395.993639,13184
379411411.496898,13180
379411428.993321,5614
379411435.733618,13029
379411445.966812,2879
379411459.200472,1722
379411468.409807,2077
379411488.672108,12943
379411504.251877,3081
379411508.566731,1685
379411515.292404,3664
379411532.026703,12873
379411554.360469,1237
379411572.788061,12807
379411578.349568,12907
379411599.205673,12910
379411615.285357,149
379411625.893579,6741
379411637.472235,13277
379411651.823337,5526
379411661.361385,1038
379411671.969233,5220
379411686.908381,13187
379411695.964634,11717
379411719.559922,12974
379411731.260015,12626
379411741.762599,3631
379411761.285649,12623
379411781.125475,12624
379411797.57255,1486
379411809.753742,1549
379411825.057682,6321
379411841.062869,12513
379411854.156756,9114
379411872.014235,8130
379411891.257813,12419
379411904.263888,84
379411921.652515,5329
379411933.68202,13205
379411943.228771,11409
379411956.758221,3421
379411978.033389,12378
379411995.68628,12906
379412005.027219,1620
379412035.580547,1878
379412044.435093,1291
379412068.129739,5259
379412074.851731,1034
379412091.02609,11377
379412101.937182,310
379412123.037009,12309
379412133.694755,12391
379412150.280548,12339
379412157.545973,1461
379412168.914394,5424
379412177.396229,1533
379412189.120933,12429
379412206.275392,97
379412214.023543,466
379412223.052061,8793
379412230.266087,87
379412244.838393,6019
379412253.967646,1698
379412261.113462,12676
379412270.368477,1536
379412281.661371,5748
379412287.93275,3324
379412302.984491,12581
379412307.395673,161
379412317.305006,4960
379412328.089979,1740
379412339.84797,12630
379412355.367927,12559
379412368.118181,11778
379412375.661698,2389
379412389.064523,2325
379412410.225756,159
379412429.047474,12702
379412442.142277,12749
379412449.892378,950
379412460.483695,600
379412471.314334,3945
379412489.168036,325
379412506.200408,337
379412520.251946,10212
379412526.465988,4110
379412541.266494,12899
379412547.406334,104
379412559.902562,12850
379412569.973057,12934
379412589.133454,7231
379412598.540725,11854
379412608.15432,305
379412621.117674,634
379412634.077986,2430
379412643.560451,2830
379412661.10582,10482
379412680.093601,6435
379412690.847173,103
379412715.395044,1469
379412730.248161,13051
379412745.351102,113
379412766.200229,97
379412771.639619,13033
379412779.453807,246
379412802.842635,13029
379412818.23595,13092
379412828.649729,1562
379412842.079152,12939
379412853.335374,4090
379412866.457475,4360
379412882.235709,12733
379412893.097949,12934
379412909.393221,11315
379412920.058942,13214
379412939.506696,2229
379412952.450323,9970
379412964.110396,10281
379412980.676186,9998
379412994.459245,12680
379413016.390267,1485
379413024.101295,1719
379413032.273879,8969
379413042.834116,12686
379413049.411689,4040
379413060.735174,6041
379413072.515111,805
379413080.344927,4660
379413099.034458,1272
379413112.933155,12610
379413133.588357,154
379413151.480315,520
379413166.320702,12858
379413188.584691,112
379413208.947093,11971
379413222.665224,1364
379413234.199211,12677
379413241.344701,12497
379413261.355306,10514
379413274.743134,378
379413288.835946,122
379413306.357739,12322
379413323.55416,11112
379413343.916944,12306
379413355.570234,1821
379413367.942614,2152
379413386.527968,9144
379413395.443738,12246
379413403.121649,5992
379413421.632538,1762
379413435.993938,12272
379413451.456683,7821
379413463.630008,8284
379413483.264885,2269
379413499.013946,540
379413518.737989,12370
379413527.012286,4530
379413543.967115,238
379413560.472242,12473
379413570.932051,187
379413579.832503,421
379413594.560303,13321
379413604.759932,12586
379413611.336525,582
379413625.727701,1483
379413638.829995,12551
379413651.692378,2009
379413663.012182,87
379413681.875294,13233
379413695.160566,12732
379413711.498767,179
379413720.549018,12932
379413739.366303,4854
379413751.823202,107
379413761.851349,12779
379413774.311893,86
379413788.028733,12760
379413808.209485,4272
379413821.565356,91
379413830.715187,9405
379413840.310685,12831
379413856.264201,12851
379413866.305737,7871
379413885.011012,1260
379413897.259449,13227
379413910.097777,83
379413927.463232,1333
379413932.439476,2143
379413942.263318,92
379413958.411258,12977
379413972.015689,1268
379413989.737123,1437
379413999.716764,13068
379414008.415378,6787
379414021.360692,13084
379414035.736734,7815
379414056.854332,569
379414074.309983,13059
379414088.357768,1002
379414107.206975,12970
379414120.335887,393
379414135.427059,13023
379414153.070702,2528
379414163.657006,112
379414175.315777,2840
379414194.824033,106
379414212.220547,12814
379414220.980634,12883
379414230.924962,12845
379414241.259278,5034
379414248.464149,11765
379414262.830657,12944
379414277.194147,5983
379414290.779602,12777
379414307.179531,12816
379414322.176742,94
379414333.183347,1479
379414344.84901,120
379414360.311274,11607
379414374.02882,12639
379414391.214199,13064
379414406.592685,12715
379414425.473716,12634
379414437.913809,7804
379414454.288548,566
379414465.043432,12552
379414477.202552,12869
379414493.132352,12500
379414507.746828,13024
379414524.915717,3389
379414544.57687,9271
379414558.55591,12496
379414571.467186,139
379414584.158715,12412
379414601.289008,6520
379414607.356871,627
379414617.566495,801
379414627.401234,3879
379414641.275828,10993
379414657.723968,1179
379414675.403868,11347
379414688.140791,1777
379414695.22813,9139
379414712.065234,9542
379414719.327404,12318
379414731.025912,12287
379414739.599823,1467
379414750.887964,11004
379414766.669295,1344
379414776.742808,12484
379414785.425773,4020
379414786.692644,12335
379414797.508504,3315
379414807.269961,12427
379414832.460027,12499
379414841.808838,428
379414847.63665,12471
379414859.712652,10282
379414875.804588,280
379414892.17783,5269
379414903.190537,213
379414911.087561,12261
379414927.801088,9264
379414937.791326,12587
379414961.075476,11929
379414980.650342,12642
379414987.271744,9323
379415006.031425,12938
379415016.150551,12678
379415024.905332,2633
379415045.889377,8739
379415061.684778,1498
379415067.828281,5621
379415081.631864,4021
379415090.632474,1961
379415100.795042,12260
379415108.294627,12803
379415131.745305,1485
379415140.583605,287
379415157.577354,4405
379415168.995704,1523
379415182.373427,12979
379415189.337846,3921
379415210.398595,12858
379415227.158258,867
379415238.165685,9259
379415246.323564,12960
379415268.610523,10213
379415277.401841,185
379415301.417338,1489
379415328.670655,12037
379415353.822511,1678
379415369.281937,1471
379415382.275616,721
379415399.979046,7955
379415419.991866,12989
379415431.169197,490
379415446.352965,12951
379415460.25522,130
379415484.278513,13062
379415497.280478,315
379415505.307414,1466
379415525.425661,3456
379415539.927259,9813
379415556.653988,12882
379415564.41984,12849
379415582.160055,6004
379415594.72291,5573
379415610.849638,3820
379415628.790563,12845
379415642.538095,12745
379415655.226316,113
379415665.00015,12729
379415670.394674,476
379415692.015696,12640
379415704.09317,12601
379415722.367811,258
379415734.800474,4630
379415754.142002,1806
379415773.346982,1396
379415779.249824,1783
379415791.193978,1486
379415800.370203,13314
379415819.299245,5822
379415825.795846,12593
379415843.142235,1150
379415864.647248,228
379415872.793257,4939
379415894.005353,5565
379415909.401597,3205
379415923.525175,2117
379415942.452249,2317
379415953.61053,12385
379415960.977098,12375
379415977.702885,12307
379415991.637079,9727
379416004.191005,1548
379416029.117264,1533
379416044.546241,3041
379416063.454811,779
379416078.29409,6586
379416095.834732,7114
379416116.095793,8060
379416122.131496,7651
379416134.944037,141
379416155.124602,12382
379416164.962266,12438
379416181.766231,1447
379416189.078077,8058
379416206.932809,6995
379416211.547962,1501
379416227.973591,1785
379416246.122352,12581
379416268.293233,93
379416283.717079,1479
379416294.808947,2161
379416307.451087,4614
379416327.49683,1477
379416340.75133,1742
379416352.361874,341
379416371.490946,12665
379416376.250145,451
379416400.473989,7068
379416409.374127,645
379416424.599002,12750
379416445.95585,1205
379416456.69616,4621
379416464.512418,12780
379416472.216193,96
379416478.725246,1554
379416490.30529,8552
379416507.885847,595
379416523.483214,5815
379416538.597522,210
379416549.161597,5262
379416560.368469,1405
379416576.604349,10183
379416584.894033,12901
379416605.199762,13346
379416619.843947,1517
379416635.313769,113
379416645.372471,8273
379416661.694492,13202
379416669.738328,96
379416688.534982,4741
379416701.310745,13273
379416709.480267,1847
379416722.683978,4554
379416731.912794,12957
379416744.814656,13067
379416755.268528,6922
379416760.68625,13172
379416772.874829,10031
379416783.026157,1503
379416798.057464,1791
379416813.701898,8263
379416824.258817,12994
379416839.531195,3391
379416857.059395,270
379416869.697313,94
379416888.694443,12943
379416904.594582,766
379416922.730013,6621
379416934.710292,7224
379416949.822063,7740
379416958.273849,9145
379416974.796084,2412
379417000.895274,12697
379417013.735915,9504
379417028.852352,1937
379417038.822646,12665
379417046.653833,98
379417059.945051,13191
379417069.79288,13015
379417084.803038,5281
379417095.940602,1799
379417109.322739,1706
379417119.129623,4972
379417131.274305,12658
379417144.879479,5910
379417157.680254,12475
379417173.893946,12465
379417192.249024,12543
379417212.295658,13270
379417226.004123,3558
379417246.462982,2716
379417259.401873,1705
379417274.189979,12394
379417285.634461,6805
379417303.008367,12310
379417311.665286,83
379417330.229782,6757
379417353.309199,12322
379417368.676695,790
379417382.956075,1469
379417394.529703,496
379417405.147954,12293
379417413.947466,1850
379417428.098403,12415
379417445.930789,1506
379417455.514503,12728
379417467.029608,12454
379417477.14998,7012
379417488.77462,127
379417496.512527,12444
379417506.077762,459
379417523.741619,5186
379417542.204233,12474
379417553.278254,1461
379417574.732368,1746
379417589.63614,158
379417603.74163,13318
379417617.277601,12807
379417626.430795,11364
379417639.563174,1744
379417655.296206,3460
379417664.408548,12785
379417682.099839,10254
379417702.802081,11852
379417712.805333,12514
379417722.013491,235
379417731.235639,12940
379417739.825924,115
379417756.185791,12835
379417780.85238,226
379417783.887059,289
379417801.201737,8428
379417816.487735,8675
379417831.411683,5629
379417840.647838,7581
379417853.05902,12859
379417856.599544,12922
379417877.704951,447
379417889.247769,2695
379417898.471756,2028
379417917.409273,2841
379417929.855387,12932
379417939.83731,113
379417952.439647,9618
379417966.54402,97
379417983.043752,13076
379417997.4847,380
379418012.43646,9916
379418034.91461,3608
379418045.928084,13000
379418060.472942,7608
379418077.789398,13024
379418097.50629,12859
379418107.071474,13008
379418121.405199,4621
379418129.404477,344
379418155.600813,4080
379418166.471428,12935
379418176.974798,12928
379418193.35715,5117
379418212.742578,9932
379418234.835863,7959
379418251.005021,5458
379418261.531514,12777
379418272.532685,13163
379418283.676125,12779
379418295.289287,227
379418304.080435,1741
379418315.529445,12681
379418319.670597,9393
379418344.533756,10106
379418358.341117,12950
379418373.817395,500
379418396.41501,6402
379418406.480758,12048
379418422.437688,3449
379418432.881266,11298
379418441.405343,12405
379418452.704719,7271
379418467.132221,2457
379418472.73515,4426
379418487.791848,12490
379418500.26679,12527
379418509.761795,1508
379418521.804369,12427
379418534.579512,134
379418547.94969,13184
379418559.708392,84
379418576.36179,5251
379418591.638144,12401
379418603.754216,4269
379418616.862532,12324
379418629.572201,1490
379418645.773716,3859
379418656.572566,1475
379418663.679444,12305
379418679.844386,1312
379418693.951656,12273
379418705.837497,1743
379418712.474152,8845
379418730.121767,511
379418738.578936,12346
379418761.189334,1279
379418774.609148,88
379418794.466246,176
379418809.445259,3787
379418826.051038,8829
379418832.469644,543
379418846.019406,109
379418856.486808,8413
379418870.587604,2896
379418881.475684,12630
379418902.626272,6586
379418912.839733,11293
379418922.024795,12492
379418928.630723,9070
379418939.87114,922
379418965.672868,6494
379418980.530107,12648
379418989.10213,1942
379419006.16114,1623
379419021.400292,12715
379419028.99739,12699
379419045.080291,5884
379419055.610099,12676
379419067.047509,1463
379419086.665535,12737
379419099.375156,3687
379419114.892245,12853
379419129.087649,393
379419141.720242,8795
379419155.994884,4016
379419169.296498,13139
379419183.23782,12950
379419193.534907,12919
379419206.536083,12305
379419218.885854,13104
379419231.451474,1504
379419239.164765,12986
379419253.987707,4083
379419265.473567,2171
379419268.424634,9556
379419286.148233,13066
379419299.101215,9762
379419311.650999,5400
379419319.246299,3326
379419329.159075,190
379419345.610307,5049
379419361.439815,13063
379419373.294261,1812
379419395.423853,5359
379419409.913744,1048
379419426.922651,12981
379419435.096579,344
379419451.37962,8181
379419467.338897,12984
379419477.584398,1124
379419492.980731,12981
379419506.903041,12914
379419521.679254,2441
379419530.248723,1332
379419551.151916,3150
379419556.681285,576
379419573.866328,1068
379419597.680261,350
379419608.338549,628
379419630.219938,12763
379419644.771044,12671
379419656.079484,12080
379419666.118945,6555
379419683.757268,12753
379419691.81713,11768
379419703.235347,12693
379419717.724645,6546
379419734.368559,240
379419755.432417,1441
379419766.033339,1766
379419784.174916,12916
379419802.89095,1178
379419813.2836,9331
379419833.03879,12479
379419843.258846,1330
379419854.22481,3072
379419861.453741,5489
379419879.079707,1458
379419893.525635,12615
379419902.831931,12361
379419912.990754,86
379419930.479335,12566
379419939.046509,288
379419955.445622,1808
379419960.483182,13315
379419976.779562,12241
379419996.457919,1764
379420006.475514,253
379420024.328759,12251
379420036.409004,3643
379420052.21517,1407
379420061.372589,12613
379420077.051015,224
379420094.053274,1125
379420106.27478,9638
379420125.052754,12450
379420140.920296,11281
379420151.684238,182
379420162.861934,4228
379420186.83493,12434
379420201.452753,6899
379420218.443762,12527
379420237.446914,2139
379420245.646281,12757
379420257.189069,3968
379420264.142822,12595
379420277.704664,12551
379420298.2097,12978
379420320.657362,1694
379420332.51939,12886
379420345.356847,12615
379420360.219528,167
379420374.535825,203
379420384.984114,12725
379420396.482691,130
379420405.499884,12800
379420418.625678,12871
379420430.557336,12724
379420448.496884,12791
379420452.649033,105
379420467.416396,5200
379420483.949941,13032
379420489.248165,1039
379420509.421132,318
379420515.430285,4615
379420527.879325,12967
379420535.690547,12937
379420542.456972,10495
379420563.231369,1497
379420580.383816,10789
379420599.064575,4987
379420613.132879,580
379420625.174562,13025
379420643.334972,9558
379420654.713919,12679
379420667.999275,12434
379420675.287827,6179
379420689.932649,292
379420708.144831,407
379420734.265287,5930
379420738.380165,2809
379420751.419799,8230
379420766.010845,1508
379420789.908292,1525
379420803.64517,246
379420807.9596,8896
379420819.242502,996
379420835.046755,180
379420851.496239,12270
379420857.909831,12926
379420877.227895,12832
379420885.713823,12786
379420894.241064,3766
379420901.648092,12837
379420915.063182,12945
379420927.087656,13013
379420939.762602,130
379420955.168916,12393
379420965.467241,1160
379420976.574737,11335
379420989.817789,1772
379421003.858563,2395
379421022.384574,12781
379421035.306704,1856
379421054.550814,12582
379421075.642948,12951
379421085.433735,158
379421095.191686,712
379421108.695108,12592
379421123.690332,2020
379421132.158249,2497
379421145.015021,12577
379421158.482395,2595
379421161.406833,1484
379421177.780458,11259
379421185.038131,1464
379421201.134351,1459
379421212.862423,5487
379421224.2063,8847
379421236.049171,12269
379421240.902903,12413
379421253.250352,12365
379421263.666632,1787
379421277.839668,10397
379421289.723566,7492
379421303.740283,12310
379421317.906164,12427
379421334.874587,143
379421347.663496,12232
379421360.377075,116
379421367.926215,12224
379421375.033428,694
379421389.909749,1006
379421412.266976,12353
379421422.642798,13035
379421426.819313,4471
379421435.996101,12406
379421445.629429,12784
379421467.652071,1470
379421481.007445,12593
379421497.070753,12448
379421506.467172,12411
379421515.426793,2743
379421533.414546,12510
379421546.942351,9875
379421554.232879,6011
379421561.361001,3446
379421574.377548,12524
379421583.627235,8644
379421594.457788,1126
379421603.181679,126
379421617.885719,2973
379421629.305415,6921
379421642.350356,2905
379421670.057893,12687
379421677.328184,12704
379421693.686954,128
379421702.805829,11219
379421723.557758,12701
379421735.337853,879
379421748.653466,12842
379421757.255746,12814
379421765.120826,2379
379421784.459029,1496
379421795.235913,2673
379421810.819929,3485
379421823.119894,12920
379421836.950153,12829
379421846.90567,12911
379421864.947338,117
379421880.534053,666
379421884.211812,2469
379421896.846993,1863
379421912.841619,6968
379421923.817686,6824
379421931.179462,4035
379421941.174112,12276
379421956.609162,1408
379421965.735762,996
379421976.926112,12995
379421981.967548,103
379421993.155867,13168
379422007.043602,4050
379422023.955103,1026
379422038.271731,284
379422047.000016,13166
379422057.529695,1699
379422066.597879,13043
379422078.290803,6045
379422090.986885,12980
379422098.248461,767
379422112.057463,6063
379422119.040318,12930
379422132.802067,11023
379422147.354691,12914
379422155.429596,1738
379422167.730446,7882
379422176.284867,5774
379422187.837118,7874
379422193.3851,5572
379422205.717376,1341
379422213.288321,12789
379422220.510892,153
379422227.785594,105
379422237.881411,12829
379422246.813543,205
379422258.424894,227
379422268.692107,9864
379422277.411385,1309
379422285.286724,1292
379422292.616133,11447
379422304.667599,2261
379422307.787346,1919
379422320.248498,12668
379422332.910102,101
379422337.255358,762
379422349.948088,1531
379422363.411234,4791
379422372.934703,110
379422377.883687,8475
379422386.066827,10264
379422400.848998,155
379422409.159575,8280
379422417.223519,2392
379422433.436621,12551
379422449.360906,4404
379422459.220977,337
379422465.41138,8512
379422468.884215,4731
379422480.231243,1275
379422496.818087,109
379422505.127438,12999
379422515.55133,9965
379422527.555627,12579
379422541.914422,5045
379422552.418889,1169
379422562.510595,4808
379422570.483635,10785
379422582.337968,300
379422591.272485,483
379422605.904275,3157
379422616.836421,12320
379422618.04604,8574
379422623.228216,10840
379422630.839551,12317
379422635.523099,7553
379422651.620564,1154
379422663.599519,7060
379422669.369677,11334
379422680.665523,91
379422687.073147,11422
379422691.035117,12632
379422699.233412,11928
379422705.47348,187
379422715.807942,4693
379422719.234108,1704
379422722.277254,1581
379422734.374068,886
379422735.437185,11337
379422739.638345,569
379422747.676895,4119
379422758.232809,12408
379422771.598275,746
379422777.834443,8916
379422789.84689,1785
379422801.863613,12972
379422821.311477,2321
379422828.394527,6462
379422840.009087,12425
379422847.056566,12530
379422855.256754,1111
379422865.913524,2062
379422880.238599,12689
379422893.101622,11080
379422904.327216,12553
379422912.070913,12594
379422919.912794,11569
379422934.062398,4450
379422949.469439,12685
379422952.55444,12601
379422959.139926,554
379422964.223516,12978
379422973.077608,3583
379422978.53531,2094
379422988.107506,7242
379422998.118195,323
379423004.093825,1788
379423009.444555,243
379423015.557172,125
379423018.998051,12446
379423028.282945,5721
379423045.511253,12123
379423052.214992,2339
379423057.252963,999
379423065.650147,1504
379423073.154502,2186
379423084.215869,1936
379423089.631671,12797
379423097.703249,4171
379423114.004954,1318
379423123.471273,6064
379423128.732029,3090
379423135.701022,8860
379423151.049985,12852
379423167.214919,6300
379423168.317184,2195
379423175.624926,6769
379423182.627472,10086
379423183.867136,4386
379423192.367086,1354
379423207.154767,12896
379423212.059853,8917
379423216.2012,12954
379423227.492033,12985
379423238.006914,10331
379423251.428198,12967
379423263.676362,7468
379423271.247486,2059
379423277.154494,549
379423279.25578,8759
379423284.35561,3620
379423288.032293,1288
379423296.433929,1074
379423299.392521,13180
379423305.694747,6714
379423312.035294,7668
379423319.916238,2795
379423324.184505,8915
379423330.365454,5719
379423338.191996,11846
379423347.448892,2204
379423351.0351,797
379423362.262278,177
379423371.169202,13000
379423383.523411,13179
379423393.834511,236
379423400.332097,3020
379423417.406995,9010
379423444.092976,12965
379423456.984207,12921
379423468.265279,977
379423481.198655,2852
379423492.273446,3340
379423500.56536,2084
379423511.151529,123
379423523.694285,86
379423538.543947,3099
379423546.975627,1754
379423555.091385,11396
379423575.340434,8424
379423586.247237,12967
379423597.300366,4289
379423607.121123,284
379423621.324798,1500
379423632.236635,181
379423650.146072,1532
379423674.860293,10728
379423691.175635,1483
379423704.632581,12810
379423717.344189,12975
379423729.840594,193
379423740.860836,1305
379423749.575693,12561
379423769.27874,2429
379423780.298438,12597
379423802.630774,13291
379423818.366147,13294
379423831.370149,12418
379423845.132557,10396
379423855.486315,10617
379423870.587814,3029
379423888.183424,6549
379423900.105586,9572
379423908.729166,1518
379423924.305283,12334
379423946.703373,507
379423962.565481,3438
379423977.848674,1519
379423998.741981,3375
379424010.94162,12278
379424025.64031,11115
379424046.133344,1791
379424052.889092,12398
379424060.825135,11322
379424071.252852,12368
379424093.512737,132
379424107.439682,7107
379424116.58379,7922
379424122.467217,12443
379424132.901537,12426
379424148.678635,1598
379424156.064731,8772
379424164.936698,2271
379424174.945788,12494
379424186.602366,12774
379424203.114999,8013
379424209.313363,12611
379424228.162296,6726
379424238.818735,5230
379424252.063609,497
379424262.544996,1667
379424268.595744,5245
379424273.729459,12637
379424290.463436,1934
379424300.452381,9811
379424314.827908,4953
379424323.245917,13002
379424335.248421,2065
379424343.752999,2119
379424354.669855,11548
379424369.009953,170
379424378.173925,3590
379424391.815423,94
379424401.409782,111
379424409.387302,4984
379424420.084383,1479
379424432.593529,10464
379424442.637043,7261
379424453.253008,502
379424461.06716,1409
379424470.058042,9638
379424477.977293,1444
379424488.222244,10600
379424498.397082,12919
379424503.501919,6361
379424517.241221,12916
379424521.399663,10670
379424530.791795,261
379424545.909694,13013
379424557.706175,574
379424573.434179,192
379424587.44213,1496
379424599.021382,1650
379424607.543847,6814
379424616.886796,196
379424623.137546,13139
379424634.068437,662
379424643.785604,6501
379424654.582682,8679
379424665.546773,7271
379424676.927061,83
379424691.365719,1724
379424697.350033,13008
379424709.95422,1502
379424724.567772,4489
379424737.665029,13030
379424755.749548,6476
379424771.766198,2248
379424781.754923,12978
379424788.095392,2097
379424802.878345,12914
379424811.052277,178
379424821.258135,8836
379424830.511198,12867
379424843.146592,230
379424850.86721,3397
379424861.682571,169
379424874.539009,5275
379424881.549196,4047
379424891.138513,8849
379424896.181628,9859
379424903.850888,1878
379424922.273136,3399
379424929.268022,333
379424934.236757,2446
379424942.228277,1137
379424954.764045,1359
379424964.565744,2553
379424969.529557,12085
379424975.583249,2013
379424983.286681,12834
379424998.923358,2301
379425014.587946,13214
379425030.874914,290
379425044.95408,96
379425052.870747,12584
379425059.446743,1703
379425072.265132,6768
379425076.715378,5443
379425090.252447,12725
379425098.718469,12516
379425100.15229,5748
379425117.8863,1746
379425128.310139,8602
379425149.264511,5354
379425154.964737,12524
379425176.415844,4708
379425198.126214,12365
379425213.036067,717
379425225.831773,12348
379425239.082358,186
379425269.388359,108
379425284.155205,12543
379425300.672523,12228
379425310.677087,2448
379425330.517924,12268
379425338.569355,217
379425353.242917,12320
379425365.437329,12624
379425379.942186,11935
379425396.810977,358
379425413.395313,12401
379425428.389546,403
379425444.03688,12455
379425448.952507,1476
379425460.668927,12462
379425471.915671,12414
379425486.062824,512
379425494.187172,9952
379425506.238827,5783
379425523.468396,1832
379425537.685322,1436
379425554.507181,1385
379425567.58268,12786
379425579.595849,12779
379425595.859005,12986
379425602.630855,1492
379425615.572139,12675
379425629.359632,12683
379425641.543773,894
379425653.05047,12748
379425675.676512,5391
379425681.05792,9634
379425691.501928,630
379425709.797879,1764
379425722.344764,11911
379425734.287439,4785
379425743.583132,1843
379425764.609595,12196
379425775.032462,1527
379425788.644111,1465
379425803.559883,2420
379425815.711763,1419
379425829.544012,12890
379425847.248369,2923
379425856.766008,12961
379425868.314914,414
379425880.328818,12976
379425892.257357,13020
379425910.286666,655
379425919.670248,4945
379425934.709694,13055
379425946.41518,1500
379425958.097837,3549
379425973.014711,93
379425979.974374,2374
379425991.581891,13225
379426001.300288,4174
379426019.29247,440
379426031.37419,4239
379426049.066379,2153
379426060.521971,2454
379426070.749491,5807
379426081.343097,4521
379426095.247906,3740
379426108.604611,134
379426117.377799,12970
379426122.617081,1538
379426133.793156,10460
379426145.556267,10002
379426154.035758,10728
379426161.707585,2457
379426168.697967,245
379426181.442845,12811
379426196.056824,12779
379426202.835835,204
379426213.476528,1008
379426227.386324,1452
379426239.712294,12800
379426254.318101,12694
379426259.305933,11132
379426268.233399,12743
379426275.817102,12718
379426286.968678,12761
379426296.59959,7628
379426307.68663,5694
379426319.232752,1573
379426334.85426,1117
379426343.734176,1341
379426349.820965,9912
379426362.322083,12025
379426375.85006,7756
379426381.527052,824
379426394.055293,229
379426406.043304,12588
379426418.062005,2528
379426426.181723,5975
379426446.068842,12491
379426456.527171,3227
379426464.033323,11951
379426473.946664,12430
379426483.16247,4366
379426500.113851,12723
379426509.313496,12418
379426523.178868,12400
379426536.176991,12331
379426547.23384,1759
379426560.640385,12408
379426574.879307,6399
379426592.0617,12269
379426600.894437,625
379426614.655247,12292
379426620.70789,12339
379426631.88066,12832
379426644.432798,12228
379426648.184363,1253
379426664.899613,1936
379426679.966314,12335
379426687.622514,7684
379426696.688495,326
379426708.545327,12321
379426718.019676,118
379426729.711822,97
379426741.728084,2851
379426760.230459,894
379426765.130661,12452
379426774.360392,9502
379426786.685799,12361
379426797.269635,2392
379426807.922461,2039
379426812.296769,13220
379426826.047807,1064
379426830.895562,12615
379426843.597061,2684
379426853.437661,10151
379426869.211411,6595
379426882.573111,5870
379426890.953717,1624
379426901.556446,12600
379426912.037178,522
379426917.839808,12629
379426929.572372,12645
379426936.0278,1439
379426942.981067,1538
379426958.466625,1762
379426981.393987,189
379426989.715299,12636
379427004.042652,8039
379427021.135723,1507
379427027.627278,1463
379427046.447506,7938
379427055.46385,1541
379427068.191503,5591
379427079.086833,208
379427090.703052,317
379427095.78242,3514
379427102.697833,3568
379427107.762762,3684
379427119.562061,12828
379427126.223694,255
379427138.108541,98
379427146.684168,1313
379427155.095569,1475
379427165.55731,6774
379427175.526024,884
379427185.222203,923
379427191.069333,87
379427201.263549,1801
379427212.862516,705
379427219.326761,1477
379427236.361852,13007
379427249.329825,8215
379427256.458562,1516
379427273.975816,249
379427284.325262,10210
379427295.584722,13031
379427306.588731,11592
379427324.169552,963
379427328.81068,12881
379427340.388185,5626
379427347.773683,12187
379427355.164197,158
379427372.922028,2739
379427383.548307,925
379427405.183132,6798
379427414.749181,407
379427436.840802,13021
379427446.306825,4569
379427463.741634,90
379427475.409934,12841
379427485.868222,6597
379427505.008826,5149
379427520.016094,4379
379427532.429197,12985
379427542.93059,7624
379427563.924337,12770
379427575.000701,2193
379427582.086621,12858
379427592.793971,607
379427606.570051,1386
379427627.409409,6816
379427641.984659,12933
379427659.4195,948
379427671.179437,12609
379427685.849828,13355
379427705.013188,3783
379427714.012727,5287
379427720.898552,1776
379427735.81291,11410
379427749.697535,1446
379427766.050967,13354
379427773.716406,2721
379427783.051923,600
379427791.074801,2320
379427802.388296,2549
379427831.366631,1470
379427842.435419,8144
379427848.977469,12574
379427867.649797,1749
379427877.729116,214
379427901.44313,613
379427906.120946,1378
379427920.435709,12567
379427931.501065,721
379427939.919551,2661
379427948.995927,132
379427962.481966,218
379427968.484764,12661
379427980.117206,7817
379427991.396173,12556
379428006.247206,1704
379428021.469887,8860
379428031.748311,8735
379428044.337482,12329
379428054.162139,1432
379428059.79725,12542
379428076.291034,12315
379428083.538057,3557
379428095.603733,207
379428112.481541,10249
379428117.678533,795
379428129.476732,967
379428140.406255,12487
379428154.149248,12498
379428165.362401,13332
379428173.212734,12471
379428184.388651,12546
379428192.806949,11092
379428208.640644,3454
379428217.54355,12985
379428227.546288,1494
379428240.847505,1529
379428251.885635,99
379428274.558536,12673
379428290.568072,1336
379428304.212811,1784
379428311.847592,6869
379428325.714111,9100
379428336.75903,7794
379428347.049835,3032
379428359.418982,8803
379428374.071752,6297
379428387.153206,998
379428396.962832,898
379428415.314617,1293
379428427.429494,1036
379428437.163619,10144
379428451.119205,4033
379428463.984004,1582
379428474.407631,6249
379428485.753556,365
379428497.51515,12966
379428510.023436,2085
379428523.575627,4637
379428533.975677,261
379428543.453097,13105
379428560.32957,13350
379428573.779756,12746
379428579.089199,3265
379428593.434883,9467
379428599.463551,13169
379428603.471592,2474
379428613.497577,123
379428631.390719,13114
379428649.229524,4904
379428661.131814,2492
379428669.689528,12993
379428679.661967,2460
379428687.13672,804
379428696.965561,3477
379428710.200309,13026
379428724.823825,13011
379428735.501711,7124
379428751.947096,1354
379428769.232907,12952
379428784.011014,11536
379428796.171733,12905
379428814.125723,13069
379428825.890425,13120
379428839.805958,7991
379428849.419221,96
379428865.43543,204
379428872.378087,9855
379428879.118424,12808
379428886.631886,7076
379428895.959017,4570
379428904.97033,855
379428909.353523,3359
379428923.523105,497
379428930.804018,12801
379428935.145936,11455
379428956.336819,599
379428966.591528,4358
379428985.78744,1399
379429001.97697,12698
379429018.919007,668
379429030.273264,8577
379429048.865404,12997
379429057.992338,632
379429069.445207,462
379429077.221185,12588
379429091.939206,12537
379429103.420507,10481
379429110.445089,12761
379429131.120988,12427
379429144.50749,9938
379429151.60857,97
379429168.706109,1110
379429174.722197,1845
379429185.36187,1820
379429197.632723,12616
379429203.858528,1380
379429213.695424,174
379429222.884112,414
379429227.129509,453
379429236.321241,265
379429250.720429,1610
379429255.567255,13049
379429271.219373,120
379429280.86528,302
379429288.120396,6412
379429295.449498,4476
379429299.199537,9337
379429305.170181,12135
379429310.566228,2380
379429319.766918,1198
379429325.89784,12268
379429335.105074,6725
379429349.082791,9467
379429358.497229,109
379429368.400209,10218
379429387.615209,93
379429402.355102,12194
379429408.826961,12418
379429425.032634,101
379429444.158241,649
379429453.683992,117
379429465.232299,10960
379429469.900373,12871
379429475.736336,6665
379429491.327409,291
379429497.86891,12604
379429521.900372,9581
379429537.018907,700
379429549.721219,13029
379429552.831482,12789
379429562.896992,1762
379429571.846917,12633
379429592.975652,972
379429610.383103,142
379429620.456372,12629
379429634.362409,10126
379429645.985762,7536
379429662.505383,1358
379429673.378357,6773
379429685.125173,3115
379429696.411009,267
379429708.408811,2061
379429723.361229,1496
379429740.087629,1184
379429754.886195,5489
379429766.181738,1743
379429777.349102,1885
379429783.169752,12865
379429795.785562,12833
379429804.674457,12987
379429814.729314,12946
379429822.71518,1478
379429830.751902,118
379429832.285809,1501
379429843.916412,1737
379429848.885984,12585
379429861.08375,1509
379429871.732778,131
379429883.962843,9613
379429891.180995,5627
379429906.09525,9130
379429923.335587,13122
379429948.697531,10504
379429957.508148,13122
379429965.906039,1459
379429982.390777,91
379429994.408467,13105
379430013.343698,13011
379430032.59636,105
379430046.503068,12983
379430056.324647,12353
379430069.897266,11560
379430087.148727,12964
379430103.497059,107
379430121.162314,1724
379430142.907118,12877
379430162.803195,90
379430180.781241,5294
379430198.302274,1410
379430207.266889,156
379430220.626749,5643
379430230.167004,1461
379430241.601824,12693
379430258.476839,1737
379430265.778064,1280
379430294.763292,741
379430301.886893,12862
379430317.008367,6277
379430335.463337,12849
379430349.535164,12596
379430370.096868,293
379430385.205153,13010
379430397.843273,12549
379430404.34702,5369
379430410.632572,11556
379430413.172526,1842
379430419.483804,12897
379430423.898961,12913
379430428.377648,8558
379430436.817521,12521
379430443.343027,6720
379430451.798189,12473
379430459.559406,1553
379430470.985707,1056
379430476.578499,5589
379430483.583777,1815
379430489.993751,5544
379430508.377561,12420
379430524.411512,12552
379430534.087324,12526
379430545.887363,12678
379430562.835443,12346
379430590.187256,1419
379430611.097282,1780
379430632.847946,7241
379430646.795543,1817
379430662.346003,12290
379430672.944803,89
379430682.542279,292
379430698.233816,12685
379430714.015396,577
379430735.591196,12447
379430748.46559,869
379430756.440416,1501
379430763.671508,1495
379430776.327312,1003
379430794.032041,1771
379430806.277361,228
379430814.575679,1739
379430820.408785,9232
379430847.670691,12702
379430856.257689,107
379430865.794533,9326
379430880.978903,12724
379430895.91589,7046
379430907.370369,12637
379430916.872524,1850
379430927.781406,3875
379430932.877452,11228
379430943.644332,1543
379430954.841704,2720
379430960.195479,5641
379430976.361046,12684
379430988.362747,12672
379430994.450078,5059
379431002.085207,9779
379431002.359376,3161
379431013.498725,1469
379431021.418208,212
379431032.635238,1528
379431041.983567,12810
379431062.951612,12800
379431079.650935,1827
379431093.868613,12870
379431113.097702,8621
379431125.932641,3488
379431134.432388,13056
379431159.765502,2119
379431168.178991,8083
379431184.457192,12908
379431206.946723,12989
379431213.559586,815
379431223.320099,5329
379431239.465745,461
379431250.619465,9878
379431264.791909,8069
379431287.693389,8302
379431298.399278,2077
379431306.764047,521
379431317.175401,6326
379431335.825115,4521
379431348.610196,13061
379431359.061125,2056
379431381.368906,12949
379431395.341092,11138
379431405.412135,774
379431415.680461,13039
379431433.149351,12914
379431445.429338,1719
379431462.453231,6112
379431477.732823,12859
379431483.306789,630
379431488.000794,5859
379431500.643643,11973
379431505.749709,7174
379431510.778243,1486
379431523.461648,13213
379431536.844641,1546
379431550.829251,1448
379431561.780874,2256
379431570.370813,114
379431584.705405,672
379431589.968568,4608
379431601.625385,1775
379431611.332136,10981
379431623.248065,5555
379431637.213357,12613
379431649.383785,9269
379431656.746668,12875
379431663.087101,204
379431675.919143,4777
379431686.074864,12559
379431700.826367,642
379431710.360244,12605
379431723.852968,4941
379431742.888477,680
379431750.974675,12585
379431759.865396,767
379431774.777942,1327
379431784.942619,1349
379431796.526811,12509
379431812.696549,1484
379431833.984116,12362
379431843.482558,11916
379431856.342056,12483
379431868.110466,114
379431884.752956,12360
379431906.081482,12268
379431916.131001,12434
379431927.336522,213
379431935.629855,1288
379431950.76197,12288
379431953.760137,12453
379431971.726376,12285
379431985.209634,1512
379432004.402745,10395
379432019.476565,4996
379432026.963898,12535
379432045.403216,12878
379432060.614474,1166
379432082.635042,1477
379432098.308065,1403
379432115.445117,12530
379432128.187055,1718
379432146.673578,3037
379432155.915469,9611
379432166.054819,247
379432185.861265,3806
379432196.834016,2718
379432206.436065,868
379432222.867727,114
379432239.678675,12550
379432253.171043,1595
379432269.594363,2283
379432283.833994,86
379432302.369409,2301
379432313.699054,602
379432326.030273,12932
379432341.057554,12747
379432352.056559,1065
379432366.620087,401
379432379.609008,5203
379432398.446443,9445
379432410.432328,6320
379432422.037212,3047
379432433.64837,12870
379432449.083426,100
379432456.612572,7371
379432472.181124,3831
379432488.639483,481
379432506.234861,9502
379432514.817153,13024
379432525.31992,1686
379432547.491688,2142
379432562.175804,12175
379432573.628611,2382
379432585.486172,3667
379432595.614216,1462
379432609.839378,215
379432620.221259,13121
379432633.889346,13092
379432641.727003,1458
379432650.707019,1582
379432670.157011,5932
379432682.938555,1143
379432702.654465,98
379432713.735006,100
379432727.058711,3580
379432739.730239,1301
379432760.307197,97
379432776.980332,102
379432789.300465,966
379432805.552894,12987
379432814.377854,8932
379432830.919212,3053
379432842.963877,1769
379432862.145944,12739
379432883.210706,1849
379432892.618399,1729
379432904.688665,12705
379432910.03943,5285
379432915.258705,294
379432919.65116,1421
379432930.994256,7286
379432939.003975,3484
379432943.059329,1890
379432947.360873,8431
379432953.160442,948
379432959.989549,4611
379432972.306299,5538
379432976.15383,4407
379432983.140739,3037
379432988.925308,460
379432996.329144,2018
379433006.156227,1367
379433019.836947,12745
379433042.462008,8967
379433052.444118,12570
379433062.119597,12538
379433072.893898,12535
379433084.404656,6557
379433096.337037,12837
379433114.075965,12621
379433128.229131,12454
379433148.890573,12410
379433160.931478,12457
379433170.895718,1899
379433178.983738,4526
379433191.959851,3765
379433202.175965,171
379433217.266137,128
379433230.109476,3725
379433238.352627,12350
379433256.388498,12404
379433262.183379,13109
379433277.969004,2254
379433302.218307,124
379433314.218858,216
379433327.721971,9408
379433347.433164,12288
379433365.972135,1503
379433381.105541,928
379433398.288485,12448
379433419.260832,12474
379433435.283739,12501
379433453.677729,425
379433468.986353,12519
379433478.907396,2969
379433489.006892,9217
379433508.545865,353
379433518.583672,13232
379433530.936384,12843
379433542.769462,132
379433562.842332,7767
379433580.402286,565
379433606.734874,12941
379433623.634607,512
379433643.048063,3317
379433659.46142,1727
379433685.489821,767
379433701.461587,3099
379433724.000131,5588
379433733.509924,12792
379433744.567032,421
379433758.8932,1866
379433766.505762,12861
379433780.105752,5369
379433791.169321,8919
379433801.545297,1463
379433822.838175,8359
379433831.380909,496
379433841.385487,2270
379433850.689952,12956
379433859.705998,12035
379433880.73714,13014
379433895.914777,1454
379433902.491171,5234
379433916.773423,13128
379433929.311627,1444
379433936.562423,13073
379433950.919975,13041
379433967.816896,13001
379433984.107009,13197
379433991.487299,1499
379433998.03953,1077
379434007.397982,3824
379434028.021408,1542
379434044.930419,953
379434058.066759,9426
379434071.401746,1569
379434075.430751,1371
379434086.810644,170
379434101.48332,246
379434112.208216,12815
379434130.506747,3474
379434146.754041,98
379434165.090297,11591
379434174.38023,1943
379434187.140691,1060
379434200.754731,12774
379434213.483425,13208
379434228.854558,897
379434241.796102,12731
379434256.57031,12693
379434269.894268,12697
379434283.268259,5853
379434302.377047,12883
379434304.486472,9370
379434320.428364,12785
379434326.212202,12684
379434335.495509,7721
379434342.187372,12590
379434359.718163,12529
379434369.502143,10023
379434382.339776,8834
379434398.396543,12490
379434412.705884,13043
379434419.919821,10252
379434430.16436,91
379434443.72998,330
379434452.500577,124
379434466.533858,6834
379434488.412669,12352
379434500.387964,6455
379434510.010714,12447
379434525.386141,90
379434537.649219,83
379434559.039428,13079
379434569.23249,1498
379434581.351018,1349
379434589.912088,12277
379434597.065741,12307
379434614.813409,1492
379434640.873582,236
379434652.684271,1770
379434664.559616,1003
379434682.374506,4706
379434696.232315,12064
379434718.583166,12471
379434726.425277,1756
379434741.297514,92
379434753.8146,12473
379434765.032308,1032
379434778.606449,12662
379434790.33128,903
379434800.760685,4243
379434812.857598,10027
379434824.50557,12572
379434845.963563,8169
379434859.447351,86
379434870.770542,939
379434882.447329,8312
379434894.490633,12747
379434906.980421,12763
379434914.520939,1482
379434930.971586,12808
379434946.531387,1764
379434962.863165,12741
379434981.955523,1580
379434998.29557,219
379435007.576991,864
379435014.323433,12792
379435032.331255,6941
379435045.210416,227
379435063.136251,4438
379435076.448393,1741
379435085.513905,269
379435092.514949,3770
379435111.560651,13045
379435128.802361,7527
379435137.999012,843
379435154.357655,12942
379435164.592211,1507
379435179.281658,1730
379435192.96688,13117
379435204.040542,13008
379435222.848356,13016
379435240.788213,295
379435249.35665,301
379435253.233004,8277
379435268.363159,3858
379435285.532498,6716
379435298.836324,2673
379435313.002977,12986
379435333.352566,1667
379435349.021859,12991
379435353.073292,2921
379435367.065155,1266
379435379.159931,13005
379435393.280696,3321
379435402.431641,1494
379435413.373115,12882
379435419.729699,12889
379435428.726963,12898
379435442.019867,3144
379435454.57838,12843
379435466.811141,12858
379435478.864454,4271
379435491.31279,1256
379435506.518522,86
379435526.890234,1092
379435540.948343,1485
379435548.301053,12764
379435568.793444,12641
379435573.688906,12709
379435589.831606,1758
379435606.372536,12857
379435612.840489,1907
379435628.217837,12663
379435635.556048,3284
379435651.620082,12726
379435664.537224,12609
379435674.844826,12815
379435691.796687,7479
379435704.620429,10472
379435719.897853,318
379435727.916324,11465
379435737.379232,12681
379435752.192577,224
379435763.787233,1748
379435776.043428,12428
379435786.869971,12512
379435799.861611,3106
379435812.289004,10397
379435820.761527,13022
379435838.34165,11365
379435852.869952,8990
379435864.582455,1204
379435878.943971,12374
379435888.200353,12461
379435903.510594,3826
379435916.990219,1790
379435925.185301,8854
379435933.904288,13131
379435947.933861,600
379435958.56683,820
379435971.94507,1039
379435985.188105,9514
379435996.731821,12312
379436001.305032,7042
379436018.81343,815
379436032.092834,262
379436043.820157,12349
379436064.914484,6853
379436085.987229,333
379436106.478733,188
379436119.235095,553
379436135.22129,12749
379436145.351032,92
379436163.673949,2651
379436177.242036,134
379436197.363264,12600
379436212.970949,586
379436231.538003,1080
379436247.831645,13282
379436254.746632,12625
379436267.236974,549
379436282.068287,1081
379436288.479081,12713
379436299.575866,1782
379436310.078128,5152
379436326.469789,112
379436330.561734,7738
379436340.580765,1853
379436346.503667,411
379436357.01634,12943
379436363.651852,2080
379436370.513231,12868
379436381.285157,12820
379436388.544542,102
379436401.24839,467
379436412.19175,9019
379436428.439721,2228
379436452.611351,114
379436469.79029,12971
379436482.251563,355
379436491.118207,12982
379436503.425238,7739
379436525.004888,1227
379436538.364576,238
379436548.960058,13118
379436561.382666,13194
379436578.254841,3951
379436589.406785,7297
379436597.993567,13199
379436607.661396,2027
379436620.210867,13065
379436631.788344,6887
379436643.416005,1766
379436660.302651,12998
379436684.002876,12938
379436693.676843,6476
379436708.787492,11304
379436720.676937,13069
379436734.735846,1445
379436738.942929,12935
379436748.571452,1669
379436758.768693,11432
379436768.68582,1338
379436783.744526,1745
379436802.699737,94
379436814.137992,1726
379436822.361905,5860
379436835.541648,1752
379436850.987424,9280
379436866.523954,7153
379436876.757163,1691
379436895.437989,1498
379436905.722445,7879
379436913.519848,381
379436925.624521,8667
379436941.529389,702
379436965.269719,12265
379436982.605417,3897
379436996.293272,12586
379437018.50527,2413
379437028.497238,12514
379437038.85426,692
379437054.035664,5836
379437068.163804,13138
379437081.767795,12782
379437101.281588,551
379437116.248287,12419
379437125.454766,12398
379437137.238075,4176
379437153.246396,1800
379437163.236151,412
379437171.912058,1575
379437176.321918,5510
379437189.573587,12359
379437199.849797,2989
379437212.48877,10885
379437219.948376,4061
379437235.012607,5906
379437250.592467,113
379437269.148455,8116
379437277.697686,7384
379437287.071177,116
379437296.386199,12480
379437301.919007,5379
379437316.027492,12377
379437324.968542,4206
379437337.344073,11139
379437348.000007,2679
379437361.396733,12384
379437371.746391,1412
379437380.730538,1550
379437393.363131,105
379437401.82599,12414
379437411.481486,5109
379437427.861068,12466
379437445.228034,8779
379437459.572095,434
379437470.806137,621
379437483.410636,1487
379437492.434506,112
379437516.908032,12555
379437528.795261,85
379437533.452203,1139
379437548.669345,239
379437567.538718,1544
379437579.561043,2509
379437589.452736,8439
379437604.438278,8693
379437614.674361,3531
379437622.85914,1789
379437632.670335,11471
379437638.167887,325
379437648.93644,1251
379437662.546773,106
379437666.33494,5743
379437672.312093,104
379437684.062729,100
379437695.713488,12826
379437701.348924,618
379437710.075432,2148
379437720.030044,1822
379437737.256551,108
379437748.365385,12865
379437762.039973,1141
379437777.776029,7620
379437787.244883,392
379437800.130332,1771
379437814.388688,951
379437831.971462,1391
379437842.019352,194
379437858.820315,625
379437870.07297,13047
379437887.494189,5458
379437893.784225,3545
379437910.032466,13061
379437915.382748,13045
379437934.037029,5667
379437947.713746,13253
379437962.610707,614
379437971.629447,7346
379437981.164699,13072
379437998.474029,484
379438012.14958,1550
379438028.978039,13091
379438040.559665,9768
379438059.179019,13113
379438073.450195,2733
379438080.50639,5466
379438098.221898,4297
379438113.361737,862
379438122.095173,1797
379438126.80549,1504
379438139.563346,12835
379438154.379376,8177
379438159.428913,3793
379438175.260029,1677
379438179.640263,12757
379438195.595977,3735
379438212.86652,92
379438220.553735,9853
379438226.683024,1344
379438233.301546,594
379438240.85006,486
379438252.655943,86
379438258.954432,115
379438269.987178,1792
379438280.434206,12753
379438283.779256,12596
379438295.745462,400
379438306.053095,1760
379438309.041734,4187
379438321.542856,537
379438330.790544,12667
379438340.048853,1982
379438357.446116,8344
379438368.767855,12543
379438379.611502,318
379438393.841075,1516
379438403.948926,7403
379438417.10673,12923
379438428.34086,4443
379438435.385577,12433
379438447.664729,503
379438458.208905,6433
379438467.143423,699
379438476.510245,8415
379438485.991991,5542
379438493.69087,4800
379438510.710183,1569
379438521.166165,138
379438528.835992,232
379438536.562182,12339
379438543.769234,12378
379438556.95191,6083
379438565.684118,13276
379438581.565584,4099
379438598.218221,638
379438608.824168,800
379438618.040789,8237
379438630.280389,12635
379438640.364679,780
379438654.869352,1702
379438667.159133,129
379438677.777423,12429
379438688.556234,12384
379438698.217066,1220
379438712.158642,5781
379438727.840426,12444
379438744.648097,104
379438756.973404,1730
379438764.91491,5360
379438782.317154,1233
379438790.631244,4580
379438804.58027,167
379438817.573807,9100
379438825.031439,2895
379438835.951065,1837
379438839.711143,12580
379438851.548901,12597
379438854.733158,184
379438862.786146,10177
379438879.366444,3736
379438890.057759,12762
379438895.337616,2987
379438905.991099,2145
379438914.940853,13224
379438925.837714,1849
379438936.130616,1735
379438952.378934,1645
379438957.327271,4236
379438962.494044,13012
379438971.350779,3328
379438980.896067,1558
379438998.059237,102
379439023.196364,210
379439042.023651,497
379439060.316511,5100
379439077.414995,12823
379439080.727399,354
379439093.232131,12924
379439102.798772,355
379439111.698507,8241
379439126.37116,11099
379439149.00974,13088
379439159.717115,6728
379439178.032026,13051
379439190.918347,8165
379439206.62907,93
379439223.913478,433
379439238.934267,1600
379439254.257219,13026
379439266.722591,13179
379439276.27099,416
379439286.379838,2279
379439299.004188,1851
379439313.007493,10922
379439333.672224,13009
379439349.029823,1794
379439361.426462,1352
379439375.909071,236
379439391.607692,13027
379439400.999673,3050
379439414.025715,957
379439427.65312,3677
379439441.608087,688
379439454.210918,114
379439461.756645,2699
379439470.773187,4241
379439486.132272,4365
379439502.005402,191
379439507.42901,1827
379439517.515724,11668
379439529.796922,10366
379439538.553569,2858
379439556.04109,3973
379439558.855522,3181
379439570.628091,1499
379439582.699337,4896
379439591.788682,2138
379439601.034058,84
379439610.952434,9523
379439625.799572,12621
379439634.377258,12562
379439644.125187,4270
379439650.218893,6441
379439659.096763,458
379439668.687511,97
379439678.981804,12744
379439698.801397,3153
379439713.346921,3280
379439723.115701,2478
379439735.762019,5462
379439746.285573,12406
379439757.482673,12427
379439771.519531,1736
379439783.595354,1783
379439809.076115,1143
379439821.175014,1499
379439830.918604,3947
379439851.109136,9120
379439869.917632,2681
379439889.581437,2333
379439899.908316,3035
379439917.444562,577
379439932.214262,12652
379439941.812399,289
379439949.028443,12571
379439965.877139,12340
379439974.662059,12350
379439989.046695,8356
379440001.341865,980
379440023.61285,582
379440028.528367,7807
379440041.668656,9121
379440051.533226,3284
379440063.626413,1103
379440074.358284,151
379440080.557499,3025
379440091.392573,12518
379440109.214922,12466
379440114.267925,99
379440127.820454,1394
379440137.03711,1721
379440149.481233,463
379440164.138562,177
379440174.369561,3218
379440183.860887,9173
379440197.095875,1430
379440212.273611,12731
379440238.56679,5609
379440247.969778,12968
379440273.422142,12798
379440280.07799,12818
379440295.640468,12846
379440306.890124,11600
379440316.577869,12771
379440327.233641,5186
379440342.348321,1470
379440350.592727,12842
379440361.629371,11139
379440369.623608,2026
379440381.367271,12885
379440391.842607,155
379440411.969645,198
379440431.653235,12917
379440440.014317,602
379440454.413457,12891
379440469.816658,957
379440491.040181,12626
379440497.483018,13261
379440515.299017,440
379440524.9449,8980
379440540.52975,480
379440550.447941,4543
379440566.224937,1294
379440578.165033,3808
379440591.978236,1781
379440605.716372,13059
379440610.692473,13038
379440618.000727,13112
379440635.853809,12983
379440648.077937,1808
379440658.444301,12918
379440667.629674,6520
379440686.05703,12992
379440692.737603,1466
379440710.548626,1400
379440722.051211,13041
379440731.615614,140
379440742.582972,1512
379440755.963602,8982
379440768.708665,92
379440776.238247,12827
379440789.208966,5187
379440800.953366,1471
379440820.194507,3753
379440832.64507,12761
379440839.034487,1493
379440858.62946,6176
379440867.402321,1273
379440873.585212,8010
379440881.077689,849
379440889.302793,698
379440894.202691,1768
379440901.004819,12615
379440911.99634,3037
379440924.260159,2689
379440930.822729,3360
379440944.024735,12806
379440952.207895,4901
379440961.839503,12957
379440969.576993,854
379440978.546623,12691
379440990.010226,4639
379441003.859605,166
379441011.209477,12594
379441023.499855,1684
379441033.211294,12571
379441043.263576,567
379441059.771281,5711
379441068.811298,12437
379441070.59927,5940
379441077.353353,889
379441091.229988,2374
379441097.92633,12605
379441105.552268,8136
379441114.825046,2350
379441121.839973,8741
379441139.636971,82
379441146.109257,2131
379441157.213397,3297
379441167.221924,4685
379441176.85353,13094
379441185.63812,732
379441198.647265,920
379441210.130146,12222
379441219.386933,176
379441231.253054,12868
379441243.651723,3729
379441252.127865,12266
379441258.1639,11010
379441265.727608,3180
379441278.066282,3840
379441290.627206,420
379441301.79369,12295
379441314.292447,10314
379441322.872619,4304
379441330.090806,1274
379441343.273049,12353
379441350.15004,12514
379441359.835833,183
379441370.779063,10674
379441390.11412,3407
379441407.00589,1489
379441417.713031,6046
379441427.110221,12572
379441440.483867,12026
379441447.301212,1432
379441452.997459,481
379441464.145995,203
379441472.756969,608
379441485.604594,5078
379441502.442903,3613
379441514.110255,1509
379441525.205531,12659
379441538.615963,1521
379441553.302538,6022
379441568.211624,1772
379441578.894944,12666
379441589.478835,4029
379441608.427911,10464
379441615.837718,11746
379441624.015965,12831
379441632.884729,101
379441650.403495,12791
379441662.057026,1496
379441669.340967,9298
379441679.903492,6488
379441699.14518,11518
379441709.637188,1775
379441725.15713,12897
379441733.84362,12824
379441742.265655,8323
379441754.859882,12944
379441769.410429,1691
379441785.390496,6538
379441799.143418,1492
379441812.365224,5412
379441826.5229,1483
379441838.224712,8459
379441850.206549,2556
379441865.383844,3050
379441875.325686,4225
379441885.791213,3321
379441890.86639,13265
379441904.080312,1465
379441919.763691,13088
379441929.898349,1422
379441936.078445,13110
379441958.612237,12988
379441963.679739,2389
379441976.019856,8521
379441985.380765,325
379441997.299453,4678
379442010.408928,13028
379442020.49844,2129
379442033.989651,12908
379442041.306226,7539
379442052.459072,728
379442067.006981,632
379442076.57589,6811
379442085.438123,12835
379442096.279471,2068
379442108.54231,6065
379442118.234489,12816
379442133.127891,12594
379442142.678404,3976
379442154.754577,83
379442161.278213,5377
379442167.010595,10108
379442175.672523,9937
379442181.431109,1126
379442188.883667,8898
379442199.560194,12739
379442211.467725,12343
379442222.850596,3016
379442231.225413,8449
379442246.239522,12629
379442264.431021,12641
379442280.651677,2597
379442289.225333,12931
379442302.697183,3224
379442314.404721,12560
379442325.161856,1524
379442329.824461,3144
379442341.737935,1464
379442353.828179,12515
379442365.953742,3413
379442371.675509,1065
379442384.868689,86
379442400.516861,4205
379442408.002124,12684
379442420.95947,2932
379442431.815046,10913
379442440.192038,860
379442447.502465,312
379442461.346688,2448
379442471.145038,12639
379442480.286465,13175
379442495.532957,11961
379442507.463167,12572
379442523.306995,1484
379442535.004944,8153
379442547.881819,1777
379442559.522811,10480
379442580.143556,6932
379442589.361569,1808
379442602.529125,13324
379442621.430331,1689
379442632.175791,12384
379442657.551931,12330
379442665.196147,609
379442674.123548,13020
379442684.374848,165
379442708.735101,13230
379442718.795764,12483
379442736.426557,12470
379442749.711295,12489
379442757.191629,951
379442765.320579,1027
379442781.407409,6153
379442796.649116,12778
379442804.759924,1500
379442823.727685,12634
379442837.447712,12978
379442847.665703,8527
379442862.742501,3047
379442873.517033,339
379442886.537795,3874
379442895.267434,5228
379442906.552372,12283
379442919.65728,83
379442932.46702,1710
379442942.52437,1492
379442956.613922,1462
379442974.704265,737
379442981.969438,13083
379442998.186958,119
379443008.785358,10907
379443021.645507,2647
379443027.014477,1764
379443042.270159,1801
379443057.85825,1761
379443064.819995,327
379443075.960353,1736
379443081.051476,1895
379443097.518081,5865
379443108.339828,12929
379443120.278915,13194
379443136.068348,2697
379443144.698694,4634
379443158.787065,12942
379443176.868733,13042
379443196.991211,5232
379443213.122357,240
379443228.586707,10006
379443238.98399,13182
379443249.592175,324
379443263.19487,3346
379443272.499564,535
379443277.886921,10966
379443302.440714,1175
379443312.555771,549
379443326.189792,4287
379443334.117086,7795
379443341.812746,1318
379443351.242697,1772
379443369.399096,12960
379443382.783427,107
379443394.774852,439
379443405.313785,1029
379443420.70207,12860
379443428.314563,9364
379443445.476457,12844
379443451.881515,11273
379443463.341566,1159
379443472.483169,99
379443484.714795,11073
379443495.944601,12747
379443515.866061,12785
379443532.741711,6416
379443540.376938,1568
379443550.352898,9974
379443566.505492,1710
379443573.85649,484
379443585.610815,1821
379443591.3944,5444
379443605.261023,298
379443617.327706,1734
379443631.325722,6942
379443649.298476,6070
379443663.153997,105
379443668.810178,1858
379443676.751598,12573
379443689.05411,6886
379443701.987561,9277
379443717.932892,846
379443725.868606,88
379443739.629337,12496
379443747.801163,12459
379443767.883481,101
379443775.211058,11093
379443787.507313,2752
379443799.215217,3839
379443811.740555,1726
379443824.949159,13139
379443835.742773,1737
379443844.717007,87
379443851.683533,12239
379443862.318664,1123
379443871.428981,457
379443876.066859,96
379443880.549677,2058
379443892.68419,1815
379443905.813941,1469
379443912.582465,168
379443923.218757,11788
379443930.656201,12351
379443941.248019,268
379443950.866545,1716
379443965.628323,2382
379443974.820589,12667
379443982.842941,3067
379443996.255815,2894
379444002.885843,6803
379444017.792881,6714
379444024.32985,12433
379444033.238207,12458
379444053.43742,12431
379444060.96945,883
379444070.383977,1459
379444080.37995,92
379444095.629699,12491
379444100.718858,10910
379444110.125423,1305
379444125.632458,240
379444133.580408,12578
379444149.68608,7369
379444164.681249,4003
379444180.675398,5797
379444192.294645,319
379444202.851253,599
379444220.61262,12687
379444229.115181,1536
379444244.551536,12908
379444261.308318,11007
379444270.014008,7596
379444279.098814,6360
379444291.488064,12398
379444300.221481,12287
379444315.227446,12779
379444332.108923,1421
379444340.692639,12813
379444358.394702,12891
379444378.06193,8671
379444392.130387,4759
379444402.025634,263
379444416.119941,6407
379444430.263026,1401
379444435.040762,7752
379444446.840778,1458
379444451.100947,99
379444462.200889,194
379444476.410021,4269
379444488.891706,12984
379444493.319818,13216
379444508.72534,3302
379444517.109735,90
379444540.762829,4647
379444559.576148,11771
379444572.529989,3385
379444585.729779,5436
379444604.097014,13019
379444608.107668,10035
379444613.74994,12181
379444628.051866,13076
379444641.353534,1416
379444654.3697,1728
379444664.630656,1398
379444676.740615,1464
379444686.245347,8913
379444698.421615,2701
379444709.63791,1269
379444723.886708,11418
379444733.011201,1416
379444753.283755,1262
379444764.148246,12953
379444780.048671,9741
379444788.220356,365
379444807.027495,9267
379444823.657253,3375
379444833.120407,4098
379444837.151553,12802
379444852.867699,1509
379444865.411736,629
379444874.64917,5080
379444881.765821,12710
379444894.539913,11394
379444911.894412,2040
379444921.064846,12671
379444928.827034,1500
379444933.240744,98
379444940.114681,12587
379444954.052259,5520
379444965.720197,367
379444978.283261,1746
379444987.799129,743
379444996.119941,1032
379445007.494022,83
379445027.576789,12665
379445044.277466,7331
379445054.935657,2703
379445078.210928,1522
379445089.32893,11251
379445104.780265,6194
379445113.802298,12376
379445129.347879,517
379445150.002439,6689
379445163.340951,1782
379445176.407879,5269
379445189.43928,12331
379445203.237075,12224
379445215.274817,12535
379445230.177984,12413
379445250.267511,1474
379445256.832219,1820
379445272.132745,11195
379445281.77049,1789
379445292.372164,4936
379445307.215137,12442
379445316.168208,1787
379445332.878736,12404
379445342.690238,1802
379445352.723871,12439
379445357.190015,168
379445366.840572,201
379445378.395436,12464
379445390.548172,12517
379445401.375678,4248
379445411.955219,12758
379445431.912129,12488
379445443.432834,12531
379445453.178994,12555
379445467.042205,1742
379445479.646657,12650
379445494.079338,213
379445504.631904,93
379445511.805188,3221
379445533.641343,7913
379445542.408719,12724
379445554.024367,12872
379445567.151181,1536
379445588.26273,12691
379445600.532598,100
379445613.854573,12918
379445626.511856,4562
379445638.184772,12936
379445661.922082,5323
379445678.996282,12807
379445698.770285,12885
379445716.557145,12971
379445729.389755,12947
379445752.574198,12917
379445764.732661,12092
379445784.211552,352
379445792.971173,12980
379445805.365101,10229
379445818.292419,1496
379445833.246989,1663
379445846.587859,1693
379445867.234013,10912
379445882.121194,1756
379445895.215544,190
379445913.617682,1491
379445931.359146,91
379445950.709747,1584
379445959.649405,11924
379445974.110466,12973
379445988.072167,88
379446001.104807,2464
379446015.362944,7638
379446025.827136,925
379446038.088285,11122
379446050.933387,94
379446071.144277,12886
379446092.259033,13161
379446106.571041,1506
379446115.022055,2851
379446126.23014,1320
379446136.183704,10366
379446156.462953,2073
379446169.414978,1327
379446183.126793,120
379446190.774284,12635
379446199.06178,3624
379446217.591963,12949
379446234.6483,5343
379446249.016539,561
379446264.053425,12633
379446283.763166,4267
379446294.398654,278
379446304.480897,12563
379446315.827298,13133
379446324.160861,11193
379446340.176917,797
379446361.180268,12512
379446372.378906,5630
379446389.850409,1534
379446401.157661,1495
379446410.848583,1801
379446423.853784,12392
379446441.35475,12403
379446453.752774,10251
379446463.493512,1806
379446482.476015,12467
379446492.211432,1259
379446498.643197,156
379446518.141403,129
379446541.968067,12228
379446557.217382,12215
379446571.094039,12368
379446582.661467,13213
379446597.416368,12332
379446609.545188,97
379446621.345165,12361
379446638.689806,6927
379446650.898783,12441
379446664.420726,336
379446670.368436,12419
379446694.782926,609
379446706.619533,12534
379446726.707092,12495
379446736.809611,7535
379446756.057276,12651
379446766.959734,13068
379446783.195669,568
379446797.706239,311
379446808.993264,12610
379446823.429466,10347
379446832.177932,1789
379446842.503587,12686
379446859.235095,5360
379446873.5294,13311
379446881.22971,240
379446896.836578,1854
379446910.893981,12718
379446920.973728,12843
379446933.037349,559
379446940.344391,535
379446957.871876,5457
379446972.797868,1250
379446984.697461,12850
379446998.950406,5304
379447014.935276,2309
379447027.889665,11013
379447038.093395,7304
379447056.176764,122
379447067.456431,3076
379447075.25186,8131
379447088.918828,9000
379447100.323728,697
379447113.930542,12997
379447132.393332,12991
379447158.450792,983
379447167.379926,13085
379447185.786091,110
379447194.350376,1273
379447208.525364,13108
379447224.964718,11843
379447234.252441,13062
379447254.510618,5123
379447269.310284,3473
379447288.367118,4065
379447301.829692,8977
379447316.165275,1428
379447332.30802,1797
379447343.008707,7986
379447359.118152,1783
379447374.819155,6449
379447392.33943,8097
379447407.603351,6386
379447432.046764,12770
379447442.751327,12768
379447453.258757,3612
379447464.389518,185
379447475.37025,442
379447497.690793,1495
379447503.393644,12400
379447520.273195,94
379447533.217556,11371
379447542.695615,6270
379447555.601691,12874
379447565.825086,4079
379447581.689668,12622
379447597.013653,12587
379447605.045637,12561
379447607.106055,7796
379447625.120139,13124
379447633.545651,4452
379447645.969765,10059
379447660.524227,12526
379447670.058436,260
379447685.225256,219
379447701.090457,12461
379447711.338546,12501
379447727.746307,12402
379447736.778246,12421
379447750.836412,180
379447757.392217,1457
379447766.098839,490
379447774.106155,865
379447795.151842,12455
379447811.219124,11963
379447826.497506,12407
379447839.806389,3949
379447845.794228,2896
379447862.364876,12008
379447876.592362,1776
379447902.917335,12719
379447912.652615,7178
379447921.397541,228
379447932.52204,373
379447951.769431,1715
379447962.533558,1637
379447967.462584,1052
379447984.297137,12476
379448003.064498,12510
379448019.128488,7851
379448028.99491,824
379448046.506955,1491
379448069.343453,11076
379448083.017068,156
379448092.127165,12559
379448100.356683,1222
379448109.663873,424
379448124.779523,327
379448141.761473,12569
379448157.180905,9927
379448168.136178,12620
379448176.513162,12690
379448198.510058,1495
379448211.649127,12694
379448221.659405,7922
379448233.085278,4871
379448245.105314,539
379448262.079072,3970
379448269.375657,12443
379448283.140426,810
379448290.3522,479
379448300.366061,13000
379448314.861698,1042
379448336.439927,7887
379448349.3906,3145
379448370.209468,1444
379448377.736426,133
379448385.449866,12934
379448395.574555,10697
379448402.510618,12945
379448424.521472,337
379448441.012099,248
379448453.607925,1699
379448473.320986,529
379448485.674256,8509
379448501.001617,1454
379448516.28998,767
379448533.775523,12850
379448553.300143,12084
379448577.457175,1508
379448599.136682,330
379448604.382965,12976
379448614.167462,12960
379448628.516198,7095
379448637.297616,12960
379448649.142823,1503
379448663.91542,511
379448672.244838,100
379448685.317727,405
379448705.668303,12886
379448724.7683,146
379448732.808803,12081
379448747.298075,8464
379448759.8618,7561
379448768.722695,1766
379448786.844617,9558
379448805.414849,228
379448816.275602,7940
379448823.392313,2187
379448836.675638,3624
379448855.17762,8498
379448866.943364,6666
379448879.268792,9050
379448891.738807,9581
379448898.315157,513
379448909.895123,5693
379448924.252705,775
379448933.918904,6556
379448941.617756,7110
379448948.210987,7989
379448962.369184,12573
379448967.323092,653
379448988.909257,12499
379448995.433751,12469
379449004.43651,12666
379449014.709377,12488
379449018.379803,3537
379449024.014902,2222
379449030.944059,510
379449043.894233,12405
379449053.773669,1483
379449061.707444,2112
379449074.193567,5675
379449079.474935,2385
379449089.313736,2733
379449098.601097,7391
379449119.127467,12409
379449129.391087,12317
379449141.351528,9469
379449152.84401,1385
379449158.4226,9182
379449169.633212,114
379449177.633831,199
379449191.520915,3455
379449199.467251,12384
379449205.395554,168
379449216.371434,1464
379449228.432088,8408
379449243.379119,231
379449250.661098,6317
379449255.774411,5199
379449257.164606,3336
379449261.623112,13009
379449265.540139,358
379449272.72228,12379
379449280.37299,1390
379449289.741448,12657
379449294.425646,3381
379449300.619359,655
379449308.126329,12422
379449314.711971,657
379449324.268962,12403
379449327.064397,7652
379449330.484708,1704
379449335.294752,1909
379449349.407092,4952
379449362.928693,217
379449366.38672,5013
379449373.028936,3400
379449380.637788,2122
379449380.7136,12544
379449388.538366,5839
379449394.483192,12617
379449398.612883,11729
379449404.207648,1420
379449416.837594,710
379449424.597584,87
379449435.226637,500
379449440.214737,376
379449445.413804,1439
379449450.436382,7531
379449459.553568,123
379449465.738065,876
379449471.478972,2184
379449479.072483,12790
379449486.553264,3581
379449495.371969,5352
379449502.936472,2239
379449508.604853,475
379449511.861471,13011
379449517.587092,12333
379449522.169106,12731
379449529.168177,1453
379449540.340441,789
379449547.112008,12680
379449555.425654,12796
379449564.528041,9331
379449581.773504,392
379449592.382298,913
379449602.539779,1516
379449622.018807,1364
379449631.497446,164
379449650.279434,107
379449666.19303,13251
379449676.029759,3849
379449702.293683,12845
379449708.601089,10114
379449720.470289,13153
379449728.141678,740
379449741.353935,12933
379449752.954044,9742
379449760.288212,3970
379449773.638259,347
379449786.662484,12994
379449797.490715,180
379449806.304981,13006
379449812.660249,9937
379449828.454969,981
379449850.805829,119
379449862.692994,13212
379449866.209082,13255
379449874.900466,11049
379449890.579269,6370
379449907.848937,1498
379449917.505973,7655
379449926.867746,89
379449935.150039,13081
379449943.880477,10869
379449952.288791,10814
379449959.060489,1949
379449968.1038,395
379449976.595337,13021
379449985.205487,6145
379449993.666551,10199
379450001.812662,102
379450010.870244,6567
379450017.813882,413
379450028.710514,911
379450033.066229,5603
379450043.794521,3173
379450048.416061,1648
379450054.831804,551
379450059.385041,5521
379450070.71164,413
379450074.994769,2391
379450078.832361,12803
379450081.43733,3542
379450088.119395,1821
379450092.018937,1312
379450097.325955,3037
379450100.403766,12756
379450105.192585,1913
379450109.576692,2101
379450113.952183,2681
379450122.881922,9757
379450128.287535,8419
379450130.993316,2826
379450137.51219,2499
379450142.550051,1099
379450149.253471,3856
379450157.985566,691
379450160.664092,3763
379450167.629436,9567
379450172.317923,4488
379450174.787531,2777
379450179.752782,213
379450189.796095,4591
379450198.009205,1175
379450200.816192,7285
379450205.200719,1042
379450209.106338,10878
379450217.722534,640
379450223.711264,5115
379450230.239971,4242
379450236.720591,2824
379450241.314909,9778
379450247.681402,354
379450253.652732,1313
379450256.035669,122
379450261.759109,12570
379450265.795328,846
379450277.662344,103
379450280.649507,1026
379450285.192884,719
379450287.376215,2024
379450295.42464,1923
379450297.854665,12852
379450303.162671,2176
379450314.601022,7882
379450320.870478,419
379450325.836459,13244
379450333.150166,235
379450333.883847,731
379450343.654663,4067
379450351.013476,11555
379450356.845734,12484
379450362.802949,105
379450371.919358,3119
379450376.774812,6586
379450382.344662,13175
379450387.034387,3580
379450390.900378,2556
379450400.846151,4160
379450402.426036,12469
379450416.0837,1599
379450423.683512,1729
379450428.038608,8521
379450433.77505,224
379450440.491628,12408
379450450.769381,1235
379450455.751764,6959
379450463.926381,12403
379450469.913997,4833
379450476.488855,7154
379450485.166432,3074
379450489.649063,1732
379450494.875248,12250
379450504.035756,12265
379450509.374289,12386
379450520.009781,12381
379450523.985981,12302
379450527.528739,12296
379450533.399385,937
379450537.644014,12755
379450539.658053,12155
379450548.136391,4817
379450552.033319,12322
379450558.86889,12758
379450571.706395,106
379450582.221782,12347
379450583.345508,9458
379450589.823093,1431
379450599.722803,7930
379450608.363829,1749
379450612.053697,1060
379450616.936865,85
379450624.985693,1138
379450629.867376,11587
379450638.86647,6012
379450640.637004,3912
379450649.475892,7045
379450650.760232,798
379450657.815349,2460
379450661.546332,9058
379450667.682718,12418
379450671.709048,12728
379450677.647666,9788
379450688.349233,12483
379450699.44947,2850
379450706.394354,690
379450710.958828,3804
379450720.551141,652
379450734.327514,12471
379450740.179897,13307
379450754.021187,12542
379450761.890319,12628
379450770.288173,11346
379450778.168017,8759
379450783.573229,12649
379450792.52664,5522
379450796.284037,4261
379450801.634913,336
379450810.457468,12664
379450813.26224,3108
379450819.642544,12674
379450822.419905,9960
379450829.17833,3780
379450832.244189,2738
379450835.261847,10279
379450840.788222,459
379450846.940822,946
379450853.445754,6588
379450857.14996,1393
379450863.009351,2242
379450871.195302,3167
379450876.645863,2413
379450879.582026,6222
379450883.701189,10837
379450886.281922,133
379450893.432812,5685
379450899.474876,12741
379450902.880765,12742
379450906.600829,4110
379450908.176598,269
379450913.987615,4732
379450920.153126,7592
379450925.41585,5775
379450927.712624,3428
379450936.344395,2889
379450940.789895,297
379450942.186773,12831
379450949.81458,10135
379450953.41516,12936
379450955.27297,6388
379450961.696336,3512
379450964.73165,12099
379450969.735125,973
379450972.487546,8722
379450977.857546,12843
379450983.190405,1499
379450986.009793,987
379450991.114977,12983
379450993.401625,12890
379450994.88487,1813
379450994.610747,1069
379450996.689931,5028
379451000.612622,7239
379451005.463791,135
379451007.876551,459
379451010.243371,139
379451013.772195,3351
379451016.494229,13193
379451017.440066,12532
379451020.776411,2276
379451027.922621,7158
379451031.672819,7101
379451035.616783,6686
379451040.800126,13289
379451047.519989,3119
379451051.406494,3114
379451050.996651,5953
379451060.366097,1733
379451064.788179,1472
379451071.539682,13099
379451076.810789,9421
379451077.107335,10082
379451086.955355,469
379451095.772601,1520
379451100.921825,13053
379451107.247882,12985
379451110.852062,10782
379451114.611314,674
379451120.409884,1902
379451128.606591,3574
379451131.643916,7256
379451135.309953,734
379451137.492873,8451
379451143.538611,592
379451146.029208,400
379451150.47375,13029
379451153.177851,4035
379451159.656319,4968
379451161.680935,7158
379451165.644952,455
379451171.058607,13185
379451173.607227,1614
379451178.670591,6101
379451183.764871,4593
379451190.90941,4792
379451191.760517,13068
379451198.0835,472
379451206.716285,1961
379451208.476983,1731
379451213.591935,13034
379451215.770186,4732
379451222.108589,1484
379451225.285622,2121
379451231.024479,5352
379451235.41078,9765
379451238.988573,12981
379451241.293227,4693
379451244.780588,162
379451249.135651,13012
379451255.299771,13029
379451259.011211,13076
379451265.058756,1393
379451268.435203,13004
379451271.06418,1864
379451273.532615,5940
379451280.281834,10688
379451285.681383,10341
379451288.01728,1036
379451294.339904,5509
379451296.145957,2915
379451302.270098,691
379451305.180331,12960
379451308.932839,1490
379451313.570689,322
379451314.776243,1532
379451319.511253,2875
379451323.036961,2112
379451330.853825,8389
379451332.644394,266
379451334.793485,2655
379451339.824046,100
379451345.576311,855
379451350.010592,1784
379451356.782942,312
379451362.463168,9173
379451363.438575,2941
379451372.897785,923
379451376.740012,2614
379451381.455504,12877
379451384.665085,11649
379451393.112165,162
379451397.993839,155
379451400.293772,984
379451405.820108,1349
379451411.99527,489
379451417.117016,2036
379451421.915948,1578
379451424.908479,6647
379451430.082585,1268
379451432.214033,4435
379451440.807721,1155
379451445.704699,1521
379451448.315598,1542
379451453.671892,2474
379451457.686505,12728
379451459.464435,587
379451466.644032,2313
379451471.553856,1715
379451473.771967,219
379451479.548622,12868
379451482.853453,2209
379451489.330775,6527
379451491.523502,12891
379451497.683224,7689
379451501.955204,1186
379451507.584968,1310
379451512.354882,12651
379451517.107776,12763
379451525.685382,155
379451530.919906,5961
379451535.220274,1958
379451537.252175,10253
379451543.271189,7071
379451547.782079,1673
379451552.690683,920
379451558.496508,752
379451566.617275,1799
379451571.955129,6084
379451576.909386,12533
379451581.408343,4601
379451590.287441,12588
379451598.861456,106
379451601.484844,12609
379451606.846672,2476
379451607.626289,171
379451615.623704,2708
379451623.349069,7022
379451628.176604,1981
379451628.958235,124
379451634.048703,8148
379451644.045766,10582
379451651.459215,12029
379451654.243711,13263
379451663.3877,273
379451672.014156,12731
379451675.250468,5451
379451683.39625,5133
379451691.023389,689
379451695.245626,12437
379451698.976196,9477
379451701.710893,103
379451707.08896,13333
379451709.616437,803
379451717.291524,958
379451720.496417,1060
379451725.378982,701
379451732.861441,3498
379451735.731012,1681
379451740.31602,733
379451746.345122,1935
379451749.84234,2654
379451754.92576,12496
379451759.278736,694
379451763.854528,10579
379451770.749431,6085
379451776.907707,5008
379451781.625597,12312
379451787.122005,4833
379451793.91773,1885
379451799.014798,4280
379451804.135788,5151
379451808.184006,1485
379451811.619408,905
379451816.706518,1005
379451825.647974,611
379451832.03704,1462
379451837.585754,5620
379451845.86239,5529
379451849.129942,384
379451851.570709,316
379451857.078696,12378
379451866.065843,1128
379451870.141778,8320
379451875.880585,12325
379451884.928494,12265
379451888.959354,11715
379451893.651264,150
379451898.298662,7445
379451906.100264,1705
379451911.108088,3370
379451917.820094,12327
379451919.747204,12405
379451926.786043,5142
379451929.092835,9157
379451936.300181,12351
379451942.616092,175
379451946.580692,2021
379451954.12031,2561
379451963.387598,609
379451965.001432,2097
379451967.518617,1331
379451970.98425,1448
379451980.60409,4231
379451988.585658,2221
379451993.54477,12483
379451999.870718,1673
379452006.450583,12443
379452012.909581,5458
379452019.268271,5413
379452028.079683,6919
379452030.063083,5505
379452036.294268,12569
379452045.06873,252
379452050.967197,1585
379452056.894405,3235
379452061.856459,9001
379452071.138451,12279
379452073.482435,2654
379452087.529772,7426
379452093.278901,94
379452098.16068,5958
379452106.856847,5027
379452115.563655,553
379452119.727386,6297
379452127.484849,5266
379452135.089525,8529
379452141.630548,132
379452148.229202,12855
379452153.917126,8116
379452162.364155,1495
379452168.121507,613
379452178.791373,4343
379452186.791579,3722
379452192.755846,9204
379452201.636931,12735
379452205.470417,8226
379452218.395349,12710
379452235.720632,613
379452241.626154,13243
379452249.006232,543
379452260.48377,6542
379452272.534242,12845
379452287.833744,1544
379452299.454918,12792
379452314.344395,2432
379452327.073869,12878
379452328.211733,13048
379452342.427928,1439
379452353.655075,1713
379452371.960657,6020
379452386.362398,12998
379452393.435594,3670
379452420.177957,583
379452430.936931,13027
379452439.453372,102
379452454.509002,10474
379452457.752163,169
379452479.650631,13078
379452490.929317,8714
379452500.815305,8809
379452513.193144,142
379452530.910067,13071
379452549.607551,1498
379452566.046875,13007
379452574.759936,1696
379452595.258867,1497
379452607.265673,227
379452617.662702,1788
379452634.483102,10683
379452648.78888,686
379452658.725879,13035
379452675.643344,8716
379452693.2746,8374
379452705.345145,7882
379452715.98725,7631
379452734.245335,6355
379452747.071234,9545
379452758.699141,1480
379452775.260719,2625
379452788.866956,3689
379452800.421863,135
379452814.935732,12783
379452824.180171,711
379452840.295351,8009
379452850.600729,3510
379452865.210164,2514
379452871.155749,137
379452879.121212,5333
379452884.567838,1486
379452896.504962,604
379452904.127534,12675
379452918.107356,241
379452931.167777,12561
379452942.810552,663
379452952.923389,1128
379452966.595833,8051
379452973.875846,12575
379452985.168278,8987
379452995.716047,12592
379453003.863746,12921
379453013.625072,7165
379453028.046638,189
379453045.330493,152
379453061.864214,12473
379453067.3946,4559
379453085.15402,12336
379453102.155181,1738
379453110.801602,12344
379453125.767459,12390
379453137.744057,12312
379453157.06098,1058
379453167.321295,9924
379453181.770058,1656
379453201.398178,12298
379453210.856084,12354
379453224.186864,6461
379453235.697194,2293
379453241.630822,880
379453257.32649,103
379453266.316979,12637
379453279.405677,13071
379453290.326871,356
379453297.04303,1732
379453301.168804,12542
379453323.305901,236
379453327.299656,6453
379453344.532154,12526
379453351.534643,102
379453367.164161,12506
379453386.051483,12677
379453401.974313,12766
379453411.076138,902
379453417.484011,1491
379453428.242335,3056
379453439.242899,12628
379453452.206645,7016
379453455.647407,12835
379453464.703029,8110
379453480.656287,12709
379453493.269541,12671
379453495.808115,1080
379453503.84526,508
379453515.66137,1423
379453524.289731,12861
379453540.110601,725
379453541.973366,2066
379453552.028609,7245
379453557.904158,4999
379453569.712778,12831
379453578.619487,339
379453587.616221,1482
379453590.908776,12847
379453595.811856,1759
379453603.457888,12860
379453611.736517,7502
379453617.415084,104
379453626.540091,9474
379453639.99765,5502
379453649.801262,418
379453655.460954,12823
379453671.290965,1487
379453678.97282,1464
379453685.753077,4471
379453701.721332,8909
379453708.724217,7776
379453724.050456,12955
379453733.769904,265
379453740.195102,1653
379453755.280081,3723
379453764.85605,1680
379453784.985158,137
379453797.01471,13037
379453815.736461,1645
379453825.65565,8340
379453837.945867,13132
379453844.610142,165
379453854.169108,13147
379453866.574783,2060
379453875.031957,12813
379453893.577109,9637
379453916.107219,3954
379453935.173739,7601
379453938.165691,6003
379453949.451534,335
379453960.629953,363
379453971.151517,110
379453978.861537,4193
379453995.370158,7786
379454004.302074,12921
379454020.914976,12825
379454038.178484,615
379454049.955177,1711
379454062.324624,13078
379454080.197021,12702
379454094.266606,329
379454097.646768,12722
379454104.466783,113
379454118.917454,12660
379454131.655186,6244
379454139.8601,1775
379454159.888412,12049
379454175.845672,4347
379454192.339064,4160
379454200.935182,8874
379454214.568353,112
379454221.806463,3006
379454227.514399,979
379454236.678643,4993
379454245.682659,9271
379454251.278781,5861
379454256.870476,285
379454278.392164,4762
379454291.714129,4010
379454300.994487,968
379454312.549435,5577
379454323.405622,11409
379454338.286188,12515
379454345.67393,7078
379454361.037498,1481
379454371.493049,127
379454381.74065,817
379454394.869338,3142
379454402.810474,3747
379454416.305721,12307
379454427.099857,117
379454437.371045,130
379454456.777008,1755
379454468.199313,1941
379454472.825246,1470
379454483.853384,8425
379454488.690787,2518
379454502.441876,12289
379454516.129742,5026
379454523.010042,4884
379454534.776288,4554
379454542.368756,6672
379454554.958058,12403
379454562.809515,11892
379454572.213732,10971
379454588.015189,12410
379454599.434939,3996
379454616.570529,12400
379454631.502035,12437
379454645.164388,5558
379454659.170153,10891
379454664.431399,8604
379454673.405578,13059
379454685.410745,12458
379454691.345408,1022
379454697.546233,2863
379454705.586726,6059
379454719.099986,922
379454726.810308,12561
379454741.657826,3793
379454746.178413,12978
379454757.09391,135
379454767.784426,9352
379454771.867834,3411
379454789.683143,10517
379454793.28316,7602
379454802.403311,12601
379454810.10008,6015
379454816.911583,975
379454823.213219,573
379454827.469951,5487
379454834.870084,12711
379454844.799247,1766
379454851.502918,6811
379454862.003029,6497
379454873.734577,2522
379454888.198115,12739
379454894.618459,12709
379454900.380461,2587
379454910.45121,1683
379454924.681587,6166
379454930.422521,1689
379454945.397285,1731
379454955.733347,12901
379454965.667374,13038
379454976.224313,5997
379454987.273565,1841
379454992.844389,13030
379455006.50908,12880
379455013.251442,12902
379455023.718186,4299
379455036.670672,317
379455041.387629,376
379455062.166084,13012
379455072.103547,4137
379455081.469089,13047
379455089.573763,2486
379455097.28286,13169
379455112.648597,12999
379455119.700094,13082
379455128.863459,13010
379455140.526304,13023
379455148.244079,259
379455157.755399,86
379455168.919137,1421
379455183.21038,132
379455194.780084,5299
379455208.076485,808
379455212.230065,4785
379455226.324514,8791
379455237.486085,10337
379455251.944361,13137
379455261.310849,12971
379455268.987687,13092
379455295.645519,12963
379455304.025682,4444
379455319.532211,2681
379455327.329686,321
379455336.364484,9842
379455350.541487,3688
379455359.054795,12813
379455366.763582,1644
379455371.704103,10758
379455382.55697,11769
379455389.373904,2794
379455399.083347,1511
379455413.659709,13000
379455423.389999,9872
379455434.996494,1496
379455449.345387,1456
379455459.89745,3736
379455472.095317,10357
379455481.278732,3133
379455489.535959,513
379455502.284671,2194
379455517.261228,1481
379455528.551526,89
379455539.963563,10872
379455552.569481,1443
379455568.637881,918
379455577.034046,10829
379455588.814041,7094
379455599.620281,12547
379455607.665592,131
379455621.46541,1465
379455636.50654,11637
379455646.01808,2529
379455660.049866,12483
379455674.765077,12505
379455684.298876,12695
379455695.903391,12346
379455705.895938,12379
379455718.686555,319
379455728.134326,10443
379455744.804774,592
379455753.184077,91
379455765.908235,6275
379455772.704406,93
379455787.384936,7079
379455805.010842,3939
379455817.189061,12208
379455828.188211,4260
379455835.76277,12691
379455850.159467,320
379455862.971304,842
379455878.016495,12329
379455885.322441,11314
379455898.838707,12283
379455909.055066,6036
379455920.754181,1490
379455931.818126,2387
379455944.939542,1325
379455951.229079,12731
379455957.048978,287
379455967.932829,198
379455984.877611,7750
379455993.076637,301
379455999.590575,6838
379456016.663443,12686
379456025.725538,8334
379456038.809798,4919
379456045.829693,6724
379456051.409932,12779
379456062.432537,540
379456074.371855,12317
379456090.78248,1411
379456101.927795,1144
379456109.404865,331
379456120.712869,8463
379456130.559414,1328
379456141.149456,4754
379456154.762123,3999
379456159.232677,1453
379456179.125628,1086
379456199.947339,12693
379456209.916763,6055
379456230.021279,13244
379456239.431997,12821
379456256.835721,1994
379456269.029539,13306
379456274.457283,751
379456284.940701,343
379456300.190936,9654
379456306.451265,11262
379456314.026428,1433
379456323.801015,9279
379456334.636381,12988
379456344.77829,10032
379456358.974805,12982
379456378.581235,819
379456395.822159,181
379456401.877556,211
379456414.891278,506
379456424.014723,11991
379456433.767018,169
379456449.611379,153
379456458.693906,5240
379456471.152387,7442
379456477.425439,12529
379456486.600843,174
379456494.00592,842
379456504.813616,8845
379456515.703215,10037
379456526.517364,3108
379456543.020945,5646
379456557.920286,624
379456575.81772,10342
379456586.559583,3872
379456596.397592,13013
379456597.836516,12577
379456609.611092,4177
379456619.552081,12879
379456628.886591,924
379456641.107742,13054
379456658.84902,2949
379456670.321019,7922
379456684.971803,9526
379456697.661939,7172
379456706.088734,12869
379456720.265337,268
379456727.981532,1054
379456739.260473,96
379456748.840284,12712
379456757.284261,12836
379456762.293225,194
379456776.559943,7682
379456784.083641,12001
379456796.135883,557
379456809.884888,1090
379456819.589863,925
379456829.967941,12623
379456839.517421,4083
379456855.968606,1717
379456861.138349,638
379456873.476222,12571
379456882.909568,6134
379456891.249208,7338
379456899.265806,1428
379456908.283279,1449
379456921.549886,242
379456933.78854,758
379456939.390151,10898
379456950.808441,12455
379456958.340489,12546
379456973.360092,12970
379456980.06269,8797
379456995.960201,9997
379457005.744706,101
379457010.838124,13339
379457028.358243,12506
379457033.625042,12418
379457044.07493,12425
379457053.387684,4511
379457064.462247,12353
379457084.572465,10935
379457100.198284,9859
379457104.312127,1173
379457114.115158,719
379457120.636734,11374
379457134.904235,2902
379457149.166631,4524
379457153.266152,1470
379457164.789747,13041
379457172.918553,6486
379457185.51539,7418
379457200.244648,8206
379457205.508025,12452
379457223.117839,12329
379457230.923126,296
379457242.23365,1485
379457248.075461,12424
379457259.34628,91
379457272.067636,424
379457295.697414,9214
379457302.497391,1492
379457314.545547,12516
379457324.931602,127
379457336.549161,12681
379457350.110516,12484
379457353.527813,258
379457362.463387,239
379457372.899,6167
379457379.977721,594
379457388.280549,12627
379457399.728193,12632
379457405.622189,1149
379457414.754145,3345
379457426.523257,5686
379457438.972138,5356
379457447.621524,8872
379457455.498987,408
379457465.53891,4317
379457477.155366,12683
379457494.168203,673
379457504.503464,12660
379457512.186268,7599
379457521.107122,5399
379457528.992982,3009
379457544.112148,1279
379457560.023745,224
379457564.4897,1385
379457574.542296,3021
379457582.121033,213
379457585.861999,1146
379457601.423177,2119
379457609.196159,1399
379457617.903602,7402
379457627.521096,10787
379457637.01573,12861
379457651.362588,12856
379457656.572183,8147
379457669.385825,12866
379457683.574441,5648
379457690.112661,145
379457701.869713,12575
379457715.916092,12985
379457729.131457,1922
379457741.472791,12961
379457755.524964,2703
379457761.822399,1752
379457772.391898,10255
379457780.930044,238
379457793.533326,1680
379457808.428261,1351
379457820.212176,2132
379457826.869318,13243
379457841.642237,3109
379457861.005507,13075
379457870.386969,13210
379457877.232816,8787
379457892.407878,12983
379457907.069604,523
379457920.94113,6620
379457931.183327,8559
379457942.827055,616
379457958.525017,1422
379457972.029856,2563
379457984.903112,2591
379457990.558966,11316
379458001.332735,201
379458015.163351,12839
379458030.368725,219
379458044.746399,6121
379458057.09139,159
379458070.753564,3496
379458089.783874,12699
379458102.508046,4866
379458112.616714,12724
379458119.660843,12225
379458134.016985,12651
379458144.717595,12752
379458157.16206,2173
379458173.77614,3386
379458187.048608,12617
379458196.32682,12563
379458210.531868,13136
379458222.794533,6975
379458235.143634,1814
379458244.883116,12572
379458251.65261,216
379458268.306873,95
379458276.634347,7051
379458286.970043,7873
379458305.337409,1713
379458328.805266,1301
379458352.845376,7466
379458359.972058,2201
379458368.615615,12437
379458381.785043,6480
379458393.537727,10179
379458402.654622,977
379458410.918452,1942
379458419.399546,12359
379458426.135622,2908
379458437.165462,12309
379458444.978358,12436
379458458.449742,10611
379458473.155669,8957
379458480.485346,13274
379458499.910768,11227
379458515.680765,12338
379458524.67189,12299
379458528.850222,6429
379458537.391749,1511
379458549.837758,12078
379458568.438433,4277
379458581.66871,7990
379458593.41863,1761
379458609.081885,12402
379458619.691958,12740
379458637.032433,4183
379458651.875479,4876
379458663.27734,3345
379458675.197832,13165
379458691.319773,12482
379458705.240636,803
379458711.143376,9281
379458723.601815,11743
379458737.656276,12870
379458750.425676,12825
379458762.985298,5974
379458776.40173,5174
379458790.676595,4623
379458808.47816,12810
379458814.766783,6783
379458826.731018,2809
379458837.37683,528
379458845.157513,12780
379458858.395744,315
379458868.089696,94
379458877.921954,5226
379458885.524069,133
379458893.690491,12935
379458905.877233,10743
379458919.772724,3154
379458930.128166,5822
379458941.372136,5621
379458952.177831,1139
379458964.550708,1528
379458976.780439,418
379458990.244319,1133
379459004.800216,13085
379459023.464393,7632
379459040.493773,137
379459044.039798,13261
379459063.403568,136
379459076.70955,4449
379459092.204685,234
379459106.645829,137
379459122.439935,628
379459135.137907,13019
379459149.123563,524
379459154.873702,13284
379459167.120672,166
379459173.741448,4513
379459190.511182,9940
379459197.08421,13343
379459209.478296,1849
379459215.882276,1832
379459231.792224,13094
379459244.100977,8247
379459256.095084,8157
379459262.534696,12219
379459279.790685,1686
379459292.35465,13137
379459303.943433,12806
379459312.350694,13056
379459322.817509,6080
379459334.400344,176
379459347.279221,13197
379459357.787013,1832
379459367.02513,2399
379459377.0645,221
379459384.336013,9325
379459399.560172,5929
379459414.612486,12704
379459424.768608,508
379459438.326661,1093
379459451.810286,1492
379459467.619975,843
379459481.770649,178
379459495.250814,10106
379459508.816545,12452
379459520.838474,4540
379459536.988119,1463
379459549.297622,1254
379459557.575205,4422
379459572.219032,500
379459578.693766,12761
379459596.970959,1107
379459609.651243,12460
379459612.992559,9475
379459619.029028,12799
379459636.183629,516
379459652.667086,220
379459662.217772,1321
379459674.16151,12534
379459685.618304,8535
379459692.875014,10764
379459705.114976,136
379459719.011283,12535
379459731.788387,12390
379459735.479586,1406
379459759.563947,12439
379459770.957842,13118
379459778.228995,1480
379459784.798441,8610
379459805.181314,12662
379459816.842014,8123
379459829.088798,12279
379459840.209547,12609
379459854.38642,1534
379459868.148366,13268
379459878.56464,109
379459898.798222,1833
379459914.411542,1733
379459925.450959,9160
379459936.716268,1044
379459944.127515,745
379459949.731238,6638
379459964.927082,13316
379459969.712317,202
379459977.229298,12523
379459986.055919,12537
379460001.580166,7908
379460017.921431,4452
379460029.193463,12696
379460034.108523,1717
379460047.062884,1481
379460055.785772,132
379460072.703706,886
379460080.851069,12634
379460090.374567,110
379460099.936712,286
379460114.092368,2493
379460122.61644,9510
379460128.034194,6923
379460135.533414,12624
379460149.769411,1751
379460154.19984,1461
379460169.119695,12858
379460182.026878,6129
379460192.753665,5964
379460213.57049,12741
379460225.190768,12790
379460232.516252,379
379460246.580601,4137
379460265.407185,1438
379460276.927152,564
379460297.719307,1926
379460308.596394,1667
379460320.970226,13079
379460335.582055,11903
379460351.869369,5580
379460363.40803,12934
379460386.848375,1443
379460394.665293,1661
379460404.726014,8082
379460413.958297,12103
379460424.267437,10607
379460440.636415,191
379460454.198787,5693
379460474.057579,520
379460490.380413,156
379460497.355709,4463
379460513.922096,934
379460519.659918,8880
379460541.299681,13002
379460559.686389,244
379460568.798588,1390
379460577.6862,1466
379460595.563928,12903
379460606.877088,143
379460617.136417,629
379460628.500825,12902
379460643.66649,8610
379460652.593129,12954
379460671.402246,1492
379460682.812009,93
379460693.954744,12748
379460702.865883,13151
379460712.594438,12768
379460733.912559,10441
379460739.230271,3523
379460751.94198,767
379460763.362456,12685
379460776.140908,12699
379460793.281255,11035
379460806.674386,12723
379460814.632315,219
379460829.673156,1951
379460835.105489,13146
379460844.114027,1756
379460854.539451,12564
379460865.766421,1268
379460878.213442,481
379460885.445699,1490
379460899.741559,12512
379460907.886168,10550
379460917.014317,9887
379460927.114632,12618
379460936.556517,7936
379460953.554771,1729
379460962.789991,1569
379460982.089338,1394
379460995.297019,701
379461004.922658,102
379461015.485226,12563
379461028.443815,12340
379461037.810756,270
379461051.446672,8307
379461065.585594,6688
379461078.162746,126
379461088.7314,138
379461099.456156,12409
379461107.182998,1636
379461117.300357,1784
379461126.606354,12552
379461146.614641,370
379461156.449951,12270
379461168.098931,1773
379461181.24007,1451
379461196.919648,12342
379461214.006558,2684
379461226.334809,968
379461235.543978,12648
379461243.279235,3651
379461265.271827,997
379461275.877026,10889
379461293.980744,7294
379461298.568355,11080
379461315.586613,12711
379461324.664173,122
379461340.002539,7642
379461345.017769,12742
379461362.183485,160
379461377.479528,7703
379461391.587458,12651
379461403.815395,1841
379461419.986882,12646
379461431.613539,108
379461449.261661,124
379461460.298012,93
379461472.156612,9606
379461481.437903,12937
379461490.566556,1760
379461508.1712,12706
379461516.765352,1774
379461532.118872,405
379461546.224837,227
379461555.359505,3840
379461575.678113,13235
379461588.284338,12972
379461595.847521,8190
379461615.805834,3214
379461628.545161,12831
379461637.489804,11295
379461654.055572,6434
379461666.340738,3743
379461673.075199,259
379461694.860544,91
379461712.228958,1252
379461727.097972,13204
379461743.219399,6564
379461762.75511,10763
379461783.147085,6587
379461797.510362,6063
379461811.289954,13066
379461821.100682,13036
379461833.924554,13165
379461849.375625,12992
379461860.872123,13001
379461870.757819,432
379461877.562954,4511
379461890.138508,572
379461897.510855,1416
379461911.753751,6162
379461923.763716,6810
379461935.212715,12940
379461949.104169,13296
379461956.765409,162
379461973.449029,97
379461983.354918,12813
379461996.608629,7036
379462005.076736,2342
379462013.994981,10287
379462026.388043,8162
379462037.836226,12858
379462050.124388,12864
379462057.724469,1734
379462074.712395,12690
379462083.519191,11694
379462098.428915,12671
379462109.477094,12743
379462121.06397,459
379462145.963744,12826
379462158.489436,2044
379462172.27372,6965
379462184.788715,106
379462200.726126,8333
379462209.316876,363
379462228.291713,1786
379462236.165336,4622
379462246.116247,7825
379462255.257877,12506
379462269.399667,12544
379462282.298842,12699
379462289.782769,10341
379462308.795539,12620
379462321.355846,4227
379462329.716459,12501
379462339.372151,608
379462348.402875,3408
379462362.769109,1725
379462369.782341,4459
379462382.820042,11654
379462393.007306,3261
379462403.555347,12489
379462413.502782,3120
379462430.449622,10451
379462440.699266,1442
379462456.192693,275
379462477.61947,997
379462490.44291,12281
379462497.95594,12364
379462507.110549,2372
379462518.446883,117
379462524.290578,504
379462534.160733,12415
379462544.732808,283
379462559.003089,2535
379462569.934221,2104
379462580.466517,11485
379462595.83918,3651
379462606.506564,2517
379462622.059377,858
379462640.320253,7777
379462654.728384,6680
379462666.100434,245
379462681.016411,11081
379462700.113048,3310
379462715.852436,4100
379462726.589001,13235
379462745.105059,12622
379462752.640409,12449
379462759.259,1401
379462772.603794,12713
379462782.817509,590
379462804.665866,12687
379462811.359623,11114
379462825.962679,8597
379462838.391753,96
379462856.743392,7043
379462868.141202,492
379462885.32876,1510
379462900.286448,7237
379462914.08071,2834
379462928.867927,3756
379462941.393841,8605
379462960.430082,10770
379462970.174937,168
379462991.5947,12292
379463002.957734,10670
379463010.894505,13130
379463028.520673,13022
379463049.232093,6604
379463055.091768,11479
379463064.61556,9640
379463071.562943,9206
379463082.406615,10065
379463090.911672,13127
379463103.585287,110
379463115.282768,1751
379463125.947067,508
379463138.956429,11171
379463148.561228,13134
379463163.735884,13012
379463173.53834,1812
379463182.977612,11639
379463194.242345,5566
379463207.033154,5818
379463220.318158,13106
379463232.978933,5337
379463245.967801,2438
379463257.725587,12970
379463265.809171,9470
379463276.437173,13008
379463290.281925,12853
379463303.983446,994
379463310.210813,8958
379463321.461321,1726
379463332.593806,1488
379463351.633571,1416
379463361.142144,1761
379463375.554953,778
379463382.631911,13117
379463398.398784,1501
379463406.917747,10351
379463419.527497,13003
379463429.852658,12787
379463450.312259,1519
379463464.812293,12615
379463472.556007,97
379463482.856621,13109
379463497.716552,1545
379463513.684509,12622
379463522.462619,2100
379463539.800131,12555
379463555.218552,692
379463571.934819,8652
379463585.699863,12536
379463592.934064,12515
379463601.768336,11300
379463626.60304,12498
379463635.79658,7521
379463645.716968,824
379463657.87728,12383
379463667.121181,971
379463686.681373,12430
379463698.826135,11545
379463708.961452,13148
379463726.239706,12326
379463737.660163,735
379463750.099455,4744
379463765.773036,799
379463776.906049,12211
379463797.790915,143
379463807.912008,10060
379463823.822158,11953
379463834.669135,11960
379463846.791191,1332
379463860.120387,10791
379463874.668439,10038
379463893.628142,1713
379463907.132621,12449
379463916.119392,721
379463927.976622,456
379463940.98335,1142
379463950.132018,3966
379463970.347757,12539
379463976.505203,1529
379463983.650333,12528
379463999.196984,12519
379464014.360636,12529
379464027.198768,269
379464032.564021,12601
379464049.476004,12648
379464060.607633,118
379464067.144153,491
379464078.336917,12678
379464091.198013,8498
379464105.555735,6826
379464120.151299,3635
379464126.674558,12684
379464137.549,13147
379464149.871863,6618
379464156.216807,678
379464167.00372,12813
379464192.747365,12787
379464204.549917,12860
379464218.096658,955
379464228.710583,629
379464236.763069,1482
379464246.569975,1555
379464257.482153,117
379464274.839979,907
379464282.142022,189
379464293.227543,12902
379464299.725032,102
379464315.838346,4575
379464324.95425,519
379464342.961849,8094
379464362.833912,9041
379464388.44665,13063
379464399.569053,1419
379464414.412871,7404
379464433.164685,13117
379464442.979111,1808
379464449.017055,4325
379464468.327393,10989
379464473.741594,4440
379464486.121505,2512
379464499.739802,13036
379464506.824945,5557
379464523.055932,6001
379464540.232387,232
379464551.729318,1763
379464573.158374,2559
379464591.444674,2102
379464606.987695,2120
379464618.572682,3132
379464624.201038,180
379464638.867267,11680
379464659.393009,11812
379464672.048324,13024
379464682.9662,6105
379464697.090344,6060
379464706.583686,430
379464728.857415,2068
379464735.79027,1805
379464748.985345,12775
379464761.729631,12634
379464779.796937,8736
379464789.678432,498
379464800.711547,174
379464815.552811,12695
379464826.415229,12686
379464840.215776,1469
379464850.106381,406
379464864.19068,6873
379464872.337623,1729
379464879.053318,12672
379464888.929781,130
379464904.301626,12491
379464921.340081,12561
379464934.028441,1458
379464945.936611,2620
379464960.877423,12469
379464974.116124,8045
379464980.985274,3861
379464988.905575,8299
379465000.962568,8023
379465012.256587,12584
379465033.106906,12564
379465049.382511,12757
379465055.470102,8890
379465070.319692,13064
379465075.930822,12255
379465087.246054,1746
379465105.999609,12214
379465119.311574,787
379465130.05047,3024
379465140.107636,9521
379465151.567891,12316
379465163.534939,12379
379465181.236069,12408
379465194.932234,13164
379465206.513828,10138
379465231.720177,12479
379465239.762495,11762
379465254.042655,3602
379465263.392912,13125
379465276.446605,12515
379465292.161652,12530
379465299.744193,12506
379465314.00986,90
379465326.877603,12556
379465343.766517,12617
379465355.159417,113
379465371.36934,12691
379465377.456547,6756
379465394.485743,11552
379465413.003113,12743
379465425.457149,1485
379465432.97221,102
379465446.447445,3722
379465459.679903,12657
379465475.253479,3440
379465483.463247,2141
379465490.827395,12781
379465498.936196,9617
379465510.863508,463
379465524.572494,269
379465537.70687,1597
379465548.925147,544
379465559.285268,11157
379465580.818904,247
379465597.614754,229
379465604.260274,7162
379465616.646222,13279
379465634.614115,488
379465651.336456,7594
379465658.693917,13106
379465673.488175,13010
379465685.80233,2855
379465698.847306,9265
379465715.020083,13010
379465721.787543,3689
379465732.946974,715
379465739.326463,13056
379465759.694397,13132
379465766.824146,3915
379465772.889542,1319
379465803.985536,92
379465813.554157,148
379465824.26139,3904
379465831.34585,6829
379465841.674507,12981
379465856.620188,187
379465872.691072,1022
379465887.909063,6403
379465896.263407,10871
379465909.132445,89
379465923.152099,13027
379465942.028516,12890
379465951.395273,119
379465969.073124,12804
379465983.024451,255
379466004.028598,3520
379466017.93945,12748
379466022.206151,1733
379466037.020048,6264
379466052.365095,2089
379466061.430624,12760
379466070.331995,12727
379466092.094579,2689
379466107.35866,12688
379466117.606291,5724
379466129.127669,12610
379466140.31041,10087
379466150.833522,12649
379466164.598764,12580
379466172.479345,11116
379466187.277491,265
379466206.544177,12502
379466217.398851,3836
379466232.251968,3210
379466247.215007,3977
379466261.005516,1958
379466274.60357,913
379466287.568631,11128
379466301.406151,1112
379466317.75511,6495
379466329.398381,12468
379466338.860435,10611
379466354.146543,12632
379466373.726902,12352
379466387.479197,1685
379466399.552663,388
379466417.031214,343
379466427.674406,4386
379466436.19495,1613
379466454.914916,12340
379466465.285466,12389
379466480.33349,12621
379466496.525555,436
379466507.553113,5622
379466528.941562,12792
379466536.199865,12374
379466548.632454,12492
379466562.44739,1087
379466582.653924,6350
379466595.345446,12463
379466613.560874,11924
379466620.898372,12486
379466636.61145,1457
379466654.790307,100
379466662.150049,11572
379466678.765593,3675
379466685.762286,12736
379466694.415913,292
379466713.353078,1503
379466731.000268,10641
379466738.111152,1525
379466750.971826,1653
379466763.293398,880
379466780.51832,11190
379466796.10644,4702
379466814.847045,828
379466827.091265,4852
379466831.575718,1467
379466844.403162,12925
379466856.682148,1869
379466870.612578,12998
379466885.770472,12782
379466898.517772,128
379466917.057554,1488
379466929.129485,126
379466953.878632,7496
379466964.510558,13013
379466972.252504,13093
379466989.747382,2957
379467007.248504,5546
379467020.085094,3215
379467030.024076,404
379467044.221444,1942
379467054.552379,13030
379467065.54022,13151
379467076.867428,832
379467086.164708,13110
379467100.351311,7101
379467112.292484,10136
379467124.905746,13226
379467138.54901,13092
379467155.414681,92
379467161.968774,133
379467181.727998,1169
379467203.561781,12934
379467223.180785,1486
379467240.509746,10320
379467252.762509,630
379467268.2979,12827
379467277.713157,489
379467283.103518,434
379467293.53171,915
379467315.490864,2437
379467325.770256,1496
379467340.10571,334
379467352.16987,4370
379467365.962756,2124
379467373.046437,3058
379467388.487371,2891
379467413.944672,12720
379467426.44248,1022
379467445.650833,12646
379467457.185921,10107
379467475.241073,1625
379467483.116125,9815
379467490.89588,12630
379467511.425284,12557
379467520.930156,1695
379467527.871396,6359
379467545.407385,12540
379467551.675499,142
379467562.521851,11020
379467577.075415,1479
379467597.513361,12707
379467606.929977,12495
379467625.157988,12429
379467634.817603,12373
379467640.558179,1489
379467650.012302,1693
379467659.831926,1865
379467669.111809,6237
379467681.260706,124
379467702.279865,928
379467715.794337,352
379467725.453578,12258
379467733.556357,10873
379467748.23867,11722
379467769.073407,4067
379467783.400708,618
379467797.686955,617
379467813.177174,9330
379467819.277542,1480
379467831.525545,12286
379467843.404413,12608
379467854.964218,12383
379467868.158258,2222
379467877.389198,156
379467889.560428,12388
379467903.487914,12655
379467919.5691,7176
379467935.157859,3243
379467944.624703,863
379467954.267461,4666
379467973.972079,12494
379467987.781514,3851
379468010.393359,98
379468021.965052,1710
379468032.887499,1542
379468038.823431,7704
379468050.780876,13007
379468067.521255,821
379468083.464374,12713
379468101.469206,12633
379468108.285881,12670
379468124.452933,12762
379468132.021722,12869
379468149.942404,12995
379468159.963584,12716
379468172.00241,4279
379468180.344888,4600
379468192.020414,834
379468199.159194,4527
379468208.09949,551
379468221.561271,1469
379468230.434731,1275
379468239.874351,13297
379468259.229592,12935
379468273.346808,12928
379468284.059543,6757
379468300.224652,82
379468315.411412,195
379468328.0068,7843
379468337.054608,10769
379468346.789489,539
379468365.288045,11191
379468378.607832,13066
379468400.376475,10802
379468411.135772,13125
379468421.423191,1095
379468430.656851,11233
379468440.112895,12744
379468456.619535,285
379468467.04679,326
379468485.238964,12976
379468501.227251,12941
379468513.402634,12955
379468527.805349,1494
379468545.873382,12923
379468564.848539,5605
379468576.671277,13179
379468593.526204,8801
379468601.584157,12940
379468619.304181,12880
379468632.032356,6791
379468642.314273,12725
379468653.847144,12922
379468663.718587,341
379468674.747709,138
379468684.879784,12733
379468690.78358,12911
379468700.168276,3155
379468717.141255,3818
379468734.996129,10588
379468753.847394,12684
379468781.172869,295
379468794.441136,12558
379468809.432885,1336
379468827.249222,12617
379468834.051328,1698
379468847.832648,115
379468864.625426,12735
379468874.944948,6326
379468889.017697,12499
379468907.908841,11697
379468912.678525,12476
379468914.132897,1737
379468923.887524,12489
379468936.619855,7394
379468951.779967,11020
379468972.341088,1507
379468989.55162,199
379468998.047477,1493
379469016.329911,11191
379469022.939708,1541
379469035.995531,12344
379469041.952055,97
379469054.655617,364
379469065.584094,12326
379469070.348705,599
379469084.8904,4157
379469095.924034,1929
379469110.007979,1407
379469118.322452,12739
379469125.868723,11867
379469139.765334,173
379469152.414652,1553
379469163.180775,1382
379469173.323556,12546
379469187.308414,1350
379469198.526162,161
379469215.74481,5784
379469230.948193,6770
379469238.884234,12450
379469251.58477,6196
379469268.55055,5632
379469276.848577,1669
379469289.211402,12490
379469297.275206,12846
379469306.286365,12718
379469323.152265,1732
379469326.602259,1833
379469340.444851,9416
379469352.58401,12591
379469364.651653,12599
379469372.606865,174
379469381.633417,445
379469398.710969,1757
379469407.527746,8503
379469426.622458,1461
379469445.907022,298
379469460.779225,4506
379469469.71281,13078
379469482.479534,4554
379469494.667304,8789
379469509.567482,12790
379469528.212326,9536
379469544.932063,3566
379469561.991562,8019
379469577.496782,10486
379469590.336889,174
379469602.712161,2246
379469614.25535,12961
379469633.396789,13253
379469651.682653,1748
379469665.986598,113
379469679.87864,13093
379469697.887076,13045
379469706.880804,12648
379469722.224604,10547
379469733.998245,13129
379469741.256004,1842
379469752.414472,289
379469767.856842,120
379469780.647222,1696
379469792.150625,288
379469798.09013,13122
379469817.831999,13037
379469823.216407,5854
379469842.402949,125
379469851.772441,1921
379469858.764354,13010
379469869.869504,1527
379469881.106933,9761
379469891.642565,12897
379469896.633311,1933
379469911.657712,13128
379469924.068644,12854
379469935.518602,13101
379469952.846312,1418
379469977.919859,589
379469988.883355,92
379470006.143291,1478
379470017.761275,132
379470032.343351,12869
379470045.415568,12751
379470060.106916,2025
379470083.829109,172
379470088.557751,12706
379470100.487123,12628
379470109.769936,6003
379470129.715217,12567
379470155.942938,5376
379470161.87467,4951
379470176.796699,632
379470186.641588,12609
379470195.384203,728
379470212.578579,241
379470219.988613,10771
379470235.739148,1785
379470246.253776,1994
379470262.791564,12395
379470279.493265,799
379470291.675699,1108
379470301.153358,12371
379470317.549642,1680
379470329.04403,13187
379470345.532771,12423
379470356.635097,12470
379470368.516061,3772
379470380.145137,9044
379470392.361075,1456
379470404.957161,3895
379470410.217809,12475
379470434.599643,1682
379470449.847986,205
379470464.421069,12321
379470471.523109,1319
379470485.370192,10757
379470498.269754,805
379470508.149117,13325
379470524.561978,91
379470535.109403,12252
379470541.300464,6744
379470546.522187,270
379470557.724802,1607
379470570.083662,9232
379470584.701537,12459
379470588.938156,225
379470597.096231,3033
379470611.598535,4361
379470622.015525,1435
379470629.842003,1978
379470642.956246,277
379470662.742697,9707
379470671.853516,12557
379470691.547578,12654
379470701.957037,1226
379470719.678296,13337
379470739.465437,1482
379470746.533538,10025
379470759.077422,7530
379470768.931187,12766
379470782.82317,10884
379470805.689317,574
379470815.147313,8507
379470824.481046,13007
379470840.594053,943
379470851.424787,718
379470864.840507,1697
379470875.310726,210
379470892.635031,1904
379470905.169897,6712
379470921.186041,12908
379470930.906625,523
379470944.904486,675
379470957.468458,13025
379470982.343889,2744
379470996.884255,6360
379471010.832426,13047
379471027.152342,257
379471038.899939,13038
379471064.273475,9672
379471085.681839,12600
379471099.342235,85
379471105.253036,1538
379471114.167257,1373
379471123.973889,13002
379471144.175081,240
379471165.950682,85
379471177.54373,2961
379471190.470313,1704
379471202.082794,6487
379471215.944864,12923
379471230.350789,12866
379471241.421166,12933
379471255.649717,1506
379471262.49703,4565
379471279.299546,12862
379471296.501423,2088
379471316.420006,10073
379471336.947458,1726
379471351.838525,12986
379471364.137458,12753
379471375.496227,1366
379471391.599476,6268
379471408.245496,12730
379471418.681731,3307
379471433.682683,12878
379471458.445346,735
379471476.661756,2586
379471487.842918,433
379471498.02333,3469
379471514.22068,147
379471540.753296,12652
379471553.38805,8103
379471560.133514,1669
379471573.399054,12117
379471593.221077,12063
379471609.752578,1644
379471629.395854,131
379471649.67333,3094
379471662.064156,6202
379471678.826263,1747
379471691.365739,95
379471707.157235,2561
379471729.80404,1960
379471738.821083,1584
379471748.953546,101
379471754.36284,5402
379471764.011808,276
379471777.629053,340
379471788.287646,12842
379471800.596148,1323
379471813.445664,12502
379471822.793511,12365
379471841.112307,1522
379471856.147293,96
379471866.153899,234
379471877.965429,2436
379471888.890384,8050
379471908.362978,12447
379471915.034391,12414
379471929.783534,12160
379471941.310873,12573
379471952.245991,4927
379471962.014239,440
379471978.822464,237
379472000.007838,2492
379472010.535167,12615
379472022.299443,12914
379472031.443509,2452
379472041.260944,11977
379472046.906483,9676
379472064.171772,2204
379472075.307956,159
379472089.991964,12747
379472097.349943,12681
379472110.216083,12840
379472125.206762,103
379472131.784365,1419
379472143.569249,6354
379472155.980161,10308
379472169.651435,2105
379472180.623648,1269
379472193.470848,2290
379472208.449312,7706
379472225.544583,1004
379472236.765305,12065
379472253.563312,82
379472268.175844,1776
379472281.996339,552
379472291.8969,253
379472303.621871,2729
379472318.915548,13037
379472332.666651,319
379472343.699197,1483
379472358.0653,6797
379472365.183209,2679
379472378.896801,1383
379472395.074228,13051
379472400.167732,13122
379472431.821501,269
379472439.879592,1447
379472469.351839,238
379472479.147626,1200
379472489.974297,12973
379472504.935875,13008
379472517.570429,1244
379472529.887863,338
379472546.576806,11801
379472557.542703,1492
379472561.974968,3806
379472577.729959,8547
379472594.731255,13062
379472610.045504,1033
379472620.202496,1701
379472627.834331,2204
379472648.030863,2914
379472665.460717,11310
379472670.571293,4134
379472686.545448,519
379472699.939063,648
379472709.612679,2631
379472720.402012,11952
379472733.093787,10901
379472749.088565,1762
379472762.945105,1122
379472778.707937,13014
379472794.388432,12897
379472806.000679,12580
379472817.623819,529
379472826.653542,1781
379472844.818155,717
379472859.083007,5060
379472866.740224,2390
379472878.843377,136
379472901.523774,12463
379472921.188415,3464
379472936.667045,13156
379472952.526702,8747
379472959.037413,120
379472970.77139,709
379472989.081998,215
379473009.228505,87
379473023.748332,87
379473044.391543,12372
379473047.689073,1456
379473061.671048,12299
379473077.761147,12344
379473088.062088,12398
379473095.988765,2757
379473118.687722,1425
379473126.727758,5200
379473141.29637,12350
379473155.479228,7336
379473175.932789,118
379473187.729771,7639
379473203.826111,12008
379473211.536118,11860
379473225.752574,2044
379473237.146831,1542
379473257.360139,12527
379473270.515426,255
379473281.640016,12538
379473296.601903,2499
379473309.189324,12759
379473326.819674,2097
379473347.882426,1440
379473357.226911,12902
379473380.929196,13168
379473400.418927,144
379473405.880426,3146
379473413.628067,5423
379473426.811451,1489
379473433.126147,12742
379473452.563201,2462
379473465.99079,11959
379473479.102784,12840
379473499.728392,457
379473537.245813,11455
379473554.117438,12904
379473562.510976,5809
379473574.709484,12877
379473585.433327,224
379473595.965097,12945
379473605.593495,12951
379473618.380671,2652
379473629.766743,13135
379473648.218215,8541
379473663.31341,13047
379473674.094457,3190
379473695.614629,13203
379473715.91943,13111
379473729.971719,106
379473741.547562,2644
379473757.14379,1474
379473767.461649,1485
379473781.492385,8986
379473805.220103,13146
379473819.619802,702
379473836.699504,522
379473844.262788,10288
379473858.276938,1837
379473879.766463,13181
379473895.829035,12881
379473910.540192,1490
379473927.29318,6747
379473943.962687,11728
379473948.687282,601
379473961.371307,2927
379473975.515264,2889
379473992.092736,2946
379474003.704361,12474
379474010.099012,1794
379474021.558117,13150
379474040.206975,3727
379474057.375886,6489
379474070.579035,11898
379474093.556148,8479
379474112.256391,12549
379474126.75891,12767
379474142.455071,12533
379474150.626136,12514
379474163.383562,12586
379474177.893611,8748
379474189.142068,7557
379474205.71413,7767
379474217.166668,1547
379474225.773837,2908
379474236.47238,718
379474251.115321,3674
379474263.167412,1383
379474273.773844,3777
379474284.673619,87
379474291.727627,1504
379474298.811877,115
379474308.785317,5799
379474324.967478,5868
379474349.122758,12247
379474364.914743,6713
379474375.083482,12577
379474381.344142,94
379474391.684372,12271
379474413.539567,7871
379474429.034529,7752
379474448.586956,663
379474462.78833,12332
379474479.249332,8552
379474502.456278,12484
379474516.325718,12497
379474532.752484,1183
379474547.043126,12565
379474555.18617,12500
379474561.096507,12533
379474570.921406,1733
379474581.962536,13096
379474597.504427,12600
379474608.346263,1633
379474622.03851,6279
379474629.005643,12586
379474644.701808,8804
379474650.079958,6730
379474663.275973,1758
379474672.100482,12687
379474684.321344,1500
379474693.163696,2308
379474704.8317,1323
379474723.711309,3484
379474733.83103,9057
379474746.961633,147
379474758.027063,12829
379474768.582968,9427
379474791.257752,12737
379474803.752037,12762
379474813.369288,11236
379474826.436505,2453
379474851.302307,6077
379474870.937441,6879
379474885.205831,12035
379474899.273127,12930
379474911.956527,13108
379474925.361469,1491
379474932.320396,727
379474946.053065,515
379474957.43585,336
379474968.614502,1765
379474979.818777,7232
379474995.908992,491
379475010.298528,7993
379475018.137933,13074
379475019.663265,13268
379475020.771072,2794
379475028.718517,13074
379475042.410953,5015
379475060.561466,125
379475072.775567,6926
379475089.178039,174
379475096.301889,4413
379475110.839252,13182
379475126.157656,316
379475144.160747,13031
379475161.925503,3012
379475173.134777,6692
379475182.742041,115
379475192.981945,12923
379475202.736564,12871
379475214.733956,1576
379475226.118224,12813
379475234.793419,5474
379475248.736601,407
379475260.6404,231
379475278.4653,3128
379475297.320058,2453
379475311.021303,6661
379475318.083065,12705
379475336.769504,12772
379475363.522376,1488
379475381.343627,114
379475395.368625,12650
379475418.04159,12576
379475426.358983,12623
379475442.922694,12532
379475454.533486,12621
379475458.375277,12631
379475471.706322,88
379475484.588686,7238
379475498.270714,8641
379475509.038966,12564
379475530.164462,4942
379475543.335917,164
379475567.368654,12420
379475575.844963,13030
379475584.059683,7822
379475602.735076,12431
379475618.658601,12344
379475631.306824,12390
379475646.314564,12300
379475657.877508,6565
379475672.944589,3244
379475681.210718,12940
379475692.588239,3997
379475704.044378,12226
379475717.696159,252
379475730.680136,4614
379475752.291152,844
379475770.727198,7000
379475778.268127,12298
379475792.718352,7901
379475807.059734,2136
379475811.09557,576
379475833.018696,3314
379475845.059961,12845
379475855.323978,4127
379475865.135204,346
379475874.733134,12394
379475886.717125,8376
379475895.602136,502
379475903.240978,5013
379475926.213916,12531
379475940.73231,546
379475952.66625,7450
379475977.368634,170
379475980.611372,84
379475999.345704,7532
379476009.812127,10621
379476016.883274,2226
379476031.185224,13069
379476050.053461,10954
379476060.409381,1465
379476068.703847,484
379476079.094,1462
379476095.46652,1049
379476118.016215,2522
379476136.386255,1007
379476150.487316,438
379476170.907942,1521
379476184.261086,1440
379476196.615905,1751
379476204.108583,3129
379476224.952376,2996
379476237.024888,12961
379476251.958203,5109
379476264.527567,185
379476281.188302,12749
379476292.564644,2101
379476307.445929,1147
379476322.017658,13027
379476328.111186,2008
379476342.340361,912
379476354.761348,88
379476377.630326,115
379476394.083445,128
379476407.785859,12981
379476424.267188,2289
379476436.480144,1213
379476442.601977,4697
379476456.454587,13040
379476465.381471,11260
379476478.271222,12946
379476495.044172,13024
379476507.761198,12909
379476525.435086,13053
379476533.234266,12858
379476547.911783,12941
379476565.98301,7938
379476578.818938,12853
379476586.425048,1472
379476600.436666,109
379476618.814161,7009
379476632.657129,6924
379476644.154785,7999
379476658.000439,256
379476671.060182,10505
379476683.709116,5471
379476694.742894,12652
379476708.180903,12632
379476733.634462,124
379476743.18228,164
379476757.776002,349
379476774.863238,3621
379476788.754315,177
379476803.398074,351
379476817.802135,96
379476831.308943,12519
379476839.22975,2039
379476854.158216,1486
379476863.392437,107
379476876.263315,12611
379476888.962157,1774
379476896.676222,12454
379476909.055024,5070
379476913.625803,12405
379476933.27503,12625
379476946.281561,10043
379476952.692002,12298
379476971.236747,10957
379476979.584974,117
379476990.427028,1416
379476997.808682,1720
379477020.896463,9631
379477038.914229,188
379477050.127365,84
379477074.472401,157
379477080.550318,2311
379477101.016185,7440
379477111.185901,7122
379477123.061285,88
379477133.859058,12552
379477151.443572,12380
379477166.957125,234
379477182.260174,12513
379477196.511156,256
379477208.167233,1437
379477224.0671,6867
379477235.755149,5535
379477247.140751,12534
379477258.50962,5795
379477270.041281,2160
379477286.612097,4343
379477295.764355,12639
379477319.22846,202
379477340.632171,12641
379477358.575351,13159
379477369.008871,7615
379477386.459546,13049
379477394.707736,12727
379477411.142077,6343
379477419.834537,447
379477436.006101,86
379477440.209064,13296
379477453.254358,11717
379477462.518428,95
379477482.001366,3385
379477492.220105,12859
379477500.436053,1639
379477510.856216,1372
379477524.494423,292
379477534.554822,3051
379477545.372326,7955
379477559.106797,5400
379477577.748013,13134
379477589.118137,2018
379477605.209601,12963
379477619.214601,1545
379477630.178721,12938
379477646.125665,7105
379477660.346056,1825
379477687.779326,1721
379477699.769325,13230
379477707.584445,162
379477729.776932,8164
379477746.348243,4132
379477758.659719,12971
379477770.357279,164
379477779.975246,13231
379477797.65082,5386
379477810.877952,12888
379477815.788488,1499
379477835.151422,1533
379477850.918697,3694
379477862.361844,158
379477881.139765,5148
379477889.240785,6926
379477897.659857,176
379477908.840657,5918
379477922.735218,12758
379477933.380793,12838
379477949.971271,9513
379477962.167513,12731
379477974.68618,1353
379477996.173366,1949
379478008.864107,1745
379478031.261908,94
379478046.703584,3148
379478061.766769,142
379478092.321512,3269
379478106.175756,12614
379478124.318796,12546
379478134.439562,12533
379478145.396498,6790
379478150.773481,12649
379478163.248031,1704
379478182.083145,12465
379478189.218584,2898
379478198.918945,1787
379478212.77257,1490
379478232.115668,2982
379478248.53516,12406
379478263.385352,12477
379478272.812747,824
379478283.592829,12559
379478291.186287,6353
379478300.708014,578
379478315.066731,175
379478328.187333,13133
379478334.86177,10005
379478349.909418,2223
379478360.717856,1039
379478380.460917,10984
379478387.84661,86
379478402.665182,12355
379478411.5326,108
379478424.52548,12860
379478435.584888,206
379478442.347405,1592
379478457.231777,8178
379478477.458431,709
379478484.349515,4757
379478498.282641,6334
379478512.124511,1438
379478527.060192,8067
379478539.210917,1411
379478553.383661,5269
379478567.84145,3715
379478573.942975,12456
379478584.147928,544
379478595.04765,629
379478606.747748,12669
379478619.559754,12597
379478635.277608,3792
379478650.865111,1504
379478656.714331,6111
379478664.936347,3263
379478673.817739,12699
379478685.3759,90
379478693.354128,1783
379478705.132178,108
379478719.663129,1301
379478733.761185,2592
379478749.57844,2264
379478762.226287,4953
379478774.463436,9831
379478787.994825,12796
379478797.674615,1750
379478806.848105,13138
379478814.750424,1514
379478831.423452,8439
379478845.889088,13097
379478870.021824,4386
379478890.077756,12945
379478911.200557,12975
379478928.288409,538
379478940.73804,1486
379478959.407412,6510
379478971.757842,13068
379478990.700959,13095
379478999.839533,1756
379479023.638334,1527
379479037.668838,4774
379479043.674043,5198
379479053.377456,6680
379479068.671363,257
379479088.823413,2683
379479101.551952,13059
379479112.244251,11663
379479130.175426,1773
379479130.39426,1774
379479130.265013,13020
379479128.758822,1765
379479140.031731,12939
379479145.699647,12999
379479169.58064,172
379479181.753256,407
379479191.204762,5531
379479206.463715,7140
379479219.025353,12860
379479230.204229,12922
379479245.555672,12802
379479255.662293,1529
379479267.141268,6359
379479288.699364,1521
379479298.361369,12686
379479310.046371,416
379479328.51109,12763
379479338.763407,12728
379479352.082025,6421
379479367.190243,13311
379479376.670616,118
379479395.177758,12737
379479401.881616,12703
379479420.065863,722
379479435.311339,12543
379479445.167616,219
379479463.191519,7730
379479476.666378,6409
379479492.331025,1479
379479518.470073,12468
379479525.000423,12523
379479537.269247,12435
379479556.439237,10775
379479564.777707,652
379479574.040104,114
379479587.778282,12197
379479593.162091,1094
379479604.441673,12447
379479615.418805,152
379479623.594141,795
379479644.063031,1607
379479656.32327,127
379479670.565007,374
379479690.3187,12229
379479702.467633,1520
379479715.115843,1224
379479731.069188,3155
379479743.264197,291
379479756.185521,12489
379479770.867398,7786
379479782.072243,137
379479793.829294,7254
379479800.750236,9260
379479819.418494,12406
379479826.68721,1433
379479832.592147,5099
379479847.863421,1881
379479867.111209,12538
379479879.713575,1647
379479888.47488,82
379479896.910216,9834
379479909.732767,5322
379479918.415408,1792
379479925.003168,12543
379479937.602196,535
379479951.636206,12555
379479968.359921,108
379479973.28818,6656
379479985.041116,12578
379479997.736641,12685
379480011.901417,12729
379480025.286689,583
379480033.356174,12938
379480044.346778,1425
379480055.433307,1012
379480064.670696,1060
379480072.908605,1522
379480084.367385,6741
379480086.558905,252
379480101.846466,10982
379480114.160849,12831
379480129.504457,4893
379480138.446611,1323
379480153.532165,527
379480165.816002,1297
379480173.212035,176
379480184.306444,1701
379480199.272645,7095
379480211.524177,2392
379480221.234173,2300
379480231.595843,568
379480244.257286,458
379480256.435243,3498
379480273.280354,12998
379480293.212058,5463
379480302.112371,1746
379480313.809114,13246
379480327.458365,159
379480339.701267,7169
379480345.572192,13146
379480356.050497,1790
379480370.711455,2764
379480387.003435,13013
379480399.81815,12988
379480413.621201,4621
379480425.564891,13072
379480438.73116,2336
379480450.890868,12931
379480461.910969,1417
379480470.119235,13068
379480482.739206,1816
379480499.567991,1463
379480510.15326,255
379480519.11279,2291
379480530.711299,12822
379480542.159361,12839
379480556.866562,12824
379480572.610414,12966
379480578.948015,1506
379480589.925562,12780
379480604.441292,275
379480617.372397,7531
379480623.817661,1512
379480632.404829,3412
379480640.570816,560
379480651.390589,291
379480660.229456,12693
379480674.875286,9097
379480690.017249,1756
379480704.51581,1136
379480724.496132,13055
379480738.885209,1067
379480754.293491,192
379480769.492711,1794
379480781.260554,2409
379480793.785261,4909
379480804.486226,11719
379480815.492546,7208
379480821.196427,1013
379480832.361721,10140
379480839.003641,1581
379480848.603859,1829
379480857.247284,12511
379480865.836439,11420
379480877.053361,12378
379480884.316186,1301
379480887.585094,2158
379480894.19347,7516
379480906.184261,12464
379480921.077137,1471
379480927.781941,3417
379480931.458614,12768
379480939.51322,6136
379480954.955923,5619
379480965.164124,1984
379480981.102894,6773
379480985.621549,2521
379480997.813175,3512
379481005.260632,12249
379481008.670947,154
379481021.114922,8924
379481034.500425,4791
379481040.489948,928
379481047.671068,12319
379481062.831149,3112
379481067.338915,624
379481078.19127,1641
379481083.001657,10236
379481089.74552,7231
379481095.160883,2277
379481100.687892,12351
379481103.004708,87
379481111.278345,12416
379481114.062677,1482
379481121.632153,3576
379481132.478691,12364
379481134.233692,12427
379481145.39944,13053
379481155.418058,147
379481161.453271,1927
379481167.80909,89
379481177.146381,442
379481184.747326,2714
379481192.379031,3999
379481200.628979,7757
379481204.0278,4765
379481215.544707,1727
379481226.292157,8896
379481234.522997,1794
379481242.254217,12543
379481252.175726,4463
379481259.038862,372
379481266.381938,11456
379481277.200741,145
379481285.948542,5621
379481296.220386,921
379481305.404801,12626
379481314.096956,12628
379481325.226743,338
379481332.335178,12739
379481341.215478,12722
379481350.90587,1487
379481355.514824,6667
379481364.15927,2472
379481374.757845,85
379481380.440942,12701
379481385.655608,389
379481394.158028,12724
379481403.24076,4954
379481409.500433,894
379481417.326181,12725
379481422.020987,10379
379481431.545326,144
379481439.337331,2290
379481443.515807,1681
379481458.334344,624
379481465.769442,1072
379481472.104023,12844
379481485.166185,12846
379481497.567929,115
379481505.277257,2754
379481512.377647,1039
379481519.184887,2267
379481530.736465,13012
379481535.392712,1758
379481540.533409,269
379481547.667603,2226
379481556.681384,12947
379481561.7133,12082
379481569.089984,13078
379481576.755667,12950
379481583.367126,13058
379481590.504748,13046
379481600.408485,6559
379481608.578391,7803
379481614.755454,13291
379481622.231205,9802
379481631.195537,5800
379481641.771044,1695
379481648.183698,5601
379481656.773856,13103
379481661.879995,1792
379481668.010235,6333
379481678.32656,5381
379481684.767215,99
379481691.38434,6640
379481698.960814,10331
379481712.544911,1335
379481719.397167,1429
379481724.84963,950
379481732.817427,2427
379481740.793811,12975
379481744.664694,13108
379481757.115514,247
379481760.963421,1386
379481770.987491,12971
379481781.745342,172
379481787.987087,13098
379481799.958385,1271
379481807.23817,2108
379481809.702105,1569
379481821.752941,194
379481829.352424,1927
379481836.935282,5605
379481848.736201,10502
379481855.243729,8674
379481861.935701,12923
379481876.91486,857
379481884.026144,6346
379481889.104828,820
379481896.6845,12535
379481901.178136,6784
379481915.767072,171
379481916.506528,12911
379481927.272115,147
379481935.974531,12717
379481941.359475,3051
379481945.346011,4680
379481949.857343,2274
379481956.552486,2032
379481959.278033,1694
379481964.868675,12704
379481968.435788,3162
379481973.753729,2239
379481978.71458,3405
379481984.628411,5688
379481987.822209,1734
379481996.495592,10251
379482001.284621,1852
379482007.118618,1030
379482014.538247,4695
379482020.535841,3927
379482025.448136,4843
379482032.343019,2515
379482036.960192,906
379482044.459969,3341
379482050.722328,888
379482051.387634,6355
379482057.929547,12541
379482065.389865,7018
379482073.284285,12657
379482074.682223,12732
379482084.713413,2592
379482089.291888,13056
379482095.682992,1677
379482104.238705,1213
379482115.500273,955
379482126.164549,3054
379482137.779813,391
379482142.333578,12481
379482147.442106,607
379482151.731057,1452
379482156.423135,12479
379482161.676698,1748
379482170.591725,560
379482174.110089,11600
379482177.47687,121
379482185.257844,1014
379482186.476402,244
379482199.114655,4249
379482203.001555,1230
379482213.172792,9066
379482221.653151,12522
379482233.451488,84
379482238.92627,189
379482247.330823,12303
379482254.568765,4631
379482266.904115,8809
379482271.675643,160
379482279.562099,12245
379482288.535805,1821
379482301.221896,1963
379482307.234102,1555
379482318.021657,2231
379482328.145537,1534
379482333.055891,3108
379482344.106319,2048
379482345.816191,12294
379482361.322129,13355
379482370.117105,10153
379482374.691995,364
379482387.495904,1566
379482395.201854,12366
379482404.255207,1752
379482415.199665,9509
379482432.942218,3721
379482445.326056,8745
379482449.702813,2855
379482461.033508,2111
379482466.010903,7535
379482474.669219,430
379482480.55289,5491
379482492.248526,119
379482503.263727,2659
379482510.319106,12503
379482521.575417,106
379482529.727261,8783
379482539.70295,3720
379482549.20019,3579
379482560.286945,3458
379482567.796669,12562
379482571.940734,7668
379482582.809992,350
379482595.201427,12542
379482608.152469,424
379482614.140873,101
379482626.396838,1692
379482634.53643,4571
379482641.929191,12646
379482652.360936,1290
379482661.379231,12723
379482674.955773,1508
379482680.014952,4725
379482687.94621,170
379482692.880139,937
379482703.366366,2582
379482716.400848,951
379482724.42325,2134
379482733.770487,1763
379482735.232817,11282
379482744.610054,12778
379482748.193178,12771
379482761.603256,93
379482769.127751,404
379482772.086468,711
379482781.661873,3483
379482789.28609,622
379482796.461904,1350
379482805.154724,1025
379482810.721748,4783
379482818.475837,2408
379482825.586837,12834
379482833.149436,1548
379482840.458719,406
379482847.946834,10720
379482853.895578,7403
379482862.919403,4680
379482868.633887,2044
379482880.261475,1885
379482886.925894,12960
379482895.603043,13019
379482904.05482,1679
379482912.868188,1895
379482920.836618,12946
379482928.982822,1090
379482939.095209,13207
379482950.290224,2156
379482958.324476,11770
379482964.351596,1255
379482972.115866,345
379482984.290336,1679
379482990.797926,2086
379483001.392203,1758
379483008.482895,11378
379483010.617656,13125
379483022.476376,83
379483028.276262,653
379483033.228445,1931
379483044.067843,4476
379483051.648542,13046
379483061.423455,360
379483069.589271,2977
379483075.957655,1475
379483081.888596,209
379483091.985126,337
379483098.823025,12546
379483101.608322,1769
379483109.80576,8955
379483121.857017,1149
379483126.73145,272
379483137.385683,846
379483140.691054,1267
379483149.141066,8083
379483151.599484,7544
379483156.317396,528
379483166.993855,4382
379483174.322852,1033
379483180.078762,12997
379483186.452243,2205
379483191.867492,10241
379483199.376504,12813
379483206.497798,12808
379483210.657561,12865
379483218.21305,12819
379483228.240522,770
379483233.0974,6590
379483241.161178,3420
379483247.834297,7347
379483256.721902,4129
379483262.9207,1505
379483272.058056,105
379483275.823708,6820
379483284.469584,3725
379483292.780429,4031
379483299.708693,5332
379483308.611576,12715
379483315.647511,2244
379483321.633083,556
379483325.16658,12786
379483330.787309,4155
379483334.785282,10444
379483339.660715,1700
379483345.85101,2599
379483351.402595,12701
379483358.921854,901
379483359.428964,12088
379483368.042561,996
379483377.070821,12624
379483385.052265,1805
379483391.167029,1447
379483400.346549,5995
379483403.455335,10879
379483414.971292,7456
379483418.706703,674
379483422.173419,5123
379483427.639609,5967
379483434.280446,3158
379483442.845597,690
379483445.318804,12550
379483450.070699,1321
379483452.687083,12587
379483462.142852,9256
379483473.040095,4957
379483480.591387,4999
379483486.219397,2962
379483489.881573,5989
379483494.60721,1676
379483500.094191,12598
379483506.60876,6876
379483511.939226,1368
379483516.010529,12477
379483522.156524,2083
379483526.944836,3339
379483533.469443,91
379483539.723863,12530
379483544.249865,12391
379483550.12044,1696
379483554.517365,1229
379483562.021168,1281
379483568.190472,2458
379483569.71103,12558
379483578.611701,3789
379483580.686633,1329
379483588.856322,5550
379483596.892127,111
379483601.797127,2080
379483603.97115,12532
379483613.855368,1589
379483621.111191,4558
379483626.310408,6909
379483628.293686,2655
379483633.263892,5092
379483638.285532,5972
379483643.82761,4765
379483649.878834,814
379483650.580284,11910
379483653.752626,6807
379483656.525551,1621
379483660.4111,3143
379483663.778148,662
379483672.932106,3210
379483673.940732,12306
379483679.024531,12836
379483684.94192,2332
379483692.388319,2250
379483693.422727,190
379483696.679779,387
379483704.238128,1503
379483710.132431,3293
379483714.841239,1819
379483718.304978,7562
379483720.628498,1541
379483723.128172,1400
379483726.665573,408
379483732.002524,12270
379483740.996235,1480
379483746.154319,1340
379483750.687571,345
379483754.078128,1798
379483758.778736,1467
379483759.447548,489
379483767.62319,2073
379483774.710225,508
379483775.387679,12442
379483782.583712,12943
379483785.906695,8770
379483791.682312,108
379483793.699481,129
379483799.325328,1863
379483802.606175,1149
379483803.633434,2413
379483804.863868,4438
379483809.702969,2996
379483812.120453,969
379483817.473038,9821
379483821.37333,3186
379483825.292654,641
379483830.286663,8933
379483835.404426,1802
379483837.55546,4683
379483842.875869,1306
379483844.35069,158
379483847.294204,2404
379483852.851703,11294
379483857.844967,495
379483862.442503,3283
379483863.680261,4973
379483866.623426,3267
379483872.963704,12610
379483874.480659,733
379483881.479958,7737
379483880.305312,835
379483884.250256,12517
379483889.649466,1779
379483892.062744,304
379483895.150686,3105
379483896.025971,4636
379483902.274727,12609
379483904.946129,1570
379483908.627412,368
379483911.428008,11969
379483916.244629,1476
379483922.216388,3880
379483926.197956,2050
379483928.828865,1809
379483931.184453,11592
379483937.791448,650
379483938.163679,6803
379483940.380757,5542
379483944.777511,724
379483949.599049,12563
379483954.30279,12559
379483952.486729,9176
379483955.012685,1746
379483961.679865,695
379483965.865129,1311
379483968.529645,336
379483971.730892,485
379483975.895011,1533
379483977.84164,2681
379483980.46311,12643
379483983.036479,12620
379483989.720281,1305
379483992.133501,8152
379483994.28295,4866
379484003.593391,360
379484006.197255,380
379484008.906874,170
379484009.255647,2508
379484016.261847,1628
379484018.350042,683
379484023.037756,949
379484027.484975,3950
379484030.625175,2222
379484034.047794,373
379484042.560495,1041
379484044.330601,787
379484051.451384,3503
379484056.94276,5791
379484059.982493,1994
379484061.918316,12791
379484063.773001,13183
379484068.435263,329
379363654.950215,11828
379363657.342646,1658
379363657.913952,211
379363659.554733,988
379363663.745176,130
379363664.454299,8805
379363666.991984,8699
379363674.337177,3483
379363681.286807,332
379363683.40669,4493
379363686.960312,1262
379363685.92966,4958
379363688.16164,152
379363694.477002,13717
379363697.106846,118
379363700.149678,135
379363701.574055,1354
379363706.650005,1093
379363709.124642,2051
379363709.832257,188
379363713.974013,2197
379363715.891659,165
379363721.09831,11456
379363719.998761,501
379363721.229853,2546
379363726.67019,13656
379363730.18985,152
379363732.204397,144
379363734.901154,1393
379363738.268869,2713
379363739.475548,13653
379363742.897771,9398
379363747.469938,886
379363747.745367,411
379363754.409867,105
379363753.367614,241
379363758.637054,6337
379363760.734984,174
379363763.49334,224
379363767.688809,2878
379363768.150166,13628
379363770.861646,1344
379363777.895721,3785
379363779.442243,837
379363783.242104,2959
379363783.049234,1819
379363784.479316,463
379363788.831817,106
379363792.622121,13553
379363792.18275,2436
379363795.210605,893
379363797.552433,93
379363799.451221,1577
379363804.165374,109
379363807.69893,4883
379363808.230473,13638
379363810.157756,5022
379363813.928557,302
379363815.602126,13559
379363817.499063,148
379363825.074519,13532
379363826.243731,2222
379363831.418938,419
379363832.506518,881
379363835.368319,2239
379363835.952635,1151
379363835.754732,121
379363840.645192,596
379363845.738808,619
379363844.791114,4155
379363849.554156,6324
379363851.952026,451
379363854.060202,120
379363854.946524,963
379363857.069311,2096
379363860.314658,4196
379363859.308763,7965
379363861.98298,673
379363864.171841,2521
379363867.998738,442
379363870.394565,132
379363873.402032,10771
379363876.724178,272
379363879.225951,12826
379363882.303175,2940
379363883.636883,6537
379363885.822357,4490
379363890.133317,173
379363887.662638,5738
379363893.355041,3744
379363895.081316,12255
379363897.118605,955
379363896.249361,5228
379363900.072011,13468
379363901.993372,223
379363904.724732,1727
379363906.901928,176
379363908.810286,1322
379363911.188102,1007
379363912.898219,13413
379363915.052471,8158
379363916.835956,557
379363917.291247,272
379363920.240741,132
379363921.67828,12068
379363924.940908,137
379363925.463665,1914
379363926.858416,978
379363929.56707,225
379363933.670771,1295
379363935.147918,243
379363938.644831,524
379363941.944459,208
379363940.705142,6342
379363942.894816,13362
379363944.737547,13361
379363945.740869,4723
379363946.360256,1459
379363949.50535,1124
379363952.083884,144
379363952.086092,2452
379363955.14068,5009
379363955.764055,484
379363957.848471,180
379363960.176359,1385
379363962.479067,1027
379363963.534836,1438
379363967.955564,4465
379363969.742094,129
379363968.215751,9147
379363973.464779,4188
379363978.536676,9700
379363978.373549,1786
379363979.614007,751
379363982.735615,3127
379363983.049342,6585
379363987.786256,8517
379363987.756645,116
379363991.006905,167
379363992.764271,3596
379363994.128566,5747
379363994.747992,221
379363996.841249,110
379363998.897579,13332
379364001.566166,5166
379364002.482689,545
379364007.023428,8810
379364007.176275,215
379364010.271657,13283
379364013.682968,241
379364015.85273,610
379364017.01516,1087
379364019.191638,2753
379364020.312037,7861
379364024.2418,123
379364025.481721,231
379364028.093282,4011
379364032.595603,115
379364037.040999,3238
379364038.452934,141
379364041.521253,7686
379364045.048899,601
379364047.879966,650
379364050.556401,3002
379364055.626558,13200
379364058.518618,131
379364056.578105,1689
379364060.560642,5190
379364064.164372,991
379364068.541864,200
379364070.277259,13180
379364072.427406,112
379364077.106804,378
379364079.363565,1726
379364081.400152,5616
379364083.254261,10365
379364084.320606,137
379364082.857466,6372
379364085.603053,3396
379364089.608192,1057
379364095.542518,399
379364097.484843,13199
379364101.173009,610
379364108.5206,13145
379364111.674827,136
379364116.296366,1087
379364117.747451,899
379364119.076081,7218
379364123.113887,658
379364125.447951,324
379364127.519908,6886
379364130.004183,4389
379364133.323009,311
379364137.195614,914
379364142.03345,13061
379364143.570956,2791
379364147.995885,292
379364149.242373,4879
379364150.91522,1970
379364157.296613,13073
379364162.002317,214
379364168.190783,13220
379364172.937144,13652
379364177.819288,784
379364181.011231,2775
379364183.142096,4468
379364185.257509,711
379364190.126899,376
379364193.778604,142
379364197.702423,150
379364199.97961,4768
379364202.693504,6080
379364209.224459,444
379364210.957622,13168
379364216.090615,126
379364219.066487,13010
379364220.659695,321
379364227.566953,155
379364232.002619,487
379364234.824396,679
379364237.489043,11786
379364243.14354,114
379364246.195457,2955
379364251.495577,148
379364251.994838,215
379364255.580839,134
379364257.764428,8157
379364262.519604,1145
379364266.946205,1527
379364267.68628,836
379364272.633335,857
379364275.718564,750
379364280.048668,4766
379364283.400724,699
379364288.217152,2165
379364291.20872,222
379364298.042051,13125
379364299.002656,5289
379364303.352665,360
379364303.718153,115
379364309.357648,265
379364312.828109,822
379364314.362111,3224
379364323.946422,12898
379364328.641076,5777
379364330.150615,12900
379364337.02025,9702
379364340.280639,4173
379364343.090498,3209
379364347.048679,7356
379364349.314417,965
379364351.272588,5713
379364356.632295,6494
379364357.310362,8599
379364359.159713,2748
379364362.822867,12284
379364364.056957,2731
379364364.653472,5755
379364369.152914,3516
379364369.821587,284
379364375.630204,4329
379364376.642419,12968
379364379.639907,7245
379364383.417781,305
379364386.00129,10667
379364390.759136,184
379364389.890188,13033
379364394.113782,439
379364398.633897,585
379364399.839588,1185
379364402.779678,6380
379364406.716672,202
379364407.748619,8652
379364412.14208,12975
379364416.949527,5263
379364416.534803,4567
379364418.837194,4849
379364420.27066,5686
379364421.219766,5044
379364425.588573,215
379364427.171888,6537
379364429.739824,1567
379364431.495745,168
379364435.799897,3078
379364437.284441,260
379364440.56119,1550
379364440.119461,213
379364445.794845,8342
379364449.137431,1432
379364453.344882,4206
379364456.590627,872
379364454.891247,1507
379364457.684864,192
379364462.715815,2922
379364469.238033,7045
379364470.918157,1196
379364473.426634,142
379364473.160062,1230
379364476.230659,10494
379364478.456759,150
379364482.234033,1609
379364484.475485,324
379364485.774366,2692
379364488.705018,111
379364494.843186,664
379364497.554281,5304
379364497.396913,2749
379364500.905576,2518
379364502.037239,2224
379364504.255198,628
379364506.891883,3322
379364510.046453,520
379364511.566138,1665
379364512.325867,155
379364515.397941,511
379364517.228779,128
379364519.590335,1415
379364523.410821,11129
379364526.993124,13151
379364528.6157,1461
379364529.531954,13179
379364532.088326,3971
379364530.638223,103
379364534.583242,8075
379364534.009203,6245
379364535.497517,4502
379364538.641088,11733
379364542.169598,611
379364540.764915,133
379364544.1558,6019
379364546.697834,116
379364549.688447,9660
379364548.735467,8517
379364551.956326,6855
379364554.026432,4590
379364557.337812,780
379364557.16992,118
379364556.462068,461
379364560.924563,1643
379364561.986169,1986
379364563.046172,928
379364565.705136,115
379364567.981852,1763
379364567.510116,140
379364570.946943,5048
379364572.03669,413
379364572.742136,4739
379364576.226297,139
379364574.670636,2848
379364578.538848,266
379364579.297986,6142
379364583.356493,789
379364586.732149,188
379364586.672212,1348
379364588.205485,814
379364589.63384,13094
379364594.426711,219
379364593.964772,129
379364596.898727,696
379364595.4993,323
379364598.329747,122
379364598.91507,450
379364601.627828,934
379364604.239212,3394
379364604.071645,214
379364607.608688,4408
379364607.718331,1205
379364608.322181,1005
379364609.451414,935
379364610.797347,1323
379364614.113962,2188
379364614.31853,7949
379364616.309064,135
379364620.19654,1386
379364621.379192,6244
379364620.858927,293
379364624.488875,2152
379364626.528738,148
379364629.568072,9910
379364629.886473,511
379364633.445035,5892
379364634.115319,1026
379364635.225154,124
379364637.062616,1710
379364639.45836,2169
379364642.856247,13296
379364646.113403,157
379364647.398784,1681
379364651.76796,1007
379364653.244885,5299
379364656.881002,105
379364659.656546,235
379364660.297053,1494
379364660.488871,347
379364667.114703,163
379364666.6246,1424
379364668.701404,6150
379364671.831444,276
379364674.341942,13613
379364675.446203,5948
379364676.129578,372
379364678.783803,8034
379364680.513481,154
379364680.836601,4656
379364684.974283,7022
379364683.595652,145
379364686.513416,7568
379364689.25558,843
379364691.232853,8663
379364694.687371,3833
379364696.321665,7270
379364696.983507,146
379364701.562679,3024
379364705.029732,1305
379364707.451913,13368
379364710.502487,3755
379364715.28425,1662
379364718.619583,4895
379364720.372508,272
379364727.024197,10758
379364728.823706,1501
379364733.910034,595
379364739.02979,2792
379364743.441804,11767
379364747.539557,6671
379364750.06349,12832
379364754.828376,118
379364756.930923,118
379364756.184112,6573
379364760.251528,2019
379364761.494118,153
379364765.83182,311
379364767.101177,1401
379364769.650694,7190
379364771.788664,8601
379364776.068386,7558
379364779.022913,3056
379364780.218344,927
379364782.224092,624
379364786.069293,597
379364788.43673,4986
379364787.703998,733
379364792.190997,2668
379364792.714409,162
379364796.845822,174
379364797.009305,4230
379364799.965448,2356
379364800.841224,6346
379364802.026875,328
379364802.860859,925
379364804.068196,182
379364805.98016,2297
379364807.134222,3011
379364809.314631,797
379364808.10461,4549
379364811.403638,978
379364815.136255,1340
379364815.781141,770
379364816.533785,473
379364820.028724,2596
379364820.326122,13665
379364822.722101,2423
379364824.565012,13534
379364823.626588,3420
379364827.866904,201
379364829.978182,1021
379364830.627753,4804
379364831.690267,5938
379364833.140782,142
379364834.561632,249
379364838.938411,115
379364838.316567,169
379364839.841018,284
379364843.622082,127
379364845.590789,7308
379364845.387492,584
379364847.655062,1774
379364851.871223,5698
379364851.23117,7671
379364852.927341,144
379364854.419631,308
379364854.825246,3493
379364856.93092,139
379364859.250749,1003
379364861.114448,5827
379364863.466917,474
379364864.341545,3935
379364863.492976,1391
379364865.748925,201
379364869.792422,426
379364868.49249,700
379364868.443016,1077
379364872.516741,5263
379364873.235075,13694
379364873.382859,13428
379364876.125455,9838
379364880.180538,2141
379364881.79915,1231
379364881.045494,301
379364885.40981,6159
379364886.223855,243
379364887.337355,2174
379364886.788675,900
379364889.162638,4606
379364892.633407,888
379364894.379141,6182
379364898.394372,139
379364898.804104,117
379364901.477726,744
379364903.638542,4611
379364902.379622,177
379364906.348048,13674
379364907.633031,5949
379364908.943499,153
379364909.639037,187
379364913.852468,400
379364912.496426,400
379364914.817312,694
379364919.493872,5115
379364918.017505,152
379364920.263858,1479
379364924.151237,183
379364927.559614,263
379364926.793707,148
379364930.147411,5940
379364928.057755,2438
379364934.746191,183
379364935.998728,771
379364939.630573,11393
379364941.877336,822
379364943.527397,5268
379364946.943948,3091
379364946.701874,183
379364948.325473,6220
379364948.851913,1452
379364951.12571,13743
379364955.026084,104
379364957.25389,115
379364960.034117,165
379364961.967736,2386
379364963.418684,4677
379364966.274535,648
379364966.609069,1875
379364969.360483,675
379364969.497592,1584
379364973.759307,225
379364975.000403,3408
379364977.011045,1766
379364978.579121,187
379364979.805575,165
379364982.470106,5730
379364984.852965,131
379364986.628145,1928
379364989.224996,196
379364990.054761,855
379364991.988182,538
379364997.618633,124
379364997.5939,13672
379364998.486478,13672
379365000.556357,13524
379365004.034973,1795
379365007.621844,1459
379365009.511311,414
379365010.889517,274
379365015.609922,1519
379365015.647888,1136
379365016.515115,757
379365018.679022,8427
379365023.547231,1907
379365024.282965,6740
379365027.872609,13639
379365029.833234,6066
379365031.609749,13482
379365034.350095,317
379365037.684768,179
379365039.417916,142
379365043.327857,1636
379365045.510017,114
379365051.914236,204
379365052.396377,116
379365057.340122,8396
379365055.460279,560
379365059.071218,3111
379365062.166221,212
379365064.098124,107
379365067.688232,228
379365068.437869,13578
379365071.383115,8098
379365072.621753,1124
379365074.832474,13633
379365078.678522,2180
379365081.439941,1422
379365081.650824,2908
379365087.883122,12213
379365089.517545,13596
379365094.941064,262
379365098.948971,3170
379365101.448587,1299
379365103.57877,797
379365107.458837,2824
379365110.248383,11122
379365114.892334,1599
379365122.351186,4944
379365121.899321,372
379365127.25158,3410
379365127.931852,3524
379365132.373082,384
379365133.201537,13569
379365138.252571,109
379365140.978205,5962
379365144.216255,133
379365147.725091,363
379365149.384409,2987
379365152.326345,1411
379365155.850289,144
379365156.745123,2898
379365160.731313,13897
379365162.379334,128
379365164.364584,3975
379365166.974929,202
379365169.619268,250
379365173.650038,13039
379365175.757878,1632
379365178.373445,241
379365180.572673,263
379365183.624456,12775
379365183.620499,235
379365188.064303,1261
379365189.081536,1561
379365192.6355,1170
379365195.206636,113
379365195.700346,13412
379365198.10918,13516
379365200.558512,250
379365202.376196,236
379365206.18859,142
379365207.977794,1479
379365210.230742,386
379365213.13127,13467
379365214.303628,489
379365217.157686,217
379365220.402115,1386
379365219.561997,772
379365221.569741,650
379365227.952813,3795
379365230.299803,171
379365231.932735,504
379365234.945996,1500
379365240.616286,310
379365246.294676,9539
379365250.127881,3763
379365255.037499,6439
379365254.780117,6395
379365259.861062,110
379365262.163429,5124
379365262.567265,13445
379365264.496053,13428
379365268.080725,863
379365269.953363,3534
379365273.259966,11462
379365274.73376,8140
379365276.72782,153
379365280.110802,421
379365278.622101,286
379365285.86387,1520
379365288.401565,390
379365288.105495,130
379365291.373686,13282
379365293.88343,13346
379365297.674925,13283
379365299.947917,13341
379365302.368035,465
379365306.25083,4288
379365308.346477,104
379365310.068446,106
379365314.545122,13305
379365317.007022,13288
379365317.562516,5516
379365318.638835,4048
379365321.118529,10232
379365323.11328,2504
379365326.267456,11223
379365332.428642,3928
379365333.4243,13274
379365337.109322,8667
379365342.392044,129
379365343.702278,123
379365345.990931,13280
379365348.03583,1450
379365349.304062,1654
379365352.462814,126
379365355.038641,787
379365358.951243,3073
379365360.388309,98
379365359.553928,198
379365366.570732,13189
379365369.009125,95
379365370.338364,277
379365373.792328,1967
379365376.436701,9565
379365377.399414,537
379365380.310543,702
379365387.098012,2466
379365389.953709,9943
379365391.189813,3139
379365395.963581,2458
379365399.574329,4725
379365399.664594,184
379365405.277396,3348
379365406.180369,13168
379365412.701448,1875
379365416.369498,109
379365420.323289,158
379365423.891569,1133
379365428.378462,13137
379365430.452103,13080
379365431.928181,3215
379365432.730005,10589
379365436.555189,500
379365441.381768,1328
379365443.713348,6318
379365442.850051,13206
379365447.48743,3528
379365454.361545,5780
379365454.824766,191
379365460.081475,13105
379365461.421331,13151
379365465.647881,7101
379365467.362526,299
379365472.173978,2861
379365475.068339,2840
379365477.302168,13079
379365482.963986,5101
379365485.392107,3146
379365488.959129,111
379365491.083492,199
379365493.748547,1225
379365494.640721,9436
379365497.576317,4343
379365501.732455,581
379365504.158364,13111
379365505.102324,9210
379365508.295108,453
379365511.127818,212
379365514.844436,2468
379365515.786863,2559
379365518.420456,13041
379365523.454616,13062
379365527.734537,13258
379365530.78944,8668
379365537.697557,13559
379365539.816417,103
379365545.496243,13300
379365549.84725,7507
379365554.794285,788
379365558.864031,13058
379365560.199199,13006
379365565.145913,4565
379365568.669808,12947
379365571.693426,147
379365576.69254,1456
379365578.402653,4640
379365582.312774,100
379365583.911972,222
379365585.840377,173
379365591.349721,293
379365592.492499,5853
379365593.305829,301
379365597.193496,7289
379365599.343846,1990
379365602.18543,139
379365603.771197,12956
379365610.110285,172
379365613.573978,3696
379365613.287676,5695
379365615.734755,1179
379365620.959577,12901
379365621.795044,406
379365626.753026,101
379365628.44372,12935
379365631.299977,13002
379365634.404281,1019
379365635.080949,203
379365634.991794,12878
379365640.508786,12809
379365643.873701,13007
379365647.573216,1168
379365648.5543,6556
379365652.649094,2799
379365654.724412,1079
379365657.732549,8507
379365662.219458,2966
379365665.270605,5657
379365664.120287,12852
379365666.688579,9916
379365671.93071,13431
379365676.538507,393
379365679.598566,236
379365682.829184,12941
379365686.293962,3136
379365691.071872,934
379365694.329592,12920
379365695.434602,11403
379365697.55939,345
379365704.136098,403
379365705.85911,105
379365705.215306,2187
379365711.139261,1548
379365714.631093,12944
379365715.579356,12085
379365719.129903,12988
379365721.99992,9402
379365723.29885,1636
379365728.020433,9291
379365727.070196,10114
379365733.079179,101
379365731.189107,2119
379365736.157286,2840
379365736.291936,1308
379365739.783628,9396
379365743.438766,13192
379365741.589041,1445
379365744.006826,7402
379365748.753497,183
379365749.742451,7298
379365755.523864,11051
379365754.563905,11521
379365759.043997,13032
379365761.407134,6327
379365762.740179,12956
379365763.154413,165
379365766.600516,191
379365769.070923,133
379365768.109306,11134
379365770.555799,2120
379365773.387322,13053
379365777.016311,5276
379365777.01596,13079
379365778.26834,12687
379365781.726415,5867
379365784.185283,13067
379365787.134653,7665
379365787.57332,185
379365789.974356,10239
379365791.572903,659
379365793.425591,13223
379365797.537968,431
379365799.619719,4895
379365799.56765,13124
379365802.123542,2911
379365803.810894,13085
379365805.238909,9111
379365806.393816,3899
379365812.426331,3372
379365816.549008,4668
379365815.283254,2291
379365818.676171,9235
379365820.563213,5702
379365822.668913,4898
379365826.19765,1365
379365827.634803,12227
379365829.74183,758
379365831.607807,123
379365833.953871,9818
379365836.069738,98
379365836.396952,134
379365839.543034,626
379365842.019332,867
379365843.165685,13307
379365847.533459,3531
379365847.202318,413
379365850.039067,10123
379365851.261181,5080
379365854.159821,8341
379365856.792154,13185
379365859.851856,745
379365859.363084,13128
379365862.240448,470
379365865.702949,1554
379365867.363959,12875
379365866.392763,106
379365871.300513,1543
379365873.699155,6142
379365876.237771,6550
379365878.810131,5617
379365880.987557,8340
379365882.554684,319
379365885.262988,137
379365887.598801,3425
379365889.954004,2477
379365889.836541,5857
379365896.001043,13128
379365898.732928,127
379365902.171288,13183
379365900.581282,13277
379365903.662084,131
379365905.822747,194
379365909.319128,784
379365911.068885,2900
379365912.186019,288
379365915.375152,976
379365917.295321,130
379365920.295347,7027
379365922.002843,13195
379365925.403227,13194
379365923.73214,10225
379365928.236257,7389
379365930.94279,207
379365931.77372,8601
379365935.344499,3942
379365938.274408,6805
379365940.87329,4493
379365944.241395,3966
379365945.677891,13334
379365947.260574,4310
379365949.698292,13222
379365959.665199,11072
379365957.571911,11894
379365962.085484,9303
379365964.256326,13285
379365963.494638,1487
379365968.697161,5461
379365967.958782,6798
379365972.664369,1602
379365973.989571,7570
379365977.195017,3942
379365980.326652,2093
379365982.165295,4173
379365985.0691,6369
379365985.468767,3911
379365987.391216,131
379365990.554626,1121
379365991.48089,438
379365995.444028,1892
379365998.477756,3488
379365999.968934,13747
379366003.173243,3568
379366004.44683,4035
379366006.713261,13326
379366010.706996,13344
379366009.272882,501
379366012.278253,317
379366015.058443,213
379366019.377722,160
379366018.334099,2084
379366021.1147,3448
379366027.125845,3445
379366028.243533,254
379366029.617903,12589
379366030.59886,7600
379366033.173639,13409
379366037.330287,720
379366039.27521,13409
379366041.839251,13315
379366040.816376,2214
379366046.624188,155
379366046.113603,13385
379366049.972082,9307
379366051.522007,12254
379366053.677872,1197
379366056.400431,923
379366062.079895,751
379366066.143405,11363
379366068.687815,10748
379366069.151584,13634
379366076.469857,13213
379366077.684767,2793
379366077.086866,4920
379366081.281569,3932
379366083.401364,813
379366085.827539,3006
379366089.16447,530
379366092.110131,13513
379366094.936074,3307
379366095.989487,1311
379366101.378199,1948
379366101.907472,4231
379366107.886649,750
379366108.305821,6407
379366112.244422,1035
379366115.220939,2585
379366115.926522,3828
379366118.596322,124
379366124.769874,2405
379366131.1673,5318
379366130.997485,291
379366133.621866,13491
379366139.023316,118
379366139.592948,4386
379366144.673725,6595
379366148.374836,131
379366150.883569,1984
379366156.364984,8986
379366159.542588,346
379366162.522886,5282
379366163.412331,3979
379366165.686309,6870
379366168.869516,6929
379366171.583841,5950
379366176.656101,9385
379366178.499964,13666
379366183.740963,2262
379366187.691139,8593
379366189.523056,13576
379366190.361667,7796
379366191.971671,13593
379366194.921439,6831
379366197.410783,10246
379366200.121553,1463
379366201.963576,4358
379366204.750418,3433
379366207.692239,8076
379366208.195372,1342
379366210.950289,12432
379366213.786115,3327
379366216.369936,13636
379366215.666737,2150
379366218.915534,549
379366220.04004,6268
379366222.464514,11752
379366226.580681,2588
379366229.900453,827
379366229.069438,13675
379366233.384108,977
379366234.7954,3344
379366237.583907,8908
379366239.111921,1308
379366239.380837,1780
379366245.347995,11309
379366248.070962,13700
379366246.707299,124
379366251.404109,3989
379366252.031763,151
379366255.80766,750
379366257.578824,4618
379366259.000824,686
379366263.770479,1807
379366265.817148,12928
379366268.073768,2008
379366270.062023,1680
379366274.314603,7290
379366274.944443,3739
379366279.087159,2355
379366278.740222,2870
379366281.222209,3108
379366282.367404,13750
379366284.841654,2399
379366288.652531,3626
379366291.304877,12479
379366291.016821,2958
379366294.81614,12293
379366295.883981,6453
379366296.908597,1526
379366300.737344,13689
379366301.152293,6046
379366303.34486,2189
379366307.678489,8198
379366310.231576,13746
379366311.986682,13707
379366315.568202,7608
379366317.164202,13766
379366317.165212,6897
379366322.836584,5660
379366321.647492,3095
379366324.380666,3329
379366328.790934,294
379366329.832626,4664
379366332.834358,13708
379366337.877721,176
379366339.923259,13705
379366343.933306,11427
379366346.881779,1036
379366347.469697,8015
379366349.998606,3391
379366355.783412,11337
379366359.805984,2273
379366358.57823,3990
379366365.33119,7458
379366365.609306,5840
379366373.094783,245
379366377.698909,2744
379366378.590674,13678
379366384.090646,4144
379366388.219783,1444
379366389.355256,5344
379366389.007549,1033
379366396.112821,7368
379366397.002054,1516
379366400.886583,6172
379366403.345772,1347
379366408.267706,5379
379366414.187253,13567
379366416.968656,5876
379366418.763868,943
379366423.190365,4727
379366428.818942,4098
379366430.392176,120
379366434.992594,13552
379366435.481684,13679
379366439.285209,4597
379366441.654004,2012
379366445.630845,2371
379366447.530008,2267
379366452.439874,144
379366455.874819,5079
379366461.453259,1107
379366461.537196,2084
379366466.578921,123
379366467.424278,213
379366470.615754,9981
379366472.112036,5160
379366474.742507,939
379366477.317291,6351
379366483.06329,3310
379366485.51722,5904
379366489.633133,2190
379366492.016057,5241
379366493.838184,202
379366496.657471,2887
379366498.684024,7086
379366502.25598,4300
379366506.878942,11286
379366508.522049,8219
379366513.774574,364
379366516.277393,1145
379366523.585443,889
379366524.675445,136
379366526.861953,10510
379366529.47956,13444
379366536.395949,13463
379366538.707358,7688
379366544.642182,6455
379366545.934203,243
379366546.442501,13471
379366549.232388,2725
379366551.623108,13447
379366556.989018,6752
379366559.315183,13447
379366565.38199,13348
379366564.143601,706
379366565.899516,833
379366573.659045,11901
379366576.349418,2544
379366578.944407,13063
379366586.121834,1320
379366588.626919,1719
379366592.041001,13349
379366597.858683,13375
379366603.015905,10379
379366607.000929,5595
379366609.138935,13304
379366611.797092,9978
379366616.31635,2077
379366620.095242,2056
379366621.398651,13352
379366625.756583,3100
379366630.108518,200
379366632.79993,781
379366635.675661,5152
379366636.280993,1841
379366642.298849,13298
379366644.432723,106
379366646.952093,13333
379366653.092225,2516
379366655.689907,6512
379366658.845328,13554
379366661.439232,4279
379366665.352054,5005
379366671.192202,6057
379366676.146121,7608
379366678.615857,8154
379366684.935157,3403
379366687.572022,977
379366695.192562,2132
379366698.090542,2879
379366700.056505,431
379366702.299267,2024
379366704.492384,513
379366709.732976,4840
379366712.340164,938
379366712.749316,9433
379366715.398283,3664
379366716.59513,13199
379366717.448352,3098
379366719.81444,1460
379366722.446649,6199
379366723.239268,2281
379366724.708548,152
379366727.292921,279
379366726.843262,13174
379366730.141967,7131
379366729.863772,2405
379366733.762791,5093
379366736.913276,3662
379366735.883968,3780
379366738.990461,9533
379366740.891577,2274
379366742.985072,2215
379366743.670212,10463
379366742.880945,6287
379366745.438839,4088
379366745.534021,656
379366747.797315,13816
379366749.221436,3165
379366750.743479,254
379366753.465974,3015
379366754.375279,406
379366753.976591,1153
379366756.277059,2366
379366757.00098,956
379366761.276134,3000
379366768.150225,167
379366774.565952,644
379366778.72423,139
379366780.222983,13128
379366784.069774,13170
379366789.428217,9009
379366796.932918,334
379366799.02847,13130
379366802.968524,13204
379366808.303506,4401
379366810.514768,13065
379366816.529175,13129
379366822.176454,4510
379366830.018697,13508
379366832.572163,13472
379366841.449292,11083
379366847.863056,6040
379366858.103759,11502
379366862.131765,398
379366866.886665,9050
379366869.704996,1904
379366877.34028,12947
379366881.74749,135
379366889.932529,12955
379366900.374484,3238
379366902.043372,315
379366907.353236,6893
379366916.272794,415
379366922.219604,1849
379366930.898512,13076
379366934.605984,12944
379366941.344315,9314
379366947.245641,4156
379366952.083241,4963
379366956.818247,10014
379366963.279736,1860
379366966.661066,12803
379366969.170946,8581
379366976.369258,2606
379366979.968615,98
379366983.735195,493
379366987.195286,189
379366991.512046,396
379366999.738787,275
379366999.852143,2148
379367005.648505,2249
379367009.228188,8488
379367011.119197,1868
379367012.687891,4940
379367013.960367,3158
379367015.663166,4889
379367017.878384,12084
379367018.240427,1684
379367022.911843,10328
379367022.357276,12960
379367023.277365,8301
379367030.07507,161
379367032.732246,12928
379367034.761577,9192
379367037.55393,4411
379367040.32021,13024
379367041.094208,4619
379367043.897848,2679
379367047.01844,5757
379367052.462014,12992
379367058.640447,5181
379367061.138059,6454
379367063.062538,1313
379367069.134062,99
379367072.093848,9340
379367074.407321,5492
379367081.168378,5101
379367084.917425,5325
379367088.344489,13036
379367094.473036,2984
379367100.940993,12934
379367101.704626,10071
379367104.489151,804
379367107.752844,4836
379367114.08281,13061
379367116.267788,5898
379367118.127513,108
379367124.008741,246
379367127.618865,6039
379367129.896809,1951
379367136.428791,122
379367135.945212,1313
379367140.911935,3479
379367144.105502,10594
379367148.090835,1152
379367155.695245,1270
379367162.268024,4579
379367170.614136,7264
379367175.071732,5932
379367179.68483,13066
379367186.288871,1135
379367189.545097,13158
379367194.109683,5675
379367199.633008,127
379367208.997552,10253
379367214.953887,13223
379367220.639171,13250
379367224.798585,10487
379367230.684622,175
379367235.846673,3125
379367243.96786,3426
379367248.879499,621
379367261.126096,13253
379367271.195766,549
379367280.893273,113
379367289.083609,13294
379367294.826985,3772
379367299.715712,13260
379367315.081351,137
379367325.503125,12928
379367338.193998,1520
379367347.487999,10306
379367351.107646,5580
379367360.381537,3442
379367369.695253,1233
379367372.285592,13739
379367376.927579,103
379367381.686236,11585
379367387.417713,13424
379367396.120024,12513
379367401.048283,2973
379367407.054529,2849
379367413.613135,13452
379367416.675613,2734
379367420.848048,13428
379367424.232022,7002
379367429.619942,1486
379367435.432568,7075
379367442.231781,13423
379367451.221825,4378
379367455.125749,13510
379367461.9757,8121
379367468.342596,13512
379367485.592484,13647
379367498.877285,13595
379367503.52542,7849
379367507.183791,257
379367515.337252,789
379367524.858621,1150
379367527.712622,13557
379367532.059307,354
379367536.567124,479
379367542.227551,2832
379367544.08395,1401
379367552.548466,9840
379367563.093521,13885
379367578.094651,401
379367588.779216,13627
379367605.54519,13691
379367613.031951,9309
379367619.775462,6978
379367633.06823,11796
379367649.929585,13738
379367659.089351,13728
379367667.718142,1371
379367668.445011,11466
379367674.564535,7782
379367679.985027,373
379367681.471594,647
379367686.312577,12872
379367690.836688,1834
379367693.675362,10676
379367695.352449,3176
379367701.597351,11955
379367701.978586,13648
379367709.115273,13660
379367713.022569,677
379367716.288852,894
379367721.042955,1455
379367723.322129,13566
379367724.117297,964
379367730.122115,709
379367735.202393,3486
379367739.777996,143
379367742.791125,13668
379367748.067883,3658
379367749.819915,990
379367755.430766,176
379367758.150358,9681
379367762.519608,4263
379367764.384028,13585
379367769.826021,1519
379367773.812276,1687
379367787.354629,9076
379367797.115832,13551
379367809.957085,13496
379367816.504903,5844
379367845.524373,10437
379367861.554689,1552
379367878.12865,4737
379367891.509721,13394
379367901.766154,13335
379367915.211827,10807
379367939.561332,13283
379367950.3504,13333
379367966.060342,11150
379367978.269415,11439
379367992.539962,13240
379368005.270504,13712
379368022.572983,13430
379368035.446112,13648
379368047.373746,4301
379368053.992647,13254
379368063.725226,559
379368080.988526,13221
379368087.81976,1500
379368087.420046,4185
379368093.162138,3621
379368106.005588,13149
379368115.915445,9214
379368127.780739,1583
379368139.890589,13205
379368154.767235,13010
379368172.327807,5044
379368186.27127,261
379368198.155871,13424
379368215.623768,3160
379368221.35432,12921
379368230.165361,1256
379368247.290462,1921
379368263.218196,1476
379368272.065053,13735
379368279.981053,1149
379368298.697947,6023
379368316.632637,1274
379368330.637482,10116
379368342.01095,836
379368359.860962,4257
379368378.805548,11381
379368390.874535,12908
379368409.348724,96
379368416.533005,1882
379368429.604553,2123
379368445.110126,13068
379368455.43994,6853
379368464.855892,9676
379368479.519562,13102
379368491.616701,13096
379368500.317256,13138
379368508.305759,13130
379368514.363222,5917
379368520.402887,708
379368527.602149,13212
379368549.040581,13247
379368560.123512,7826
379368575.253815,9873
379368583.328857,1229
379368604.277025,1783
379368613.32858,13272
379368620.85248,13308
379368633.482697,13346
379368649.155531,105
379368656.548336,1668
379368665.924985,129
379368678.13123,13436
379368697.266197,13409
379368722.717835,4403
379368733.116695,13446
379368753.959712,13407
379368768.164091,1606
379368791.846704,13468
379368804.757415,3434
379368816.955656,3730
379368832.282113,6986
379368843.884218,1473
379368861.193076,3641
379368873.4072,1192
379368885.144886,2250
379368899.947421,956
379368924.255974,3535
379368943.744891,13726
379368951.444616,102
379368969.001646,2593
379368989.17152,8456
379369005.305008,117
379369014.120525,13729
379369020.746539,3296
379369039.456084,10148
379369056.617839,13555
379369064.414216,1284
379369088.164383,2240
379369105.601552,13662
379369123.014527,13565
379369135.141924,13528
379369140.250855,7518
379369146.639942,6292
379369150.464709,7954
379369154.698076,8431
379369159.368715,357
379369162.977694,2843
379369164.899089,122
379369168.840595,4574
379369172.545535,1159
379369175.39653,3561
379369177.74963,1543
379369180.047508,6494
379369181.993304,2318
379369187.158134,6136
379369191.512981,254
379369193.667928,13456
379369199.392575,10869
379369204.722154,311
379369209.747941,6256
379369214.011355,2296
379369215.864395,1284
379369224.067722,211
379369234.443276,105
379369245.418041,6427
379369254.989712,5537
379369264.025587,10045
379369273.588392,6217
379369279.781342,13813
379369286.318473,340
379369304.648258,6544
379369312.806455,560
379369322.926275,9346
379369330.449586,1029
379369332.061371,855
379369340.429966,13797
379369346.35899,11198
379369348.305763,4212
379369352.700299,8237
379369357.451668,9121
379369358.251046,2589
379369361.238549,13233
379369367.3927,8364
379369374.063899,6768
379369378.242696,205
379369383.080457,1745
379369393.663818,13630
379369397.519639,5637
379369411.946872,543
379369425.161526,2108
379369440.421841,13149
379369450.866388,7568
379369466.570501,1471
379369474.034145,9285
379369480.192143,2755
379369489.267903,13060
379369495.532273,930
379369501.910356,13149
379369514.555001,5564
379369517.056773,12487
379369522.668691,118
379369536.968655,5658
379369548.763636,12883
379369558.454759,700
379369570.25462,7150
379369580.334777,12856
379369595.114693,7852
379369614.168458,12890
379369625.004257,1397
379369639.87977,1552
379369642.538206,2863
379369653.487242,8636
379369660.661176,4924
379369671.90513,8401
379369683.097471,616
379369692.982995,2043
379369705.1789,2977
379369721.782535,13009
379369730.595466,10749
379369750.393404,1453
379369757.013005,13240
379369768.272062,11504
379369785.416881,13205
379369798.289093,4667
379369820.231505,6131
379369832.114041,3984
379369849.159608,122
379369864.644672,12595
379369874.355113,1925
379369898.778973,13208
379369909.16745,13277
379369921.712275,11914
379369934.782354,13255
379369947.80578,13292
379369960.13126,13292
379369975.805375,3670
379369989.955736,7750
379370000.792419,4424
379370014.420192,13648
379370025.546143,6789
379370047.277881,13479
379370058.74477,1464
379370070.979651,13445
379370081.432377,6248
379370092.496274,13552
379370109.951661,10108
379370135.706202,2407
379370155.978834,12731
379370164.582324,10724
379370172.755864,6925
379370190.387958,142
379370209.252526,1638
379370221.554914,13688
379370235.602276,13532
379370251.100258,13628
379370258.233456,11147
379370272.7641,11190
379370277.985988,154
379370290.484469,9748
379370304.689295,13757
379370321.590038,13653
379370329.029099,13699
379370347.412435,8623
379370356.674328,13618
379370380.035357,13635
379370391.688408,2266
379370393.216941,12405
379370405.60771,13587
379370422.740088,11325
379370435.175247,13542
379370443.949909,9341
379370460.637056,860
379370473.936605,13598
379370497.23223,13417
379370515.649544,13735
379370527.821784,13688
379370541.467258,13379
379370555.193959,12098
379370561.813486,1460
379370569.902218,13326
379370587.609966,217
379370591.539792,268
379370597.131613,9517
379370604.12802,5198
379370611.770706,855
379370620.944222,13007
379370626.39391,1487
379370636.906076,213
379370649.188746,770
379370670.021306,13388
379370677.854483,12572
379370695.933044,209
379370719.947409,789
379370731.997046,1490
379370746.242912,12926
379370760.195223,9309
379370773.710979,11581
379370784.14706,13101
379370803.464216,4746
379370809.319043,12989
379370820.668258,13195
379370828.177422,5520
379370841.975515,12947
379370853.505894,13010
379370867.857361,5717
379370872.967326,7027
379370885.944593,12922
379370898.979725,2514
379370913.354828,3216
379370932.29087,12898
379370949.852265,550
379370978.704949,947
379370992.357049,12949
379371000.842579,13480
379371008.157167,13303
379371014.956652,1377
379371022.126383,8161
379371035.563894,3367
379371047.061265,13009
379371058.663166,1473
379371076.401574,1469
379371083.199248,9644
379371095.997392,4063
379371108.39921,7281
379371128.647291,7531
379371135.682453,13638
379371135.971888,13064
379371148.923234,1790
379371160.24119,5775
379371172.797852,13464
379371180.035115,4620
379371197.173048,9002
379371214.29724,2728
379371225.143575,13249
379371237.113989,1471
379371248.505359,3081
379371261.293635,13307
379371270.847112,9107
379371285.676304,6034
379371292.016408,13361
379371297.710473,13376
379371314.040174,1524
379371323.715035,110
379371335.601573,7328
379371346.77769,8277
379371368.986063,13406
379371380.793914,13444
379371388.844015,11216
379371408.078711,13420
379371418.841361,109
379371429.102361,415
379371436.735184,13502
379371451.639478,10196
379371468.194322,10998
379371479.240089,13579
379371493.336477,4760
379371506.558894,1560
379371518.618281,4823
379371539.230562,6091
379371554.706756,13656
379371570.596209,9553
379371582.881184,9136
379371592.812094,13770
379371600.571977,5140
379371615.723222,281
379371629.741113,7381
379371649.677433,13697
379371669.385536,465
379371694.841217,1553
379371699.879671,166
379371704.685715,9895
379371718.594824,13559
379371731.878567,12555
379371746.633986,13591
379371763.990391,10564
379371777.355144,13599
379371789.471173,6839
379371799.557696,11849
379371815.293115,292
379371829.235683,6676
379371844.803046,13452
379371855.931305,9140
379371874.183562,1102
379371886.067292,1931
379371902.37154,13837
379371926.807233,336
379371939.412448,1737
379371953.525704,3859
379371968.939825,1470
379371984.738517,2259
379371998.523202,450
379372008.939854,13513
379372025.862451,13162
379372043.729661,1450
379372060.593879,9729
379372072.128891,13131
379372082.583563,3943
379372096.105392,13036
379372112.522915,4915
379372115.931512,1543
379372124.028771,9012
379372137.344972,13035
379372149.156528,13104
379372160.318755,390
379372172.350398,143
379372181.811657,12962
379372198.560117,10573
379372215.363003,358
379372227.316878,12927
379372245.654396,3659
379372256.814518,109
379372264.011252,652
379372280.121851,5401
379372290.903118,12863
379372307.729047,289
379372317.854518,8953
379372339.8131,13038
379372355.832125,1521
379372362.032147,8662
379372386.135258,12953
379372394.186225,3383
379372406.505222,13537
379372419.377871,13105
379372434.126697,7064
379372447.140116,183
379372462.000797,150
379372471.839278,13683
379372478.910658,184
379372498.454142,5134
379372511.811354,13165
379372529.241858,13343
379372546.215709,511
379372558.791076,3760
379372570.61605,960
379372579.914416,13549
379372596.546286,13345
379372613.449423,13313
379372625.214645,141
379372631.600661,13338
379372650.028209,225
379372672.742067,13422
379372687.827523,13557
379372699.936102,11001
379372726.191176,612
379372745.154967,5174
379372757.022965,5613
379372772.66687,1950
379372785.128093,1199
379372810.047459,143
379372819.442317,6381
379372824.827977,157
379372839.663249,13593
379372853.449007,176
379372864.933021,2112
379372878.943532,9788
379372893.657023,8659
379372906.219713,11649
379372916.481723,9335
379372943.463101,7951
379372950.563473,13731
379372966.754645,2648
379372987.322217,13627
379372998.226387,13612
379373020.829071,1451
379373031.699457,6392
379373037.447751,390
379373058.568556,8906
379373072.67527,126
379373079.231587,489
379373096.676279,1704
379373107.814452,10759
379373122.775476,542
379373133.285572,1488
379373141.015575,2124
379373153.464911,1741
379373157.780103,792
379373175.211309,5759
379373189.795285,13554
379373210.105968,13155
379373222.70881,13392
379373231.912632,4285
379373238.701544,13376
379373247.495814,13406
379373259.874537,1634
379373271.481684,4432
379373284.298243,2129
379373292.891558,1683
379373307.014925,9262
379373320.150438,6441
379373337.45792,11646
379373346.97835,3268
379373364.39568,13785
379373374.834112,119
379373376.032446,6078
379373392.154957,13184
379373401.497321,1453
379373416.231395,13083
379373427.229717,13104
379373435.674591,1465
379373444.086048,10364
379373462.856792,3720
379373464.054604,1678
379373480.364411,13389
379373495.389214,990
379373508.128898,12976
379373523.690934,11161
379373540.789077,6294
379373566.895164,6176
379373574.654108,1545
379373590.358719,13665
379373596.658514,1679
379373616.394296,3662
379373636.32533,13263
379373655.278513,113
379373663.131826,12891
379373677.31351,12922
379373689.736073,6995
379373695.667702,13344
379373705.579231,8141
379373720.003173,12982
379373735.475117,13531
379373747.026831,10259
379373764.610007,13105
379373788.76351,1085
379373807.296954,13151
379373826.079095,1210
379373845.144394,1892
379373858.030083,6519
379373866.525641,792
379373877.609959,13205
379373893.487593,13236
379373908.310574,13229
379373923.983758,481
379373935.029297,9924
379373957.057533,13361
379373965.860553,13369
379373979.21849,3023
379373990.082357,9659
379373997.813216,9888
379374007.281923,1442
379374021.38714,164
379374036.186399,13439
379374049.380264,7421
379374071.275961,5645
379374078.110634,8834
379374092.177552,13682
379374102.219252,7816
379374128.805856,10463
379374134.829333,149
379374156.515712,13432
379374177.497261,11767
379374193.990383,13645
379374200.063631,7720
379374211.405011,4189
379374222.301728,408
379374242.174243,3917
379374259.710138,148
379374273.62755,3150
379374288.13909,13777
379374304.994775,4869
379374332.895817,3690
379374356.595087,9748
379374364.688402,13545
379374378.437978,1401
379374387.272328,1456
379374398.997376,1798
379374409.147763,1026
379374424.840226,4307
379374448.051992,259
379374461.996904,997
379374474.786868,116
379374487.852127,12992
379374495.199542,10844
379374512.301403,1702
379374529.558242,2854
379374540.0623,423
379374560.048304,13360
379374566.302858,11227
379374583.910225,12511
379374592.648718,13391
379374610.732797,13352
379374623.187209,9122
379374632.508588,1403
379374648.37942,141
379374657.827723,13144
379374668.777509,13237
379374690.561527,94
379374695.627086,13239
379374705.436011,8904
379374725.303791,13095
379374732.551906,4717
379374750.244534,109
379374773.258989,4476
379374782.5981,511
379374795.984912,1607
379374804.93575,4835
379374812.988428,10334
379374824.647734,12998
379374835.088002,396
379374847.173217,1578
379374862.728564,3518
379374878.117953,12952
379374888.897129,12932
379374909.469847,218
379374915.04992,4626
379374924.822757,3616
379374939.949514,9908
379374950.67241,4333
379374963.614291,381
379374966.361634,7732
379374984.240133,12915
379374993.243805,13009
379375009.750433,457
379375023.080904,13002
379375040.64311,13257
379375054.169694,267
379375074.927281,596
379375086.584586,6930
379375092.369866,13110
379375103.180696,13097
379375111.61807,13316
379375124.722059,470
379375130.307925,13129
379375143.29181,5834
379375158.528254,1268
379375165.441057,13238
379375180.968735,5072
379375206.503174,13224
379375213.821076,13500
379375229.728629,8560
379375243.769184,13250
379375255.912215,437
379375264.18994,107
379375272.944561,9372
379375290.007419,1295
379375296.14257,9673
379375316.317564,1447
379375326.220913,13445
379375341.867653,1050
379375365.284684,5824
379375382.328468,1464
379375395.415009,13488
379375405.916719,13558
379375409.324649,9059
379375420.632091,13557
379375438.411357,13462
379375458.168691,8394
379375472.091808,2246
379375488.483183,7455
379375503.280849,1646
379375516.856564,13636
379375530.05656,11249
379375537.818551,13698
379375550.447028,13730
379375568.966079,13704
379375580.71619,13071
379375598.127168,13797
379375612.907938,890
379375624.671068,13670
379375634.796364,13696
379375656.114467,13613
379375678.570811,13723
379375697.982074,2300
379375707.889161,1826
379375725.324475,13560
379375751.3622,410
379375771.169526,13711
379375781.78743,13545
379375800.004928,3547
379375815.799245,4043
379375825.857417,6671
379375841.625104,13437
379375849.838053,13415
379375869.929577,8672
379375884.126976,1474
379375903.821569,9688
379375925.551119,3973
379375938.951332,9007
379375958.083732,13272
379375964.203657,643
379375976.955403,13208
379375981.032166,2524
379375989.275224,215
379376002.367593,266
379376018.794607,13172
379376030.149861,1421
379376043.884769,8626
379376056.076585,2127
379376070.471962,13113
379376083.450956,11144
379376094.521922,12191
379376110.117058,13044
379376119.024205,13026
379376133.054586,13001
379376148.113425,3749
379376155.836348,13855
379376166.467162,2040
379376176.776954,12973
379376187.16787,13066
379376193.740936,12991
379376207.535792,1499
379376222.035562,192
379376235.256532,12899
379376245.899817,3111
379376251.187,12881
379376264.238831,13191
379376281.610087,12833
379376293.933251,3684
379376307.329821,1287
379376321.352476,12890
379376335.343327,286
379376354.302184,12968
379376366.068777,13025
379376375.969481,1759
379376401.158903,13009
379376409.652543,1382
379376418.999566,11661
379376426.044371,592
379376442.741069,13118
379376457.195611,4928
379376487.67451,2592
379376498.784939,13227
379376508.253794,13336
379376519.432294,1500
379376534.21638,13434
379376561.303912,108
379376574.087446,13323
379376592.214045,10454
379376611.282119,13350
379376629.381503,9662
379376635.628235,13475
379376650.40122,13427
379376668.028579,3724
379376682.249878,13060
379376700.389138,1567
379376713.574422,100
379376725.770517,6045
379376734.103386,13727
379376746.859615,8947
379376756.012897,11691
379376766.35355,2736
379376783.492478,3031
379376795.2054,5644
379376803.527069,1510
379376812.55072,11470
379376829.692794,13619
379376840.073751,8634
379376851.824186,1842
379376863.892017,13702
379376881.67973,13900
379376898.166301,8377
379376918.321721,13804
379376931.877439,1509
379376944.665372,13728
379376953.173977,8882
379376975.304581,13143
379376994.380402,10007
379377012.045066,11915
379377026.947507,9757
379377037.633566,986
379377044.497915,10060
379377056.658478,13563
379377071.018404,1493
379377087.121269,8962
379377102.497763,10651
379377119.168,13561
379377133.179933,12111
379377146.507629,13407
379377161.531798,13414
379377169.562395,261
379377183.224408,13444
379377190.507791,13489
379377200.202625,13383
379377208.54987,6087
379377227.502492,13293
379377241.562454,13293
379377257.016177,141
379377268.499945,13314
379377293.682538,4736
379377299.640838,1547
379377312.881584,12710
379377328.504457,13540
379377341.670334,13190
379377356.23593,13244
379377371.174667,13223
379377380.508642,13211
379377391.287656,227
379377407.154668,6080
379377419.8401,13025
379377427.834072,8616
379377442.433133,13058
379377448.914093,13163
379377457.771801,874
379377471.45396,1464
379377479.609536,13072
379377495.690046,12031
379377517.093048,7814
379377528.179412,13599
379377547.248795,11405
379377561.510428,12917
379377574.057837,8913
379377588.372825,12874
379377599.787615,5763
379377619.586636,4660
379377637.804598,3057
379377647.367481,1505
379377658.394086,13047
379377669.836531,5817
379377681.675756,5765
379377693.176766,114
379377712.926519,13035
379377721.668953,13100
379377728.837884,3716
379377741.297862,13054
379377754.561701,2010
379377764.951611,13206
379377774.419773,9953
379377780.901328,4096
379377789.970271,1881
379377799.855643,10031
379377815.610122,6686
379377831.072113,7885
379377844.423269,13220
379377859.201346,933
379377875.786235,13351
379377890.91235,356
379377903.990667,13269
379377917.76412,13241
379377936.721936,1744
379377960.39667,13404
379377968.746114,213
379377993.844466,251
379378006.812993,5568
379378018.924218,12719
379378029.745064,13567
379378042.990824,1163
379378051.169548,12583
379378064.909533,1731
379378079.807273,11989
379378093.754139,3341
379378102.282982,12427
379378122.411234,8529
379378142.504717,12684
379378157.958484,1565
379378166.215186,5335
379378175.771639,13268
379378197.241304,7175
379378204.16783,10102
379378217.123129,13721
379378226.039852,2882
379378243.859899,13757
379378272.311461,13711
379378284.954075,7093
379378307.102345,13824
379378313.489736,401
379378323.767683,13220
379378337.295589,951
379378353.566521,13597
379378365.246719,13589
379378370.145175,13584
379378383.912456,13565
379378397.269419,3870
379378410.813934,395
379378418.2007,235
379378427.252946,13493
379378437.485226,13539
379378445.213503,13511
379378460.107752,9772
379378478.616338,183
379378489.745666,13460
379378502.519779,1965
379378519.562005,9785
379378532.259881,1491
379378548.840012,1421
379378564.591116,10709
379378574.071654,13390
379378592.711883,13234
379378612.546124,13249
379378625.814514,13208
379378647.234475,13422
379378662.310081,9580
379378673.243477,879
379378679.888801,13175
379378691.824613,480
379378703.054442,13157
379378714.086771,11323
379378722.956055,7546
379378742.627138,13102
379378762.859209,13112
379378775.652162,303
379378795.468608,13033
379378804.114661,2362
379378815.71211,13051
379378827.746116,13111
379378839.692252,13343
379378854.616922,12906
379378871.821276,444
379378874.783201,170
379378889.763682,984
379378899.299966,12104
379378907.51611,13438
379378922.781966,13035
379378935.875364,11713
379378946.202087,13245
379378953.846278,10408
379378965.410945,7121
379378971.684054,2168
379378987.748157,8450
379379005.46984,12315
379379020.858451,13424
379379034.863926,9732
379379040.7837,154
379379054.011321,13079
379379067.419671,13060
379379077.615499,1515
379379101.393687,156
379379121.963013,1520
379379137.083929,4944
379379149.063776,1273
379379159.596646,6959
379379166.111613,169
379379178.036809,12757
379379187.398924,8210
379379195.334898,13217
379379205.804709,3298
379379218.476023,150
379379240.844501,11160
379379250.446342,3318
379379265.510067,5485
379379274.771652,13348
379379284.151663,13762
379379285.916048,3151
379379304.293765,13376
379379316.40384,716
379379331.559087,1477
379379347.144197,1344
379379356.549998,13413
379379375.386382,13484
379379395.62106,9519
379379407.707313,6293
379379419.336233,5448
379379428.487808,11663
379379447.081056,13571
379379454.358925,4891
379379464.107797,13569
379379475.702798,13630
379379488.995532,117
379379507.914299,6720
379379529.99918,9422
379379546.340007,2544
379379557.438762,1481
379379579.866061,1534
379379591.989524,238
379379610.941161,9812
379379623.294926,1941
379379650.093984,265
379379668.780542,13591
379379676.04166,1412
379379690.387128,13560
379379691.703394,13567
379379703.174577,13805
379379708.073915,3602
379379724.280685,13529
379379727.454349,133
379379738.730844,1370
379379751.009916,1098
379379771.679995,13470
379379778.007629,541
379379790.875059,708
379379806.916359,13498
379379822.755598,1699
379379832.505325,1496
379379839.19783,13438
379379852.75166,1178
379379867.25464,6241
379379882.177921,13387
379379890.837569,1532
379379904.44704,13305
379379913.295844,4595
379379938.073219,13235
379379948.619521,13310
379379958.659591,1562
379379994.26236,10257
379380007.723134,13371
379380021.24268,13118
379380027.787351,13250
379380031.350793,12537
379380045.300774,13119
379380069.548138,13540
379380080.761639,9966
379380097.98559,2191
379380108.279364,13065
379380129.684482,727
379380143.070347,4495
379380160.567074,11466
379380168.135427,4502
379380181.701928,7939
379380190.489722,12546
379380208.071473,3559
379380226.907026,1469
379380237.091276,12867
379380248.060528,4680
379380265.115344,229
379380270.935657,3502
379380281.256714,1509
379380298.05969,9622
379380309.626678,6737
379380317.985224,2449
379380337.306074,12888
379380349.931959,1495
379380355.236844,13032
379380364.887323,12990
379380374.537686,1472
379380391.65742,13085
379380409.458239,7827
379380423.768187,13123
379380432.103437,1797
379380444.305471,7251
379380449.032756,13145
379380461.822859,127
379380470.667258,13541
379380485.457168,13181
379380493.714419,134
379380505.036708,13235
379380518.694322,6171
379380532.553066,10238
379380543.989862,448
379380564.363986,237
379380578.560851,13347
379380600.418955,12453
379380616.163874,7250
379380636.616101,13362
379380645.595418,1059
379380657.847231,13332
379380677.358024,13380
379380691.567499,4536
379380700.923701,9681
379380719.755672,8966
379380734.920549,8598
379380751.085714,266
379380773.067494,13500
379380790.170727,13637
379380800.158057,12434
379380821.407241,4777
379380832.477632,13726
379380847.430883,11046
379380862.991351,1673
379380881.32577,12598
379380889.798108,1425
379380907.038137,13837
379380920.099477,13748
379380937.828166,1350
379380947.451814,1419
379380963.000609,13695
379380970.875747,13682
379380983.410101,13672
379380994.475225,12149
379381008.159359,13559
379381016.214282,6835
379381025.837717,11501
379381033.360274,1247
379381047.25028,10480
379381060.614738,12792
379381069.146748,13532
379381083.360968,13595
379381092.403483,1476
379381101.696264,3975
379381119.937438,11044
379381135.268584,1942
379381146.197558,13410
379381156.144707,13449
379381166.638881,13300
379381173.729253,13437
379381193.060462,13402
379381200.764421,13287
379381215.697191,9221
379381220.812307,13350
379381231.155514,13306
379381238.071068,8631
379381246.090976,1464
379381261.30181,11771
379381275.352176,13228
379381287.600798,1577
379381307.457294,113
379381319.492122,8140
379381327.118003,13405
379381338.923682,13188
379381352.974485,9851
379381358.613501,1495
379381377.122159,10362
379381394.877726,4038
379381403.790582,6738
379381418.798346,11320
379381424.003651,1860
379381431.149168,13043
379381447.395751,8489
379381461.283563,1501
379381473.629247,2481
379381481.519781,12951
379381492.966287,1341
379381511.989766,1490
379381521.213544,8549
379381536.564924,10672
379381547.028287,9703
379381560.696937,5020
379381575.188558,12809
379381583.366357,11629
379381593.408178,12883
379381602.619277,13698
379381628.247696,12923
379381642.645215,8439
379381654.689337,1543
379381671.362288,13014
379381680.157975,12997
379381699.152639,9033
379381712.548888,8731
379381727.231051,8619
379381743.809345,1487
379381755.69417,13415
379381772.52839,13181
379381783.83594,13874
379381801.017661,13198
379381820.989401,13200
379381830.977952,13225
379381844.37591,3977
379381861.365834,1648
379381874.09261,13287
379381890.595711,13346
379381901.168811,109
379381911.806173,13292
379381916.298808,929
379381931.164399,1520
379381943.856323,5501
379381964.517118,5086
379381977.843123,13421
379381991.838064,147
379382006.095056,9709
379382021.208281,10439
379382043.344458,5675
379382056.495158,13564
379382062.813601,13579
379382072.535193,289
379382088.538271,1539
379382101.101869,3852
379382116.377864,93
379382135.232095,9723
379382144.124086,13686
379382161.693857,13602
379382179.030753,198
379382196.275073,8035
379382217.646989,4230
379382230.211834,13717
379382241.994217,1198
379382265.495359,13682
379382280.534591,513
379382290.464415,1383
379382294.707563,12491
379382304.168745,13603
379382327.551225,11131
379382342.250182,1014
379382360.773562,13563
379382379.399324,13192
379382387.814192,13690
379382401.576224,1494
379382406.946936,12148
379382418.228023,13798
379382426.409992,470
379382442.233136,13426
379382460.008536,13429
379382468.553447,13390
379382484.254857,13409
379382505.567726,8260
379382526.809852,209
379382548.339595,13284
379382561.26056,13312
379382575.826786,4114
379382598.139081,1465
379382606.078208,13161
379382612.859405,13361
379382628.282809,13206
379382634.724462,8378
379382649.667658,13177
379382666.788232,2153
379382681.262899,1514
379382695.37449,1476
379382720.765581,2389
379382730.587807,1461
379382748.516822,833
379382757.542715,13826
379382770.003707,8242
379382780.961314,12990
379382798.585696,8027
379382811.856693,12992
379382816.683685,12961
379382834.654173,218
379382853.808426,12868
379382862.706151,1024
379382879.798524,9989
379382888.887558,12959
379382904.66835,12886
379382918.806632,12896
379382927.775032,186
379382945.585199,1584
379382954.355914,171
379382969.600116,1492
379382981.54845,7181
379382986.728166,13870
379383003.400009,13106
379383008.822965,1504
379383025.465778,7508
379383040.117109,13054
379383051.797466,13085
379383069.492537,4759
379383080.308964,1746
379383089.895658,13174
379383099.970673,13153
379383115.894669,13088
379383125.993399,13191
379383133.262564,9146
379383153.711704,4306
379383166.249754,13225
379383175.20455,13295
379383192.55288,13101
379383204.406979,13306
379383216.564001,12804
379383222.031699,4130
379383234.315424,114
379383248.512881,4820
379383256.800973,13434
379383279.413959,8861
379383288.682818,110
379383299.34332,13844
379383312.732093,2235
379383336.140362,13508
379383356.647767,1479
379383368.678444,2421
379383375.954917,9234
379383392.377388,420
379383410.681248,13600
379383423.698104,13606
379383437.631351,5745
379383450.586531,200
379383464.133394,13598
379383475.961502,1867
379383491.572948,680
379383505.717157,13685
379383517.53686,3945
379383536.968598,813
379383554.359035,13730
379383563.163315,13762
379383581.136115,9640
379383597.826798,13694
379383610.322651,10423
379383616.640907,13560
379383630.621521,13698
379383652.021701,9388
379383663.204874,2664
379383669.347223,13591
379383680.342023,13593
379383688.511224,13594
379383704.562358,13480
379383715.914062,1523
379383728.78486,285
379383741.24237,13562
379383752.209423,238
379383773.750282,13471
379383781.936835,13352
379383796.154725,8043
379383806.313724,635
379383817.507415,8494
379383824.835319,2741
379383840.674817,13374
379383860.735867,13367
379383872.511702,4113
379383891.893421,5266
379383901.235153,13252
379383914.318437,9109
379383931.33091,1343
379383945.001365,1403
379383952.967823,2265
379383969.28124,152
379383982.689968,1468
379383990.785931,13166
379383999.89308,13088
379384015.735928,10475
379384031.820878,580
379384049.997803,13234
379384061.894263,13291
379384080.805701,13510
379384093.999756,13454
379384105.760304,1916
379384124.038696,10701
379384145.630409,1892
379384157.858622,11236
379384171.488797,5259
379384190.526484,1479
379384201.898833,12930
379384219.487822,11407
379384236.161098,13352
379384247.969782,4787
379384260.127994,12938
379384268.783053,1184
379384280.630845,12924
379384291.994352,5682
379384306.726026,194
379384319.261242,13012
379384332.093025,6430
379384355.946772,13078
379384367.487316,1264
379384374.119625,8796
379384385.903104,10855
379384397.365055,12984
379384407.052202,7368
379384419.362267,937
379384427.953147,1471
379384447.745849,1556
379384452.03085,1443
379384464.630473,1979
379384479.77948,10077
379384495.95041,6011
379384504.250781,13349
379384529.05687,1507
379384544.029469,7958
379384548.110735,13322
379384562.868115,2598
379384570.951042,13379
379384591.449115,1484
379384612.733755,3542
379384635.619916,9599
379384642.835034,5244
379384649.886522,8033
379384659.575037,1071
379384676.765053,136
379384691.578452,13516
379384715.96127,2209
379384736.811161,2723
379384748.544077,974
379384767.62259,9655
379384768.657023,13776
379384786.003441,12259
379384798.911424,1452
379384820.556103,13611
379384837.940793,13675
379384856.430244,7020
379384868.134354,1448
379384882.153103,13777
379384899.516397,3437
379384916.272094,13675
379384930.310353,148
379384946.699952,5991
379384958.163722,13869
379384963.356057,7808
379384977.843201,1424
379384989.887981,13274
379385007.113207,13618
379385014.935,13531
379385029.062724,1438
379385041.968768,2846
379385057.20149,1466
379385068.175034,13461
379385084.28269,13499
379385091.456618,13895
379385103.784566,11703
379385113.300973,13414
379385120.206876,13445
379385134.821628,1232
379385151.409951,13384
379385176.526237,13400
379385190.168565,13273
379385201.980331,8376
379385209.634478,13294
379385216.688303,13246
379385237.872338,13284
379385244.585425,4078
379385258.851959,224
379385268.799811,6730
379385282.515625,11256
379385295.227215,13190
379385304.644265,13179
379385317.387943,1517
379385322.263335,13162
379385338.023003,1472
379385353.277225,836
379385362.098216,5777
379385373.785163,11107
379385388.528464,6555
379385402.595494,412
379385409.699304,13061
379385421.8545,1480
379385438.337343,4607
379385449.814675,13269
379385469.270389,12552
379385484.304419,8547
379385493.119198,2480
379385500.394658,1482
379385509.352997,13149
379385519.726233,1273
379385528.007692,12848
379385541.975924,352
379385548.917694,1158
379385557.830848,10661
379385564.335528,339
379385583.487227,4233
379385597.253792,10475
379385611.480591,2174
379385626.927493,12976
379385641.229458,1488
379385660.568554,407
379385676.856891,13039
379385695.707896,13127
379385709.151884,3820
379385719.994277,13077
379385734.338009,8744
379385755.620362,13202
379385761.825278,13208
379385772.638911,3731
379385785.704869,13160
379385793.293306,12752
379385811.976799,7801
379385822.655041,4042
379385830.572319,101
379385836.598386,13269
379385844.281703,13353
379385854.857116,13311
379385870.63338,6759
379385886.620862,3249
379385894.830888,2367
379385918.312943,13356
379385927.39233,237
379385944.800249,6432
379385955.045267,1649
379385965.199152,13485
379385978.544645,13375
379385994.554183,13481
379386006.48367,13382
379386021.476182,5475
379386030.251509,4097
379386044.140174,13488
379386057.404441,109
379386073.325418,13589
379386090.415121,8194
379386099.303405,702
379386105.084397,9247
379386111.431558,13567
379386121.434656,11150
379386134.466113,4555
379386145.482186,665
379386160.358588,13680
379386175.146278,13612
379386188.795392,13747
379386206.205993,13737
379386221.738053,13855
379386242.703524,7499
379386255.704478,5213
379386267.3349,1773
379386279.644873,1369
379386294.680331,284
379386313.009844,2382
379386326.831612,13527
379386344.861692,13580
379386351.699248,549
379386374.104143,3480
379386394.170539,2695
379386411.477931,4796
379386422.246674,1564
379386439.401404,10186
379386450.584572,5967
379386468.242795,13377
379386481.894475,5296
379386491.950807,3113
379386523.956867,9261
379386547.960751,13341
379386559.719182,8979
379386571.734176,9690
379386585.964139,13244
379386594.437653,315
379386606.536868,13470
379386617.201723,13159
379386632.603866,5973
379386652.014877,1443
379386660.066613,1476
379386678.856429,6619
379386689.687974,13144
379386695.382937,13056
379386715.328085,2897
379386720.947002,359
379386729.315,2213
379386745.089434,13055
379386759.197917,13149
379386772.880078,570
379386778.606092,7556
379386795.581765,5991
379386813.607716,1426
379386821.973659,2281
379386841.088916,12776
379386856.953991,2618
379386870.274447,12850
379386888.17753,3049
379386904.142037,12960
379386914.384515,12926
379386925.015037,256
379386939.573183,9779
379386946.437952,1064
379386955.019307,13005
379386966.338095,12969
379386976.86617,1530
379386987.190366,7052
379386997.247633,1206
379387016.857595,1469
379387027.677749,12998
379387034.690878,13132
379387045.058165,9784
379387054.547371,9189
379387059.635575,243
379387071.486725,5422
379387080.81248,351
379387096.942668,13152
379387112.806463,2119
379387127.87979,13278
379387135.267039,13236
379387157.98858,13372
379387173.193557,13304
379387177.694401,1772
379387201.232803,12921
379387218.630451,13214
379387225.669323,4750
379387239.993777,13357
379387259.326584,1499
379387272.161019,13417
379387289.523566,13438
379387294.722867,9081
379387310.704923,3011
379387322.480064,13394
379387337.429795,1488
379387349.150633,13496
379387367.803457,13519
379387377.675676,9999
379387393.647119,10686
379387409.147789,13791
379387419.60422,13599
379387432.323735,13586
379387439.456932,13620
379387455.860602,1188
379387465.791854,3830
379387482.525608,7659
379387495.801495,479
379387507.193771,9441
379387515.471079,7287
379387530.231826,13689
379387541.026866,128
379387548.358754,13752
379387559.451406,1889
379387571.327855,9935
379387595.727961,5492
379387615.397561,9110
379387631.549972,11966
379387641.480513,13657
379387654.365731,1168
379387663.046599,13722
379387679.63108,9040
379387695.439676,13472
379387706.75171,13724
379387721.547869,13496
379387731.669173,5928
379387752.885404,13452
379387770.568655,1475
379387786.394004,13373
379387797.9073,2181
379387813.409636,1491
379387830.731383,12438
379387838.306643,9719
379387854.34591,4541
379387877.77465,9916
379387882.206772,1594
379387895.825642,13274
379387910.400757,1541
379387913.432402,4637
379387922.230344,133
379387933.941854,13210
379387951.932826,6856
379387967.728792,13184
379387980.572171,550
379387998.285768,13762
379388004.482073,2911
379388014.0478,498
379388027.090685,1136
379388039.29877,4867
379388060.23598,13864
379388079.352561,6336
379388098.054284,12904
379388112.201646,12947
379388130.755312,5381
379388138.230916,12902
379388151.701817,3555
379388158.964735,12946
379388169.345239,12918
379388177.122695,7454
379388191.834959,12939
379388206.299229,12854
379388216.686142,9367
379388227.732811,11094
379388239.252596,12984
379388248.157557,7189
379388270.010108,762
379388276.408552,5192
379388281.113866,252
379388292.365491,6831
379388303.561941,8003
379388317.257734,8550
379388328.312956,1466
379388343.269178,1519
379388357.995224,13109
379388377.269664,11795
379388383.232332,1454
379388391.130336,1009
379388406.302018,10750
379388415.999435,13151
379388434.187976,13208
379388449.971634,9929
379388456.839077,1716
379388466.699661,304
379388484.57632,13270
379388498.328527,4905
379388503.398573,105
379388518.759337,339
379388535.109056,444
379388550.167111,12699
379388563.692313,13339
379388570.456099,6281
379388590.088028,8761
379388591.731052,13806
379388604.215275,10524
379388626.388558,13376
379388639.118201,13555
379388658.948663,12709
379388674.660237,13490
379388679.658185,562
379388692.470831,263
379388699.904581,1167
379388712.06529,971
379388722.547061,1439
379388731.092872,13611
379388740.020777,13606
379388765.510619,10997
379388778.052843,11500
379388791.851892,11802
379388801.265882,101
379388823.428934,13645
379388836.863708,2238
379388860.342926,2952
379388881.04755,188
379388888.192112,3646
379388903.18005,13666
379388914.030659,13642
379388929.816571,2112
379388943.807305,1433
379388959.2068,1500
379388975.115671,13754
379388985.152184,6154
379388994.006286,13543
379389013.68143,13604
379389025.685248,1988
379389046.534944,10033
379389053.43005,13253
379389064.943143,162
379389076.310825,7218
379389082.610057,13496
379389101.264703,1451
379389111.671693,448
379389129.646761,1703
379389143.717274,264
379389159.313735,180
379389168.674571,9127
379389186.107198,1515
379389206.240288,13270
379389227.113116,618
379389248.928651,157
379389257.390817,1467
379389272.50976,13228
379389281.635351,214
379389294.052028,13162
379389306.120805,1315
379389325.507901,137
379389340.181358,13141
379389353.934824,13040
379389363.815224,2872
379389378.13016,13750
379389393.300876,1448
379389401.904168,430
379389412.478679,13027
379389425.453534,13033
379389435.322852,13040
379389448.443197,12955
379389466.607673,13007
379389479.855978,1695
379389487.475271,12880
379389503.836899,7587
379389517.414165,11935
379389531.630973,1487
379389550.319574,1493
379389562.031195,12932
379389570.183719,12930
379389581.162163,10825
379389598.793151,9922
379389608.860924,12962
379389633.862879,270
379389647.954336,13084
379389661.397883,238
379389684.321468,13091
379389695.955547,13142
379389727.150923,1124
379389740.411473,1640
379389751.649895,318
379389760.70207,1469
379389768.553554,2725
379389786.441542,8194
379389793.132819,13209
379389800.045071,13209
379389815.147322,4018
379389831.200062,1519
379389840.81347,5395
379389848.947321,13269
379389864.663962,13262
379389873.374847,650
379389890.198659,1516
379389899.713422,1424
379389920.541437,12927
379389950.708079,1472
379389968.235556,13671
379389976.861552,435
379389992.524831,2719
379390000.44203,1489
379390012.63773,13514
379390023.214614,13545
379390037.638592,12728
379390055.464568,3227
379390069.565306,9620
379390090.982364,168
379390102.727168,13655
379390119.426587,13635
379390134.588563,7418
379390152.540189,10925
379390164.276563,11524
379390178.530782,13722
379390195.730924,9304
379390213.111178,13638
379390223.366435,6610
379390237.87909,12139
379390253.233648,13618
379390274.556049,5093
379390292.584799,13624
379390306.325074,13651
379390313.947849,13600
379390326.160589,13565
379390338.270044,13498
379390361.517974,8214
379390373.912946,4831
379390384.651844,13486
379390397.339585,693
379390397.89091,1745
379390419.806377,1810
379390427.464414,4363
379390441.086539,5346
379390455.278559,1165
379390477.298996,11347
379390489.473693,5377
379390502.756616,13513
379390513.437112,2229
379390524.110597,5156
379390537.609155,13292
379390541.072137,457
379390558.19252,6560
379390561.879651,6629
379390576.742491,3117
379390580.721518,13253
379390592.869588,13227
379390605.628861,13137
379390628.807725,1419
379390645.411671,5274
379390656.464932,11440
379390666.094657,13080
379390684.783718,1445
379390691.988445,8490
379390704.535118,13049
379390715.920885,864
379390728.768523,12871
379390741.967111,2022
379390751.917634,11689
379390764.8111,11488
379390776.840457,3530
379390780.256307,8896
379390794.631447,8522
379390807.957954,237
379390820.618337,1356
379390831.087161,12934
379390842.284429,201
379390855.089688,12886
379390864.458245,12900
379390876.088573,12883
379390893.56897,12955
379390905.1507,13871
379390918.095153,10767
379390930.867985,213
379390947.970888,1571
379390958.077681,2514
379390971.298582,4166
379390988.707028,13053
379390996.369482,6986
379391009.017914,13732
379391018.424441,13036
379391027.310774,13023
379391047.004581,111
379391065.447459,13216
379391080.485668,13214
379391094.07106,13191
379391106.687685,205
379391120.808197,1436
379391140.105142,1745
379391155.718083,13257
379391174.8528,13439
379391203.161683,8841
379391221.940618,3005
379391241.94061,13658
379391246.989084,13347
379391261.741389,13422
379391276.297127,4605
379391287.555024,228
379391306.451112,13466
379391321.501098,10422
379391334.565764,10554
379391341.348519,4723
379391360.894047,13564
379391375.829849,1474
379391391.257071,9551
379391407.347199,272
379391420.60104,13623
379391429.258255,13627
379391441.093046,1461
379391449.707481,1561
379391467.408119,102
379391478.014315,13703
379391494.516116,1428
379391503.545917,13754
379391513.453283,1390
379391536.438659,1371
379391551.548357,13643
379391562.791241,11168
379391576.546165,13645
379391590.172831,13631
379391607.542327,550
379391622.849371,2417
379391640.685047,13522
379391651.380293,13717
379391658.785812,6867
379391669.595621,13563
379391684.299644,10868
379391689.893769,270
379391706.910802,11275
379391724.610799,11121
379391730.867394,13204
379391744.252881,6449
379391752.230011,10466
379391767.592252,13397
379391773.555555,6686
379391783.648317,13440
379391798.960258,13336
379391816.498048,259
379391832.568177,372
379391848.046539,1518
379391862.134616,13813
379391877.356331,10148
379391894.258626,1510
379391904.236215,7326
379391912.041437,1508
379391925.254265,13178
379391936.667632,816
379391947.612921,13148
379391955.123219,13187
379391971.458562,6509
379391985.464782,13167
379392001.301105,11140
379392016.459342,13284
379392025.65552,8918
379392042.373251,13041
379392060.082377,405
379392071.348481,1444
379392092.658864,7541
379392110.174603,13040
379392132.699796,8946
379392146.050873,10950
379392151.98489,3660
379392164.772103,1544
379392187.983861,12887
379392208.777426,12868
379392221.256281,7558
379392231.830282,13490
379392244.177482,3582
379392261.170423,1466
379392275.426676,13188
379392287.593291,11049
379392290.264513,13039
379392299.989819,370
379392309.660842,12974
379392323.201667,101
379392333.535537,1461
379392343.176494,13108
379392351.942942,11083
379392358.333046,3439
379392370.271011,13140
379392376.072561,13096
379392385.367961,13195
379392402.84732,10994
379392414.745333,13207
379392428.972036,13189
379392444.872858,13209
379392464.30299,13224
379392471.498584,141
379392479.100665,13455
379392486.935225,13409
379392506.863436,11921
379392514.909331,12264
379392527.817589,13277
379392540.163614,13374
379392559.564338,9640
379392573.629848,6397
379392590.171102,13441
379392604.427054,10480
379392608.435534,13503
379392617.818977,5486
379392630.644073,13411
379392639.937451,609
379392651.589645,2616
379392668.265561,13705
379392676.564435,13524
379392687.564359,5588
379392697.041804,13508
379392706.905296,1478
379392717.511769,13570
379392723.951879,1484
379392745.822167,10989
379392761.030477,7579
379392779.744746,13677
379392781.754872,4691
379392798.932156,13703
379392806.752637,1811
379392819.967846,12173
379392832.099697,13718
379392841.870432,13695
379392853.013734,13818
379392866.833304,639
379392879.112557,9747
379392886.402594,13639
379392895.458032,174
379392908.034929,13687
379392923.926935,2262
379392935.132217,1460
379392946.723073,1937
379392962.843572,9722
379392971.562338,13590
379392980.526475,13597
379392992.97202,13683
379393007.660961,13650
379393021.330169,13471
379393039.901816,1309
379393059.618706,13560
379393067.399747,13446
379393078.577211,449
379393086.224962,13370
379393100.317422,1436
379393107.384407,1362
379393127.797352,13373
379393142.376169,13361
379393152.693063,13328
379393170.291883,3104
379393185.555505,271
379393199.901062,135
379393220.926645,13255
379393225.952201,13157
379393237.160743,178
379393254.456316,8707
379393263.581164,208
379393273.14572,4654
379393292.332925,3224
379393309.167317,8993
379393323.467751,102
379393339.964262,12447
379393348.853868,13072
379393360.080199,10614
379393371.224497,10105
379393393.624516,8498
379393404.771806,109
379393416.325713,760
379393427.244846,2685
379393439.713419,7690
379393449.016496,3383
379393461.284786,1421
379393476.63271,1484
379393487.680854,7537
379393494.229569,13087
379393500.781833,12896
379393515.356917,12909
379393533.013546,12833
379393546.38991,947
379393553.967204,8005
379393565.468226,7084
379393584.653778,2410
379393591.950527,176
379393598.522393,2247
379393612.49513,13057
379393622.348736,13016
379393627.455636,4006
379393637.499508,13560
379393642.803617,10305
379393652.094863,1418
379393660.264205,12300
379393669.590588,1757
379393683.110688,9181
379393692.693112,13108
379393707.197498,1385
379393718.457212,420
379393729.806832,13242
379393739.437592,13167
379393747.293768,1548
379393761.593959,13336
379393775.17852,3732
379393784.476798,3633
379393798.766189,1467
379393806.918074,2866
379393820.683927,2423
379393827.469804,5479
379393840.429781,9766
379393844.824061,13379
379393856.575455,1477
379393870.427875,13360
379393876.978092,13332
379393890.128126,8169
379393909.691441,6999
379393914.161684,13340
379393931.187555,13402
379393935.126055,6476
379393952.479216,13472
379393964.954367,13496
379393984.747854,10353
379393999.524922,8378
379394010.296791,13473
379394021.922406,13605
379394036.236188,13573
379394055.237049,11453
379394067.71445,13605
379394085.880919,13696
379394105.414467,13597
379394116.724126,2862
379394128.597197,4303
379394140.272345,13740
379394155.557046,13651
379394170.816549,7872
379394180.065986,13760
379394193.098775,3412
379394207.171186,998
379394217.256128,268
379394222.190204,8328
379394239.71011,13619
379394257.113054,10066
379394270.012926,8388
379394285.961025,386
379394299.97831,13551
379394313.627711,2429
379394327.444155,1680
379394335.852885,554
379394348.330909,1498
379394367.285077,6435
379394376.109231,10799
379394386.191062,3881
379394404.084138,13460
379394417.913736,13433
379394430.224928,1366
379394445.313751,13419
379394457.602725,10193
379394467.048084,13824
379394479.161609,13355
379394492.500801,1524
379394502.855855,11566
379394508.261217,13280
379394523.792406,2535
379394543.055109,3266
379394563.036208,12382
379394578.844579,224
379394596.532781,9455
379394610.297061,559
379394622.880986,13183
379394636.987869,7452
379394650.181594,13139
379394654.740127,7913
379394670.365639,2667
379394687.098599,1233
379394701.675624,13055
379394719.591223,12989
379394729.762765,13641
379394738.079271,12986
379394750.713607,13142
379394761.035083,12927
379394773.665267,7451
379394788.389521,165
379394798.351478,4927
379394807.649742,13324
379394829.996443,6534
379394839.419695,632
379394858.601857,4590
379394865.649634,5398
379394882.18814,1464
379394894.767342,13666
379394916.58415,163
379394933.406031,12970
379394943.312109,13060
379394955.589708,13017
379394975.38484,6464
379394985.914757,12989
379394998.519362,13057
379395004.173179,1155
379395021.829796,13710
379395031.36321,289
379395045.305881,13119
379395062.540434,3027
379395073.20548,13212
379395089.993313,13245
379395096.00997,13240
379395108.210483,13287
379395127.640864,13549
379395144.01037,13614
379395158.274922,595
379395170.983912,5288
379395185.527246,1495
379395197.057198,13480
379395212.419461,1252
379395231.113957,13386
379395244.955296,1534
379395254.149265,1487
379395262.565207,120
379395274.408295,666
379395284.192504,1672
379395298.003783,8703
379395311.757967,4948
379395332.13801,6456
379395347.866636,767
379395365.508882,13586
379395378.258106,13871
379395393.816172,1512
379395408.403607,13680
379395416.383912,6977
379395429.902202,12596
379395445.99442,1912
379395466.023855,6829
379395495.661905,13727
379395514.103646,281
379395528.828701,1732
379395547.033241,202
379395558.555586,11691
379395573.944781,1468
379395590.747455,1371
379395605.167374,312
379395614.244299,12635
379395624.111005,9244
379395637.933186,13471
379395643.088691,12744
379395656.719651,13510
379395666.134578,3809
379395671.27082,13510
379395679.393633,5403
379395687.51216,3391
379395697.423351,5235
379395716.21952,5928
379395722.541266,1508
379395728.794044,6730
379395731.756044,6573
379395736.859509,12088
379395754.092837,13484
379395762.746447,13394
379395773.624361,134
379395791.671773,143
379395795.386128,10697
379395814.356272,2178
379395833.48896,6970
379395847.59736,13217
379395869.740067,9684
379395894.767529,13173
379395910.17242,13197
379395921.720141,9197
379395932.361818,1915
379395951.029055,406
379395964.427584,13091
379395973.173288,13125
379395996.0563,13270
379396008.481862,13037
379396026.978927,13008
379396036.84973,1819
379396052.771005,3916
379396063.36157,12148
379396082.274329,12984
379396096.002193,5439
379396115.153184,3653
379396137.855419,1395
379396153.106575,10654
379396159.218364,6659
379396174.184487,3216
379396182.512132,13660
379396199.729565,13054
379396219.537219,11239
379396235.340917,9530
379396245.249947,1436
379396261.602593,11597
379396268.750165,12964
379396282.865112,13065
379396293.552823,1494
379396302.762366,13083
379396315.572815,13119
379396330.668956,10091
379396339.854901,13141
379396348.963154,146
379396359.738321,12286
379396374.017565,13056
379396383.920496,13343
379396387.471812,13205
379396407.207013,13146
379396425.520661,13193
379396441.843908,13440
379396466.26827,6324
379396485.159017,13258
379396491.565711,843
379396509.899843,1478
379396521.339538,1409
379396525.792391,843
379396549.002673,5239
379396562.726934,6418
379396576.426546,821
379396592.61633,13431
379396603.232851,13765
379396612.335004,8746
379396634.036523,13539
379396641.146096,8644
379396655.769835,13542
379396671.469226,1518
379396684.681076,2545
379396699.532109,248
379396712.972517,13672
379396726.406374,5966
379396743.996538,2477
379396751.706408,5516
379396759.692155,1546
379396771.092321,13689
379396786.773153,13681
379396804.838318,1182
379396819.903706,239
379396831.818754,7474
379396848.979925,11057
379396862.185618,13691
379396874.366304,13674
379396885.102688,381
379396909.738726,13608
379396920.459235,5873
379396925.928795,13612
379396936.857829,144
379396949.958797,13533
379396967.654769,478
379396977.370765,1552
379397000.772888,253
379397005.736523,13492
379397017.984977,7416
379397031.426488,4734
379397045.28313,13535
379397066.84634,13460
379397082.253361,12744
379397093.419692,3550
379397101.42671,187
379397112.411782,2657
379397122.790365,225
379397146.964482,13554
379397152.883183,7707
379397172.372795,11853
379397181.074516,5384
379397187.50036,1668
379397196.414112,7088
379397205.114865,336
379397217.882462,13197
379397227.66757,13192
379397243.258204,13166
379397247.974791,13364
379397263.184387,6369
379397270.949526,13174
379397277.688458,13117
379397298.74018,1117
379397309.620044,2950
379397319.532034,13088
379397332.309853,13119
379397343.72632,13059
379397355.627129,2038
379397377.638731,13008
379397389.084495,1430
379397399.795185,486
379397414.981552,13085
379397428.539839,13057
379397434.567716,526
379397439.133263,5803
379397453.07701,4338
379397468.824207,12886
379397489.020403,7157
379397499.121702,1423
379397511.60511,3923
379397527.443023,8141
379397539.653881,12980
379397548.998245,1471
379397561.145803,12933
379397562.250196,8179
379397561.59056,12939
379397562.443476,104
379397561.132947,13121
379397568.78163,11550
379397588.307336,13015
379397614.705976,147
379397628.379907,7611
379397639.402039,1350
379397655.940388,5426
379397671.028361,13081
379397687.691657,9051
379397706.332629,11299
379397721.723631,13175
379397730.339969,3902
379397736.891426,13369
379397748.012807,1049
379397761.309166,13259
379397771.91131,2204
379397794.411185,7455
379397809.470984,684
379397822.221004,10773
379397835.401166,13349
379397842.985984,10778
379397867.412072,13350
379397882.569243,256
379397903.690759,215
379397910.519929,13470
379397924.489032,10079
379397934.981897,13460
379397947.01237,13658
379397958.508772,7219
379397969.925122,286
379397989.737857,271
379398000.660517,13578
379398015.512422,8742
379398023.016862,13585
379398032.141119,3235
379398045.965718,13511
379398061.611926,13574
379398074.757732,13657
379398081.999478,7710
379398097.952458,5086
379398111.716976,9871
379398122.323513,13742
379398143.245388,1452
379398157.81837,13767
379398164.651788,8322
379398181.559211,13639
379398188.620134,12725
379398198.361461,3477
379398212.003461,13759
379398239.891718,13590
379398251.987988,13658
379398268.943253,13553
379398282.397599,13537
379398305.880235,10727
379398311.259862,1189
379398324.913198,5244
379398338.013992,118
379398353.178101,3443
379398366.357847,13418
379398378.218454,13477
379398400.751086,6534
379398423.526958,8085
379398446.138579,10661
379398457.231294,13333
379398473.891678,13333
379398493.601952,441
379398503.192702,4603
379398509.734725,13214
379398524.169448,13247
379398531.453125,13481
379398556.59504,2867
379398585.857777,1532
379398596.161969,9463
379398605.300494,1742
379398617.027396,752
379398631.236102,8867
379398641.812281,13420
379398659.559631,2881
379398668.131731,1401
379398680.447327,915
379398690.391759,13009
379398709.406824,101
379398722.195968,11582
379398730.103905,181
379398742.840873,1295
379398756.86736,13527
379398767.169294,12994
379398782.631202,444
379398795.735452,12846
379398811.675362,12862
379398825.171485,120
379398838.448426,12918
379398851.993059,106
379398859.610468,12976
379398870.645917,12962
379398879.91133,1519
379398896.618212,1516
379398913.576858,6640
379398921.553394,10790
379398931.437035,13038
379398946.178369,1427
379398966.913509,13207
379398976.745356,13097
379398984.16218,8101
379398996.044299,7022
379399015.173253,341
379399024.235299,13161
379399030.603517,4222
379399041.893525,1079
379399056.068578,1445
379399077.150338,7444
379399089.094074,9282
379399093.261618,7168
379399105.601443,13272
379399120.406367,1263
379399134.690019,10246
379399148.049677,9060
379399161.900927,2872
379399171.252122,13356
379399186.503893,1882
379399202.822134,11261
379399220.069263,193
379399232.19583,6444
379399241.129616,255
379399252.36141,13456
379399265.274417,4492
379399272.773079,13527
379399280.068197,13503
379399299.719617,1429
379399313.584181,13643
379399340.280565,13186
379399353.010584,13805
379399371.185794,11485
379399386.058943,13704
379399402.7894,13642
379399411.939156,584
379399428.861123,2356
379399445.834079,3986
379399455.741169,10901
379399461.740258,7334
379399472.706582,828
379399490.672822,1315
379399499.134993,5523
379399507.140362,2308
379399521.472887,5150
379399532.040152,506
379399544.110438,13589
379399552.224217,13641
379399569.092622,13561
379399584.363199,3683
379399606.65594,1707
379399615.541232,7451
379399623.671373,861
379399626.581282,6013
379399636.681039,1470
379399653.205111,928
379399669.737081,1499
379399687.018353,13513
379399702.850628,6003
379399712.35352,11391
379399722.443919,13388
379399738.350669,13315
379399757.420844,3425
379399766.211208,13352
379399777.297769,13287
379399799.202008,5877
379399814.36366,5634
379399824.010102,114
379399829.131369,13252
379399839.878029,13241
379399864.069131,7684
379399874.260731,369
379399889.17241,13233
379399897.432396,13167
379399909.316277,13144
379399925.990344,13118
379399937.956299,1301
379399951.879509,9083
379399960.966809,7053
379399970.994351,103
379399982.401442,6974
379399989.086846,3555
379400004.365723,13062
379400024.972393,10942
379400034.129911,12974
379400042.264517,12486
379400050.936005,13285
379400065.939211,8201
379400076.257396,12961
379400095.675936,12891
379400102.886005,8126
379400118.61194,3524
379400126.930406,6003
379400136.132327,12842
379400143.923878,497
379400150.492831,9404
379400169.74641,533
379400179.050106,2921
379400197.292806,344
379400212.764251,1635
379400227.728971,1868
379400236.958689,1174
379400250.631299,13071
379400258.144309,10590
379400267.390515,13128
379400276.997738,227
379400287.061867,131
379400305.256899,11443
379400316.11896,112
379400328.670835,8753
379400336.174552,9875
379400353.015019,13138
379400364.600538,8889
379400393.550566,6026
379400412.803636,164
379400434.410902,13509
379400444.208349,11377
379400458.27629,13319
379400469.226798,13323
379400480.351589,13536
379400491.771092,1876
379400513.49349,10149
379400522.235109,12496
379400544.302659,1795
379400554.515465,13403
379400563.86309,2228
379400570.325101,13427
379400588.675609,10261
379400605.264233,13771
379400610.063883,3513
379400620.932797,1529
379400641.425884,5193
379400649.854202,2508
379400666.426239,6249
379400681.257769,702
379400693.076933,272
379400709.155893,4672
379400709.203334,203
379400726.706496,11066
379400743.873863,1598
379400751.29007,5140
379400769.965957,13751
379400793.041018,8654
379400805.05485,13674
379400822.636409,3972
379400833.196871,168
379400843.470176,2932
379400868.253629,8144
379400880.140115,13638
379400898.202876,13537
379400907.378718,13550
379400923.953544,13550
379400933.862591,13582
379400947.668349,4278
379400955.604445,5024
379400966.890921,11509
379400988.24427,4786
379400999.527261,6130
379401021.933503,13440
379401035.999633,1608
379401048.683806,531
379401065.532302,13328
379401074.209026,7007
379401091.139808,356
379401100.010617,10505
379401110.089257,375
379401121.657761,2974
379401132.710783,171
379401140.853668,3224
379401158.459742,13264
379401174.130494,13213
379401186.47367,13868
379401195.550705,4512
379401205.920945,159
379401220.909106,13090
379401226.749586,484
379401240.968734,13188
379401254.136663,1480
379401270.537236,13091
379401281.221261,550
379401308.74879,913
379401320.029397,1372
379401350.384005,13584
379401362.109478,8059
379401371.626354,12941
379401379.831589,12971
379401394.147625,12965
379401408.750862,9032
379401419.277,12957
379401429.627229,12900
379401444.213724,614
379401456.877458,3148
379401475.749195,13175
379401486.928443,12959
379401500.866814,12940
379401510.534086,12894
379401518.652503,6613
379401531.80905,12979
379401549.77327,8187
379401558.151643,13019
379401570.281405,8795
379401576.948424,1897
379401591.905297,1469
379401602.929414,7436
379401616.114551,13125
379401633.628078,13086
379401657.101438,1537
379401672.683249,1829
379401690.039405,13168
379401700.32999,13152
379401722.587017,13108
379401737.989836,13230
379401760.083913,13228
379401772.840693,9216
379401780.107625,1489
379401789.899803,13673
379401805.798345,1851
379401816.205108,12208
379401822.881102,13353
379401840.481486,5490
379401848.07307,7122
379401867.341983,13415
379401880.52467,13398
379401889.196163,9953
379401904.610368,93
379401913.872564,7729
379401924.707404,13457
379401937.715649,13499
379401949.187797,9696
379401972.959283,13552
379401988.059448,13560
379401997.901368,6665
379402014.829922,13599
379402025.482252,13639
379402042.015816,6776
379402060.489735,13683
379402071.241355,4966
379402083.142656,335
379402098.186812,13710
379402126.092609,1488
379402141.946431,2031
379402152.675723,13777
379402162.782198,11613
379402183.655073,8502
379402197.667721,7179
379402208.657763,10263
379402218.639138,10809
379402234.93638,13649
379402246.082271,13570
379402263.952808,11057
379402275.701685,13567
379402288.819043,13549
379402301.748205,13101
379402314.860628,989
379402325.224614,13392
379402337.376805,3869
379402351.319818,13499
379402360.830903,10366
379402381.24255,9813
379402394.909259,1493
379402411.969719,13385
379402427.571406,1450
379402439.045026,11739
379402449.233382,13229
379402459.798084,319
379402465.53566,906
379402474.838409,10265
379402485.204273,8884
379402497.370616,13227
379402514.8676,4852
379402522.074752,2531
379402537.601126,1956
379402551.110697,10630
379402562.406652,208
379402580.706137,3465
379402593.270412,4031
379402607.63218,12499
379402617.680942,13025
379402641.634649,13113
379402654.819049,490
379402666.009596,8971
379402675.959749,13040
379402682.636651,1650
379402697.148364,2902
379402703.951175,1466
379402715.299521,2041
379402722.718863,12938
379402736.829517,1331
379402762.738455,12901
379402783.57398,6966
379402801.580256,10850
379402808.298043,497
379402819.824772,144
379402828.64436,108
379402840.565192,12186
379402850.34399,175
379402863.31345,12925
379402873.007106,12980
379402898.476102,7414
379402906.819202,12973
379402926.30832,12999
379402937.081079,9226
379402950.439268,394
379402961.884065,13048
379402970.42546,1516
379402978.18093,336
379402989.731833,4288
379403009.406134,3003
379403018.045787,13125
379403027.034085,5322
379403031.630353,6400
379403049.032416,1284
379403066.626779,9691
379403072.733876,13475
379403092.685856,13279
379403106.911028,473
379403121.347397,262
379403130.169711,5128
379403134.933539,1747
379403143.648151,3636
379403156.271573,13298
379403167.469543,13657
379403182.469706,13370
379403195.550073,5291
379403211.177582,206
379403225.655142,11911
379403234.342092,13439
379403249.479133,377
379403260.784114,13496
379403272.818079,1061
379403292.799464,1450
379403298.989139,188
379403319.465636,13488
379403327.149846,1401
379403339.707909,4891
379403363.405034,11466
379403375.765867,13666
379403383.194773,13750
379403390.094907,11120
379403401.14967,2148
379403417.119883,13690
379403435.846327,13699
379403451.122415,13723
379403467.657034,7734
379403482.09299,5381
379403499.899273,1571
379403517.137739,13685
379403526.506998,1511
379403537.836992,7902
379403543.36111,13599
379403561.170225,13550
379403569.791904,1490
379403584.634227,13559
379403603.127707,1527
379403623.712494,5039
379403629.200197,7469
379403644.969352,13435
379403669.891558,13500
379403689.310025,8684
379403697.71163,1757
379403705.454423,1412
379403722.023767,13417
379403733.173964,170
379403744.304707,13340
379403756.536538,104
379403765.009833,13298
379403772.207566,9494
379403786.471851,1476
379403800.647222,13273
379403811.123432,1848
379403835.497913,12349
379403847.348059,2112
379403851.539966,13223
379403864.047478,13160
379403880.378457,13180
379403898.495899,13792
379403905.430329,7208
379403920.272377,110
379403934.237198,1297
379403950.478332,13137
379403959.672088,5316
379403974.148077,9749
379403982.680608,13069
379404003.115687,5379
379404021.426336,1896
379404030.38935,1486
379404041.736732,13414
379404060.57515,12931
379404069.550869,1371
379404085.366563,11600
379404097.606714,184
379404118.259141,12846
379404135.786019,12851
379404152.575218,12864
379404163.988026,6529
379404178.36038,12923
379404187.719883,5405
379404195.997281,150
379404213.240204,11393
379404238.044336,13036
379404252.79435,6541
379404271.349346,13046
379404289.435333,1474
379404310.310713,1422
379404319.930095,13151
379404340.925794,13118
379404347.670037,6733
379404361.270877,7548
379404380.472077,1012
379404400.374238,7267
379404412.027578,4541
379404424.708947,10988
379404435.344982,10118
379404456.720239,13307
379404469.230667,1438
379404482.87898,132
379404499.360161,10702
379404512.223231,184
379404515.695177,7598
379404529.527847,3353
379404538.773227,11835
379404551.547687,13471
379404568.950219,140
379404576.04673,13516
379404592.951662,1469
379404612.687762,7341
379404629.911822,11310
379404645.91067,10085
379404664.183386,1585
379404691.657172,2926
379404702.228455,12651
379404701.43799,13651
379404720.641599,13612
379404720.132302,2192
379404726.355878,9667
379404740.167185,1474
379404748.082852,12470
379404766.898791,225
379404771.820488,13723
379404786.687112,13749
379404813.751809,13628
379404823.61793,13759
379404847.276583,13651
379404860.274361,270
379404872.371528,215
379404880.017426,13608
379404898.23386,448
379404913.156902,13641
379404928.67612,13483
379404942.078066,2704
379404952.550718,1194
379404959.400781,4780
379404973.625365,1435
379404987.046775,11573
379405002.749505,13251
379405019.546521,13451
379405029.446496,185
379405042.506483,95
379405049.954988,104
379405054.258852,1644
379405066.682469,13427
379405075.24747,125
379405095.744459,96
379405106.786008,7758
379405125.869579,1812
379405138.292968,135
379405161.358002,148
379405176.003642,13263
379405185.751284,13236
379405201.027337,13136
379405207.874435,13126
379405220.956958,5126
379405240.855712,9585
379405250.512895,13168
379405265.863528,13203
379405274.442528,2736
379405281.750917,13059
379405297.572592,11368
379405307.775185,13060
379405316.861253,9001
379405344.965877,12917
379405353.873193,1478
379405364.631907,13587
379405371.228742,4454
379405379.723024,13025
379405391.004596,13328
379405404.230732,12941
379405423.756964,12871
379405443.636142,3504
379405455.122257,13756
379405461.572508,643
379405475.525359,5690
379405486.677503,12948
379405495.976887,12908
379405503.676227,923
379405520.579423,4743
379405534.425269,12923
379405546.191881,235
379405555.951302,13065
379405566.86982,1428
379405579.263444,250
379405592.141039,1730
379405607.344575,2119
379405618.732951,13171
379405629.420811,13306
379405640.583196,13106
379405648.62577,8396
379405663.550344,5722
379405680.435541,13548
379405694.575616,13228
379405706.739017,9769
379405715.474896,7575
379405727.907497,1409
379405734.844452,13076
379405749.760964,13432
379405756.031512,3398
379405771.452632,8697
379405784.772686,3782
379405796.446775,8748
379405813.103281,4861
379405832.728042,1347
379405847.794136,13423
379405861.900386,12731
379405872.501942,4973
379405891.054071,13438
379405899.735971,9775
379405913.11475,13421
379405917.977678,13452
379405937.727516,13533
379405949.011718,13693
379405961.159007,6793
379405974.044219,5318
379405989.88854,651
379406001.892464,13632
379406012.309872,13582
379406020.478217,308
379406043.584178,13709
379406065.037406,9207
379406079.424296,13679
379406091.54882,9755
379406109.901184,13744
379406121.737028,1955
379406137.065008,5110
379406151.655807,13712
379406173.628876,8104
379406186.744917,9608
379406202.202489,13583
379406210.648255,1882
379406223.528619,13590
379406234.437942,583
379406250.819464,1800
379406262.260419,13751
379406274.59563,13536
379406285.247932,492
379406298.755009,13458
379406306.850701,13353
379406332.876137,1537
379406346.926868,1165
379406359.579483,13353
379406375.140791,709
379406391.225325,1970
379406398.201299,13393
379406410.026462,10074
379406427.457767,12289
379406442.535648,13154
379406454.643197,13493
379406471.793705,13282
379406479.087597,13228
379406496.421901,13232
379406510.442567,1460
379406520.921193,13174
379406525.435842,10720
379406543.22861,3078
379406561.958362,4932
379406571.343415,13087
379406593.741648,5784
379406602.637451,1569
379406618.545481,13422
379406624.106326,2494
379406633.756954,13109
379406645.997658,4244
379406661.371169,7428
379406668.095305,13062
379406679.03666,7369
379406689.148275,12995
379406698.272134,12960
379406713.480325,1505
379406723.614962,337
379406748.847162,12834
379406759.172114,12866
379406760.271945,3737
379406775.612715,8247
379406794.150533,246
379406804.025006,10325
379406812.001449,10249
379406820.626617,12946
379406840.307204,11956
379406859.974289,4381
379406873.664926,7038
379406882.508951,2337
379406890.764968,4983
379406900.188094,12010
379406912.329019,13336
379406920.839872,13111
379406932.813026,7475
379406940.512644,2692
379406957.549724,125
379406974.659226,6346
379406988.262414,3277
379407006.099489,13115
379407014.792858,2634
379407029.332562,13225
379407047.499795,13245
379407057.041284,12456
379407072.27101,1495
379407090.545458,1991
379407103.502172,13219
379407122.093862,1472
379407134.750614,13383
379407146.395222,13332
379407154.712806,8731
379407167.215703,13866
379407184.604718,9249
379407191.651711,8090
379407202.37055,1539
379407214.698035,5417
379407227.551288,5013
379407240.941001,5616
379407248.870092,703
379407264.553036,3992
379407284.8586,13518
379407305.462065,13641
379407321.258827,13562
379407337.180896,13638
379407360.664194,13681
379407381.463375,118
379407399.775167,10899
379407409.059614,13195
379407423.441524,589
379407432.990453,13758
379407452.719915,173
379407466.959235,13718
379407485.322465,13714
379407496.091489,9285
379407506.22912,4137
379407521.336332,13586
379407531.93848,314
379407546.429394,13584
379407555.435119,146
379407565.483062,1308
379407580.78455,13522
379407586.538195,2122
379407599.333658,1189
379407611.068061,13463
379407626.023488,1850
379407645.962691,13454
379407653.473513,13417
379407664.99899,151
379407671.999485,13417
379407694.205394,13481
379407695.65536,4234
379407713.656088,13411
379407717.466287,13360
379407734.617839,7334
379407746.98274,2627
379407757.348295,13293
379407763.180805,13268
379407779.933734,13321
379407795.631772,13249
379407807.493643,11229
379407833.910054,13033
379407847.623569,6053
379407856.916051,3109
379407859.572853,13116
379407874.589392,1453
379407883.793413,13732
379407891.634275,3289
379407906.447578,13081
379407917.570166,13126
379407929.067863,13042
379407936.523782,13165
379407961.44986,9366
379407972.372866,13020
379407980.029373,13095
379407993.745021,472
379407999.731018,8853
379408014.968231,13242
379408035.05839,13023
379408041.411102,97
379408054.94906,12979
379408067.94671,3536
379408078.186189,651
379408094.240514,8735
379408106.837039,12326
379408132.085193,12945
379408143.866157,7450
379408155.765247,910
379408180.601926,12935
379408192.456037,8311
379408211.022086,9495
379408225.287353,13087
379408243.097331,7809
379408255.429955,13123
379408266.418494,13040
379408275.005117,13146
379408287.752435,8799
379408294.894506,1558
379408311.658841,1298
379408316.126847,167
379408327.972411,231
379408339.321452,6969
379408346.80305,4692
379408358.93004,5828
379408366.460236,13276
379408374.200087,13426
379408394.17808,6389
379408412.912831,6021
379408426.471105,2330
379408440.384728,6982
379408453.027026,13809
379408460.996732,10803
379408477.505582,9538
379408494.011982,9802
379408505.765562,13351
379408509.725267,13339
379408521.428513,3148
379408533.016647,13434
379408554.15672,13453
379408565.137232,13477
379408575.002961,13480
379408584.807033,185
379408595.91108,148
379408608.348186,3578
379408623.060821,3766
379408641.680404,13571
379408653.049666,2074
379408663.542865,12401
379408677.369982,430
379408689.936922,9806
379408699.433698,106
379408713.372215,4869
379408717.641404,13681
379408726.668824,13707
379408734.085999,2072
379408750.504817,13844
379408759.382548,1538
379408778.799446,186
379408787.346314,13745
379408799.131965,4028
379408813.268423,11640
379408820.102579,2891
379408835.761454,13668
379408840.918568,13568
379408842.718923,13582
379408859.393659,6362
379408875.848583,1457
379408889.624213,2805
379408905.707086,95
379408917.976492,8380
379408929.744705,13524
379408940.530844,13544
379408942.820124,11603
379408954.720836,992
379408969.507184,211
379408985.010379,11095
379408993.622019,13619
379409006.916951,12361
379409016.860409,12124
379409027.089025,13420
379409032.745585,13396
379409043.414221,1953
379409052.825607,13530
379409069.426474,10216
379409079.868516,4598
379409094.587324,10596
379409112.512431,1264
379409124.835896,13219
379409137.390238,13349
379409148.279688,129
379409157.400815,13219
379409170.073873,1756
379409183.075203,1501
379409194.984436,6583
379409215.185667,13181
379409219.266483,151
379409239.404201,13081
379409249.791407,12707
379409273.997378,498
379409283.568571,13022
379409286.91574,131
379409299.927698,4686
379409324.398208,153
379409331.598372,13043
379409345.592335,13334
379409360.592904,7312
379409379.613225,12865
379409389.509283,8653
379409398.843194,12938
379409409.896497,3427
379409422.900835,12854
379409431.037879,125
379409439.503495,3856
379409453.899823,4401
379409464.241286,13468
379409471.290903,702
379409494.636736,12944
379409500.938185,6759
379409513.767197,13007
379409521.920056,12961
379409526.236942,7499
379409537.174221,3777
379409559.315611,12951
379409572.991282,11843
379409590.568761,240
379409599.409283,4147
379409609.56451,11921
379409619.53981,13066
379409634.767203,5615
379409646.059666,13170
379409666.042006,213
379409676.106469,125
379409691.931288,13229
379409706.634032,5379
379409715.457634,13801
379409724.621877,140
379409754.025472,1764
379409770.965549,13328
379409792.576961,13525
379409807.357294,13559
379409823.231223,13137
379409841.571844,13425
379409853.900952,2080
379409867.465653,13492
379409876.971299,9848
379409892.923486,107
379409904.399056,13499
379409923.014902,13604
379409939.775082,658
379409952.211559,2603
379409961.532035,13600
379409969.974133,1693
379409981.960034,13582
379409991.552965,1497
379410003.190882,10611
379410019.203361,13688
379410026.231304,2122
379410040.478975,13628
379410048.343023,13734
379410074.180846,914
379410082.148564,1215
379410098.113128,195
379410115.018768,2253
379410125.520879,13708
379410139.562125,13658
379410153.463616,9203
379410162.939907,13426
379410171.754059,6327
379410195.840932,13588
379410200.526267,1481
379410212.692307,1482
379410236.8625,13507
379410252.594525,13501
379410263.913337,13486
379410284.944739,13536
379410295.697073,1500
379410307.997829,5499
379410315.734071,13442
379410319.783393,13006
379410332.303418,7054
379410344.716359,12010
379410370.164177,13420
379410383.117381,5346
379410389.996739,13285
379410400.801219,112
379410414.516158,12168
379410424.260933,752
379410436.199883,13264
379410450.220474,983
379410468.510339,13190
379410477.608031,13276
379410492.642755,13280
379410506.965159,13405
379410519.476882,13180
379410531.321585,1568
379410546.603768,5000
379410562.060319,6385
379410578.882842,13097
379410596.403652,10541
379410607.000616,13043
379410624.669088,94
379410638.11519,9788
379410646.855785,12966
379410663.953712,1510
379410682.246922,12971
379410700.582911,12361
379410720.912787,3209
379410726.113564,12947
379410741.094797,12874
379410751.59384,5488
379410772.76675,12825
379410786.152662,13088
379410795.027828,13039
379410804.772117,1545
379410819.067278,292
379410834.439749,11436
379410852.84022,601
379410874.814837,9172
379410881.110306,6355
379410890.747528,13449
379410906.193346,1086
379410915.511892,13024
379410934.533442,3008
379410946.9184,1968
379410962.891802,13188
379410969.741552,260
379410985.076016,13202
379410996.98513,11747
379411015.024263,12690
379411032.317217,9740
379411046.096151,13312
379411066.540007,422
379411083.045786,1469
379411092.061861,13317
379411105.863538,12374
379411120.919953,6389
379411130.750381,13405
379411139.960957,1755
379411158.219299,1552
379411170.866424,1895
379411181.010387,13435
379411195.0221,8904
379411206.368729,13398
379411223.007599,13702
379411227.316625,13503
379411242.259506,13169
379411255.21733,4564
379411263.53709,5172
379411285.251522,13545
379411298.391596,13603
379411310.353509,1471
379411321.129843,13650
379411333.684823,1502
379411343.043218,2535
379411353.755156,159
379411366.846023,10757
379411379.140927,1453
379411379.082566,13705
379411397.118942,13747
379411411.35388,13745
379411427.079997,12717
379411435.35315,3670
379411450.175291,13670
379411467.975626,510
379411473.650805,11998
379411499.887278,13589
379411510.726286,13607
379411519.747325,2233
379411538.378425,6269
379411563.645697,13808
379411573.762717,13528
379411587.458201,5331
379411607.673774,13488
379411617.071468,13415
379411626.765471,2377
379411642.6917,1407
379411661.947977,13388
379411677.544867,4456
379411688.104214,207
379411700.617153,3405
379411711.848191,13331
379411734.793678,1503
379411746.973558,1537
379411756.296829,13288
379411769.351022,1190
379411786.579213,4216
379411804.476919,4482
379411815.393154,13218
379411821.984964,13620
379411828.346218,13349
379411845.61772,13836
379411868.61981,13065
379411887.32243,348
379411891.437857,13105
379411905.079237,13022
379411914.823167,1514
379411935.574111,762
379411948.136015,13028
379411965.648032,1487
379411976.986285,12963
379411992.416296,2713
379412004.950984,12997
379412019.513283,1310
379412030.943661,1535
379412045.064232,9711
379412059.728598,1506
379412083.924966,7639
379412099.221585,895
379412115.440401,12971
379412128.097279,12983
379412139.564848,13177
379412156.049085,4082
379412170.012451,7500
379412182.882192,12972
379412198.004676,106
379412208.436774,12817
379412226.582059,13105
379412237.165666,13150
379412250.365459,190
379412257.815046,13230
379412273.842586,13622
379412288.113556,272
379412303.75283,13122
379412322.9907,13148
379412322.360415,2997
379412324.330599,7336
379412335.745076,11061
379412342.956306,13252
379412349.721076,13269
379412357.502835,273
379412373.120379,491
379412393.511483,205
379412405.203067,1992
379412417.44946,2278
379412443.443259,13332
379412454.497886,13582
379412468.89387,13407
379412478.619346,10647
379412491.820846,331
379412500.409984,7962
379412511.298616,10534
379412523.882733,3851
379412536.264625,13472
379412558.111456,1305
379412573.199393,11870
379412585.536764,13500
379412594.143373,7361
379412601.784765,13629
379412612.980395,1558
379412635.02304,13574
379412648.462655,13613
379412663.284543,2953
379412677.374449,13650
379412686.105186,152
379412697.659653,13696
379412707.975766,1727
379412727.144189,720
379412738.922402,1431
379412751.619715,4338
379412768.115331,13840
379412776.230679,13750
379412786.394583,3505
379412799.900721,5553
379412822.603014,13680
379412832.767042,1225
379412855.757343,13631
379412864.005142,7844
379412884.000458,5505
379412901.827146,10403
379412913.318901,4215
379412923.659204,2571
379412937.810112,2124
379412963.016899,1475
379412973.131736,13471
379412986.09252,6207
379412999.615359,1443
379413013.877067,13351
379413032.733241,2176
379413046.078384,13535
379413054.726175,5834
379413057.258028,13312
379413073.28398,13293
379413083.310429,2903
379413096.727201,13241
379413110.054823,9776
379413122.11192,184
379413143.122402,13204
379413160.235903,13134
379413175.977234,12690
379413185.089374,5370
379413197.897845,417
379413217.890729,13448
379413227.889955,1487
379413239.558214,1464
379413255.109549,12988
379413268.167064,1988
379413281.874493,1474
379413292.308201,4295
379413306.57527,5142
379413316.960496,12960
379413330.912106,12961
379413342.142283,3721
379413351.72947,139
379413362.644865,2062
379413376.365693,364
379413384.555092,1502
379413399.251769,2275
379413405.390753,12271
379413425.141841,2130
379413437.983756,12953
379413452.258639,168
379413465.43171,10888
379413476.2985,13565
379413495.073426,5778
379413508.173065,13055
379413521.042244,11335
379413533.626973,13054
379413543.610099,8585
379413554.723156,3728
379413564.794455,13030
379413576.190503,4441
379413597.713364,13073
379413607.730647,13167
379413628.005071,13189
379413643.764717,13156
379413656.388374,8853
379413666.19389,13263
379413682.192064,13266
379413692.335693,13212
379413710.317296,8367
379413720.698202,5496
379413734.696443,3466
379413744.358393,12509
379413754.47039,1381
379413768.847359,6613
379413775.151938,10171
379413795.26843,3662
379413803.493631,13466
379413815.744573,225
379413822.180962,13437
379413831.740818,13685
379413843.139907,6042
379413856.245794,6352
379413867.000394,13517
379413884.325784,7104
379413891.897633,13455
379413903.638293,4069
379413923.421308,1858
379413933.935329,10966
379413944.792258,1325
379413952.152809,3270
379413963.773471,140
379413971.139838,9319
379413980.229031,9094
379413997.933085,4213
379414010.191177,10636
379414027.681469,13724
379414037.875796,13673
379414053.132721,1318
379414067.027612,11588
379414079.669213,13737
379414098.658599,10464
379414105.920767,13663
379414122.638817,13581
379414135.120819,13887
379414153.926034,8315
379414164.986645,7556
379414187.317493,9686
379414200.690456,231
379414212.584446,13546
379414225.206229,6250
379414242.987971,13440
379414264.397213,6067
379414276.535023,6949
379414289.600069,13430
379414308.60305,8574
379414320.609191,10624
379414332.373311,6982
379414344.943949,4120
379414357.847103,9733
379414372.057201,6456
379414379.394478,13331
379414391.698069,10379
379414404.446012,13301
379414427.82356,13369
379414444.457958,3421
379414458.562024,13200
379414468.422172,13177
379414478.853966,9465
379414488.674975,13193
379414501.591817,13159
379414512.893048,13139
379414527.888819,3453
379414542.621464,13534
379414556.177611,13424
379414571.28999,1827
379414583.974512,13304
379414595.768284,1017
379414624.522101,13013
379414638.071889,13044
379414646.113161,13008
379414661.711147,12993
379414682.551112,12852
379414695.742704,12892
379414702.539086,119
379414712.656325,12890
379414731.286663,12852
379414743.730185,1384
379414759.101916,12881
379414772.084731,1016
379414779.574203,12972
379414786.717112,13129
379414808.751085,12952
379414815.755225,9164
379414827.336432,3900
379414834.447698,11265
379414847.479166,9148
379414858.588796,1710
379414880.761174,229
379414897.755484,11511
379414906.173516,3009
379414916.22906,13112
379414926.643336,10671
379414939.317542,13434
379414954.880917,2649
379414969.15339,13167
379414987.234799,4091
379415003.243236,13439
379415015.663505,1755
379415031.14489,13717
379415052.653193,4075
379415061.017953,13324
379415082.054728,13339
379415087.545233,13635
379415105.488616,13295
379415111.452565,13365
379415128.165097,13404
379415144.335333,180
379415156.507465,169
379415176.527109,1507
379415199.131057,8523
379415218.66362,1491
379415226.401049,13651
379415250.546466,13547
379415265.225493,8649
379415277.73271,13621
379415288.173702,13554
379415312.739138,1537
379415330.331484,13888
379415341.995471,1471
379415359.587454,13868
379415372.740741,13757
379415381.051451,938
379415392.882198,7750
379415406.303574,2947
379415412.741808,4763
379415426.047551,1270
379415436.669257,2053
379415448.810732,13651
379415463.695629,1499
379415478.441272,11909
379415489.863676,13566
379415507.715969,1514
379415519.976148,6434
379415539.034267,13668
379415558.225148,1464
379415571.485715,13450
379415582.146991,6034
379415592.700689,127
379415599.789503,12474
379415610.207687,13480
379415626.23679,2945
379415637.368496,4278
379415639.853253,2729
379415653.261336,6406
379415674.478275,13374
379415680.775683,10957
379415688.857806,1385
379415695.960389,100
379415707.011823,3413
379415714.452349,13320
379415726.375975,557
379415745.653249,11544
379415766.044601,13232
379415784.457886,6394
379415801.452475,13217
379415817.059927,4408
379415840.685984,2312
379415844.545224,13105
379415859.587963,171
379415873.334416,5400
379415881.682599,13214
379415892.262589,13070
379415910.173931,13006
379415928.995155,12964
379415942.095247,755
379415952.561508,2544
379415964.977019,12975
379415978.046016,12979
379415987.560876,1504
379416001.702859,9553
379416017.761876,6657
379416036.591492,8915
379416054.377795,13300
379416065.381329,8884
379416078.789816,488
379416093.633601,12904
379416112.999981,457
379416128.255664,6366
379416141.564291,13014
379416146.517098,12265
379416158.023599,13301
379416170.363427,308
379416176.45577,7683
379416196.309883,13226
379416209.237393,4963
379416219.398069,13004
379416229.426428,369
379416239.195306,13158
379416250.491666,12982
379416266.095058,1550
379416286.385769,1517
379416305.603397,1415
379416319.919104,1165
379416329.443932,564
379416344.243744,13282
379416346.115112,13239
379416355.217699,13746
379416368.854665,1521
379416380.61192,13281
379416393.835084,13249
379416415.628969,4010
379416426.899406,13291
379416437.491125,340
379416448.794509,11332
379416469.541894,165
379416481.753783,13400
379416488.923891,463
379416496.583675,1502
379416515.474153,13523
379416526.93562,13603
379416532.150523,13470
379416548.142812,720
379416558.456043,154
379416581.598925,1130
379416593.177279,210
379416605.933643,2595
379416629.442137,13612
379416641.466415,13726
379416652.946643,8633
379416668.277211,13664
379416692.121055,9665
379416705.172825,6065
379416720.246734,1455
379416742.047906,13693
379416754.014172,13711
379416764.159546,13758
379416778.18271,1495
379416792.917763,13770
379416810.809645,6470
379416817.786499,13622
379416833.716125,4894
379416849.804654,9252
379416865.48696,1271
379416875.298075,6445
379416883.147169,953
379416896.909098,5959
379416901.578927,13560
379416922.697079,9580
379416937.792742,13389
379416945.966127,13459
379416958.533446,282
379416974.240553,11120
379416987.225911,6028
379416995.374172,13316
379417007.508384,1499
379417028.542353,13736
379417047.279419,13355
379417059.308906,3838
379417069.175018,10135
379417079.159161,1380
379417095.530663,383
379417118.687592,676
379417126.159951,197
379417142.615562,6328
379417150.515409,4991
379417157.490892,1690
379417165.333669,147
379417182.12647,1925
379417205.766391,6905
379417214.706222,227
379417229.308558,1558
379417242.383592,12982
379417257.735133,13252
379417277.474533,13010
379417296.368725,712
379417306.7472,9841
379417323.244741,5738
379417333.472866,12969
379417342.330443,3941
379417347.589012,12898
379417357.217101,9216
379417366.246784,5539
379417385.029945,6479
379417398.609813,7396
379417408.585796,4766
379417420.292965,12932
379417432.313712,12947
379417455.423317,12868
379417471.6565,3973
379417482.321698,12924
379417494.784399,13001
379417507.19783,3050
379417520.146421,129
379417531.480634,95
379417543.79084,13657
379417550.954326,193
379417559.044401,13159
379417564.89817,2721
379417585.177623,13083
379417596.79325,11474
379417615.368932,13239
379417627.156054,123
379417640.133227,242
379417652.860274,11437
379417664.785008,4354
379417674.295515,13326
379417692.120744,96
379417702.690639,10980
379417715.072683,13441
379417732.474762,3080
379417744.631104,13353
379417762.192467,13354
379417786.551871,2451
379417801.248579,12616
379417815.557065,3324
379417827.66064,13578
379417845.387048,3944
379417863.245319,12565
379417874.745388,13601
379417883.571447,1480
379417894.352474,218
379417908.131671,10509
379417917.608739,6778
379417931.68145,4470
379417940.350666,13813
379417947.883192,13599
379417959.473566,13637
379417969.709655,2290
379417985.484892,426
379418000.129275,101
379418013.383242,4026
379418025.333101,2082
379418045.281288,11504
379418052.799109,1992
379418071.52267,6343
379418077.50837,8011
379418087.891704,1569
379418109.954378,245
379418120.346199,13800
379418137.534672,13555
379418148.702236,13602
379418158.072988,13610
379418168.528334,10321
379418183.260482,800
379418192.359402,13541
379418207.81053,1435
379418219.118905,13570
379418234.8247,13529
379418242.719166,13479
379418255.617273,8672
379418270.479857,8647
379418283.413326,2972
379418299.38173,11870
379418318.759042,13393
379418331.831632,2607
379418340.26942,1357
379418352.620723,6992
379418377.638563,1494
379418397.637441,180
379418410.12474,13233
379418423.847984,8223
379418438.850246,13264
379418452.634935,8192
379418466.773611,13129
379418484.247584,13119
379418496.627037,1491
379418519.569877,13085
379418527.262561,3635
379418537.820275,4545
379418545.105426,8063
379418553.607405,13131
379418566.556261,1477
379418580.024195,102
379418597.616885,13009
379418612.931544,13001
379418623.281046,2523
379418641.562491,12980
379418655.442973,2407
379418665.729969,9429
379418686.696915,12828
379418708.022329,10191
379418721.330577,13222
379418732.34322,1507
379418744.784536,3836
379418753.787354,13179
379418764.495671,1697
379418778.921237,7833
379418789.475561,12999
379418802.298304,2904
379418813.097473,2865
379418823.706523,1769
379418837.728461,580
379418849.994817,10101
379418864.326486,1498
379418876.334338,13079
379418889.275314,13062
379418896.417216,9801
379418908.677807,13298
379418917.201074,700
379418932.026501,13167
379418946.925242,13192
379418958.711047,1171
379418965.368633,4439
379418990.073738,13211
379419002.858141,6698
379419013.249538,13237
379419024.756824,5189
379419029.663793,13368
379419041.959256,5965
379419051.802869,7054
379419068.278896,11245
379419084.963348,864
379419100.598175,6323
379419109.322049,3400
379419126.488017,9552
379419141.497476,12142
379419158.175828,2285
379419166.023212,8364
379419177.932741,2915
379419195.047699,103
379419201.592097,4088
379419213.662895,7793
379419219.877505,13609
379419233.059105,13459
379419244.675633,8467
379419251.048589,12167
379419268.425126,13773
379419282.356964,1787
379419298.746061,1439
379419313.017735,895
379419328.683455,2692
379419348.883204,1117
379419357.098713,13777
379419382.174639,9589
379419396.715011,877
379419408.457452,538
379419424.679878,12832
379419442.849709,6165
379419458.109192,1210
379419468.391401,256
379419480.361147,3907
379419491.035764,8199
379419505.902005,4950
379419514.965975,1581
379419529.909114,13502
379419547.343646,8669
379419559.453758,13456
379419580.275268,13378
379419600.368549,13461
379419615.273108,13453
379419630.761234,13504
379419646.29302,2283
379419667.886297,13882
379419675.504451,165
379419690.004603,7398
379419703.583118,13408
379419718.942144,2335
379419725.375648,451
379419733.514243,13202
379419743.473831,230
379419753.912884,1940
379419762.936462,9607
379419780.165174,13897
379419793.787467,9523
379419803.607952,13145
379419819.217704,13221
379419831.048033,13135
379419843.405305,13105
379419856.126509,12419
379419864.181502,235
379419883.369877,12348
379419891.880761,1968
379419905.298981,13131
379419914.767578,11816
379419930.816456,298
379419945.787606,2899
379419957.249311,9997
379419975.328021,4138
379419987.409603,2329
379420005.312416,1487
379420017.333436,9175
379420031.553199,107
379420040.938081,11895
379420059.547715,12834
379420069.039495,5254
379420087.813064,1553
379420101.428242,3235
379420119.794966,13022
379420130.767947,13055
379420138.848193,12937
379420152.149044,1101
379420161.578178,13230
379420177.092826,11734
379420185.631583,11634
379420199.104867,13334
379420214.512479,13119
379420231.309096,13539
379420241.151916,1241
379420258.175122,200
379420265.846707,1244
379420269.4505,13321
379420284.722821,13179
379420296.086754,9402
379420311.570426,1898
379420330.448723,4689
379420340.627846,13343
379420353.225983,739
379420369.465959,5113
379420373.702891,5865
379420382.475244,111
379420392.161314,13840
379420403.041125,395
379420417.112921,2572
379420422.915723,1488
379420440.908274,13566
379420458.19651,600
379420477.912602,13504
379420491.46573,11689
379420499.938359,12756
379420509.812855,1504
379420528.181607,13616
379420539.608371,2292
379420549.016168,11962
379420561.627795,12480
379420578.632819,511
379420599.528324,8239
379420613.362935,12868
379420624.572171,1699
379420635.722137,1269
379420641.196288,13629
379420654.407979,11685
379420667.050513,13709
379420678.969724,13141
379420704.688583,13838
379420711.191635,7605
379420719.391563,13720
379420731.631456,1514
379420748.231573,6310
379420759.998475,188
379420776.150031,5045
379420790.020649,13626
379420801.072101,3776
379420810.901887,13543
379420813.585138,13557
379420831.268226,9860
379420852.1814,2121
379420867.990886,1483
379420887.156649,13536
379420901.622349,10135
379420913.731518,13869
379420924.616792,614
379420937.599065,11412
379420949.787355,2015
379420956.188656,11720
379420963.801745,3669
379420984.840856,13408
379420994.740926,12491
379421015.292381,1509
379421030.731896,13595
379421040.938844,13725
379421060.848833,13281
379421079.585924,13172
379421098.60221,11602
379421116.577442,2311
379421136.418252,13137
379421142.093025,13102
379421153.823219,5966
379421168.568682,13128
379421182.52481,1759
379421196.144429,5152
379421206.435957,7141
379421225.305905,5371
379421243.757112,862
379421258.838587,11278
379421268.018211,2651
379421280.431371,12977
379421285.312099,1744
379421291.873025,4890
379421308.488872,12904
379421321.759326,12962
379421338.564647,13505
379421353.480312,12861
379421374.044691,1070
379421381.989443,10045
379421391.18576,12945
379421396.856801,1786
379421407.211421,11457
379421423.211906,12932
379421441.96138,13113
379421461.719043,298
379421472.219907,4694
379421485.790042,13097
379421498.858374,13073
379421523.384308,3100
379421528.648073,7104
379421539.324418,1410
379421554.644506,12125
379421567.303007,9824
379421579.917837,2398
379421592.482759,13179
379421602.555388,8348
379421608.417521,13226
379421617.739245,107
379421640.638303,13302
379421649.36015,1444
379421661.579024,13494
379421666.178944,13552
379421677.578261,985
379421688.760294,4073
379421696.942623,13325
379421723.712693,13388
379421746.33107,13484
379421754.224792,1498
379421769.714893,10220
379421785.103041,275
379421793.944096,13446
379421801.769103,13458
379421833.068124,1613
379421856.525259,1030
379421863.707472,11510
379421876.449511,6526
379421882.362286,13563
379421898.485037,7227
379421910.157789,11404
379421923.467139,6163
379421940.891868,1483
379421954.338512,8348
379421965.427063,11456
379421973.210462,13718
379421989.599054,949
379422005.090862,13781
379422021.296885,11532
379422035.759906,6132
379422046.556792,13749
379422056.628063,109
379422066.419649,1863
379422085.761576,5671
379422098.132473,13693
379422110.342071,13679
379422120.558231,13807
379422129.835895,13651
379422136.467209,2651
379422147.864445,13478
379422153.740587,6248
379422165.997744,7694
379422173.636604,3316
379422181.45589,3434
379422188.062558,293
379422200.239942,264
379422210.169184,3566
379422217.399668,13721
379422226.829536,13482
379422239.438228,13461
379422248.676089,13439
379422262.840738,3689
379422267.754414,13461
379422282.872338,13437
379422298.029638,10420
379422306.151082,13427
379422312.839962,13366
379422324.958662,13305
379422331.70974,7075
379422336.96722,1388
379422350.086634,10335
379422350.795655,4493
379422367.194477,13297
379422382.050062,1314
379422398.002882,12067
379422405.821127,1497
379422413.6604,13345
379422425.46074,13376
379422442.582039,595
379422450.939803,8931
379422458.533217,193
379422463.712008,9576
379422479.091513,1096
379422489.006081,112
379422503.223474,12079
379422513.351972,13545
379422520.413392,10276
379422535.724424,3069
379422543.554812,1818
379422556.244503,10632
379422571.802967,13147
379422580.745869,534
379422593.365206,12989
379422601.974321,6437
379422612.031837,4609
379422626.727828,3732
379422637.517429,10453
379422644.225159,12967
379422652.961186,1260
379422656.83086,12921
379422668.693632,13624
379422675.172246,527
379422679.492491,9402
379422691.022284,3805
379422698.318031,2581
379422709.594503,12889
379422718.649107,12940
379422727.759301,12883
379422729.441324,12971
379422740.740163,1492
379422745.013468,6306
379422752.65318,1087
379422764.448805,11427
379422774.004512,13430
379422775.96356,13000
379422790.149252,13286
379422801.482549,7455
379422804.880997,11273
379422814.751316,13006
379422837.426243,13087
379422843.982248,6210
379422851.936914,13454
379422865.899479,11299
379422869.639235,13080
379422878.856975,8391
379422891.641261,13102
379422903.416366,13895
379422916.332876,1442
379422918.791836,1231
379422934.149435,10604
379422944.281249,6925
379422954.700962,669
379422967.910128,4759
379422979.950978,13167
379422990.2641,5426
379422997.096048,7628
379423012.401069,2746
379423021.168878,2944
379423033.517308,189
379423048.815403,7863
379423055.238597,13337
379423063.93283,13380
379423071.192614,5745
379423077.772706,1558
379423089.604228,13401
379423101.053458,11633
379423115.607787,1496
379423121.15424,457
379423131.920326,13432
379423142.056974,13835
379423150.119506,13523
379423164.429198,9333
379423175.780219,5932
379423185.751499,2858
379423192.303485,138
379423200.971077,125
379423209.389127,2741
379423214.51901,928
379423222.236005,13826
379423233.708241,13604
379423246.720698,13607
379423263.013014,13322
379423272.199459,7986
379423276.527714,643
379423288.914753,13686
379423294.680204,13644
379423299.180634,6885
379423310.258616,13714
379423314.201871,6851
379423320.423471,1230
379423324.454139,522
379423333.876377,7182
379423340.259329,1535
379423348.977844,1507
379423362.966234,13748
379423379.261169,13712
379423390.119378,1754
379423401.364075,271
379423416.030602,149
379423428.210671,10085
379423435.120314,178
379423441.325911,13641
379423449.515645,431
379423460.244999,13628
379423470.025375,7822
379423478.919832,13597
379423488.8658,7620
379423505.489407,13707
379423520.414358,13491
379423525.017964,5825
379423539.9283,9767
379423551.040415,6154
379423567.81658,248
379423580.751018,1477
379423590.768485,13433
379423611.594234,10889
379423624.915424,13377
379423634.40079,1457
379423646.819253,1539
379423655.589343,13317
379423671.510285,13157
379423678.635338,2721
379423688.506221,13280
379423701.080236,13259
379423710.390547,2924
379423723.20919,1426
379423734.414739,13245
379423752.612511,13199
379423770.987158,13195
379423788.787618,7242
379423794.02374,13137
379423802.791113,5590
379423818.480772,13167
379423830.275393,13157
379423841.016336,13383
379423848.465494,13079
379423869.818179,13022
379423882.946799,13034
379423896.558192,1482
379423912.087699,499
379423926.946218,13014
379423938.591306,11227
379423953.630114,2012
379423967.894825,1457
379423983.528522,4134
379423990.48717,12911
379424006.737105,11797
379424020.044747,12897
379424034.564808,12909
379424052.099038,12885
379424059.843622,1145
379424070.264012,6401
379424081.107184,12987
379424093.153519,11510
379424109.272974,179
379424119.026066,7860
379424134.881806,4772
379424152.657546,1488
379424160.091393,482
379424172.489869,13731
379424182.02496,2344
379424194.465889,13137
379424207.792798,1463
379424230.479218,13154
379424246.219009,1722
379424260.608187,1526
379424279.948452,13236
379424292.941608,13253
379424298.528904,740
379424313.059815,10301
379424326.253808,1807
379424346.649801,257
379424352.038286,5558
379424371.259616,183
379424382.147622,13744
379424392.586778,1531
379424417.080145,13425
379424430.160082,2683
379424444.76538,3070
379424455.042032,296
379424475.180019,220
379424492.42422,13475
379424501.928591,4149
379424512.597844,13517
379424527.765,13650
379424542.390398,9716
379424555.31173,12590
379424568.53307,1487
379424586.279077,909
379424594.32839,13634
379424607.805182,6057
379424620.943241,13753
379424625.831709,481
379424634.667617,192
379424654.796011,13643
379424661.971956,4337
379424674.562195,5392
379424690.235678,13783
379424702.743143,119
379424716.350348,3355
379424734.610452,10101
379424750.686886,2280
379424764.838899,13800
379424782.409971,1900
379424796.826485,11058
379424812.046929,13564
379424821.710808,729
379424832.896455,11470
379424839.09055,1468
379424852.56791,13438
379424862.582444,2484
379424872.456605,1439
379424879.245298,136
379424887.552148,5852
379424896.783127,4481
379424908.040282,2478
379424918.390412,5948
379424929.975181,5238
379424939.468654,13777
379424959.979127,13294
379424964.985786,13353
379424975.863905,13301
379424985.201841,2962
379424992.351214,13297
379425003.352361,339
379425012.674905,1434
379425025.23621,9708
379425042.37024,4285
379425057.834608,6937
379425077.353691,13196
379425093.859848,6625
379425104.680772,6930
379425114.299253,8204
379425127.07483,253
379425148.348703,7904
379425160.326195,3336
379425172.930813,6596
379425184.537349,13048
379425195.362873,2898
379425207.556551,13052
379425216.18547,12618
379425229.709098,13027
379425240.31315,10431
379425247.311804,7072
379425265.095109,12966
379425277.797641,13311
379425299.566059,12989
379425311.907809,11585
379425321.738907,792
379425336.549778,1391
379425347.657613,11851
379425359.661524,11580
379425368.985086,2849
379425379.427297,3002
379425395.706801,13055
379425409.197789,5436
379425420.661851,12984
379425434.610992,13002
379425453.181059,5056
379425464.642351,241
379425474.849174,1476
379425485.441071,1489
379425491.342776,1626
379425501.726502,6417
379425517.970946,13084
379425526.675113,4580
379425539.977752,13219
379425556.245298,11963
379425567.980122,13192
379425574.130986,3959
379425596.697332,13243
379425606.117498,569
379425621.558453,13197
379425628.277795,13265
379425640.051412,7524
379425651.979759,2157
379425661.339955,1419
379425674.066916,269
379425675.735292,1438
379425684.489594,13361
379425695.757785,714
379425711.966379,9731
379425719.525166,3661
379425736.50283,13755
379425750.902345,13603
379425764.086025,2805
379425776.667772,13732
379425788.327846,5073
379425797.039474,13421
379425811.692105,100
379425827.312841,372
379425836.82247,12168
379425849.828931,136
379425863.103305,1497
379425877.868336,336
379425884.256712,11062
379425896.612289,13596
379425913.655109,1493
379425928.222027,13679
379425940.366665,13564
379425949.116778,3908
379425963.224459,8446
379425976.490969,4116
379425985.864166,11314
379425989.627867,7786
379425994.364564,111
379426001.8825,170
379426011.393588,5439
379426023.002471,11109
379426034.475556,3035
379426058.445644,13684
379426076.027934,10650
379426080.392459,13626
379426089.636182,12868
379426098.81671,1471
379426121.112601,102
379426127.93218,6646
379426144.14126,290
379426154.299976,7622
379426162.751929,13594
379426174.81371,379
379426185.611396,6426
379426196.247687,13498
379426204.346731,10543
379426212.253424,13456
379426227.334805,480
379426232.862046,7852
379426243.060046,156
379426257.75485,113
379426265.996207,7433
379426274.615832,13387
379426280.564041,13333
379426296.693412,9721
379426312.24232,3077
379426321.364211,13358
379426334.537364,13332
379426346.197378,104
379426355.920952,13874
379426372.364869,13253
379426386.310374,211
379426401.466244,299
379426415.472175,13153
379426430.893313,7762
379426439.528315,663
379426456.786785,6889
379426462.046504,149
379426471.55939,13097
379426487.467383,13100
379426503.524058,1502
379426513.217647,3420
379426535.312835,13045
379426543.649235,10733
379426567.696893,13025
379426581.802961,13232
379426595.625145,1444
379426607.114381,971
379426627.250534,12918
379426642.126276,12872
379426651.143572,658
379426663.838165,12977
379426682.26249,12896
379426696.217647,1842
379426711.496047,2104
379426732.096666,12945
379426742.469345,2867
379426754.012466,6863
379426766.958745,12982
379426783.918478,2979
379426799.396038,5114
379426806.109834,5035
379426822.501815,13502
379426837.011334,13113
379426857.244482,5290
379426869.451304,13135
379426890.684898,1471
379426901.611521,101
379426922.514153,13180
379426931.426573,13233
379426940.184805,13255
379426959.071686,2498
379426969.502083,1412
379426981.340668,9640
379426998.016622,13213
379427007.511984,13290
379427014.504084,4259
379427025.258885,1519
379427034.564607,10005
379427046.949438,10909
379427054.24849,1529
379427060.525267,13379
379427068.925674,3544
379427083.304537,169
379427096.133166,815
379427104.552197,7269
379427119.899952,4170
379427139.138697,197
379427150.758203,13459
379427165.357902,13678
379427181.328729,2490
379427195.160806,13561
379427207.477443,8120
379427218.798988,13616
379427227.299679,11430
379427247.148415,3484
379427261.273588,13626
379427267.62933,13634
379427279.785614,1491
379427295.158473,7677
379427308.862192,13848
379427331.479059,4060
379427345.077425,13691
379427359.713649,13708
379427371.387713,13810
379427397.196748,1459
379427407.276451,13454
379427417.597131,9785
379427444.109484,1494
379427461.859993,9460
379427478.812405,13653
379427485.570187,13535
379427506.075903,4826
379427522.015214,3270
379427537.609476,3430
379427550.466449,13515
379427564.550688,2847
379427578.659694,13428
379427591.638962,13487
379427608.694734,13396
379427616.995853,449
379427637.229258,13334
379427645.650077,599
379427658.951723,13254
379427675.877131,13309
379427688.898634,1532
379427695.409982,217
379427712.58579,1653
379427723.069572,13234
379427731.276589,1537
379427745.443974,5231
379427757.041696,6698
379427772.917401,2324
379427788.74399,6964
379427795.614244,1721
379427810.65735,9866
379427819.712846,13048
379427842.199849,10638
379427851.662542,12991
379427856.408623,3587
379427866.771336,3844
379427886.832024,3793
379427899.119371,1283
379427916.815529,244
379427922.381689,12959
379427932.51192,5938
379427943.301182,5686
379427964.237325,12003
379427978.063497,1053
379427992.005486,12920
379428007.41931,11446
379428022.176688,10557
379428034.56788,150
379428056.903014,623
379428064.600934,12944
379428079.508734,7742
379428088.451747,4654
379428099.888796,12999
379428107.550519,11608
379428124.236367,10520
379428142.82631,752
379428154.418396,13157
379428170.404208,6317
379428175.606406,6718
379428178.931299,13120
379428193.816272,1501
379428206.795185,2928
379428221.917898,7943
379428234.637934,13206
379428253.075037,3375
379428267.19462,4111
379428277.777244,13189
379428287.494467,13325
379428297.154572,4775
379428305.110822,13198
379428308.801906,13304
379428318.453382,13272
379428326.773367,6281
379428339.150606,1424
379428350.448278,746
379428361.010803,4321
379428376.299738,117
379428391.619579,1449
379428396.930535,3923
379428420.075233,121
379428430.96801,13486
379428452.025869,221
379428460.409025,213
379428473.736805,1509
379428490.187469,13551
379428504.790602,1494
379428514.442774,1517
379428532.636454,13611
379428559.877633,2785
379428569.664505,7901
379428579.026713,4674
379428586.506601,2432
379428595.433966,13798
379428610.536681,300
379428630.269682,9362
379428641.223833,13704
379428653.709619,13673
379428667.232423,1330
379428680.742357,1881
379428699.031469,1478
379428713.885584,7290
379428732.827927,13562
379428744.130375,323
379428765.47955,5595
379428785.532185,13493
379428794.805779,3902
379428806.140242,13589
379428817.71067,12393
379428827.557672,13436
379428845.741476,13535
379428857.137208,616
379428866.484388,10570
379428881.093225,8042
379428895.205431,11213
379428907.232556,5732
379428920.968324,13384
379428931.311623,7865
379428946.67402,13481
379428955.604198,13536
379428971.747126,5494
379428989.33096,9206
379429004.803133,1720
379429016.146999,13265
379429036.447737,2364
379429051.163295,13231
379429061.541925,13409
379429074.343901,13601
379429087.651967,13143
379429100.64084,13617
379429114.116752,4635
379429124.444019,113
379429139.001825,13061
379429159.532498,4902
379429168.707085,989
379429184.1716,12952
379429193.1389,13089
379429206.31028,13024
379429215.248647,1474
379429225.043066,13087
379429236.708021,12955
379429244.854571,12965
379429253.173446,13017
379429269.322322,12893
379429283.236615,12980
379429289.225126,12846
379429300.279043,449
379429313.416584,1212
379429321.720061,7194
379429327.960012,12895
379429338.818455,12841
379429354.213528,1824
379429370.799949,13545
379429374.684734,13360
379429383.613554,1484
379429393.007582,9760
379429398.676904,13016
379429408.469554,13326
379429428.215226,3343
379429430.526121,154
379429446.608379,13449
379429452.775732,5839
379429460.489286,13721
379429473.460135,13088
379429491.971574,13066
379429509.525509,13115
379429518.051127,13361
379429530.048932,6393
379429545.072978,1440
379429557.019791,1495
379429568.509276,1435
379429583.860652,13231
379429602.274679,11804
379429614.17989,13288
379429631.317874,13323
379429649.376931,13584
379429657.798498,2309
379429667.991909,6072
379429682.616783,13369
379429695.011025,13281
379429709.209292,8854
379429718.256655,1042
379429737.044873,165
379429745.601614,1466
379429759.422669,193
379429765.261539,1605
379429782.410205,13523
379429789.232082,371
379429812.315191,3371
379429823.076015,11599
379429828.684057,9227
379429833.636276,13601
379429843.333825,6597
379429848.723392,13623
379429867.030694,13549
379429882.864239,864
379429894.556057,5005
379429910.314113,2956
379429919.974912,13711
379429933.207737,13730
379429950.603226,7525
379429969.862557,13796
379429984.529088,13704
379429993.859557,5198
379430012.624475,4581
379430023.6482,6330
379430042.952132,4475
379430051.270724,7541
379430070.825597,13566
379430079.277376,1483
379430100.190192,12736
379430110.237365,13732
379430125.165362,119
379430136.784036,13552
379430152.973867,13532
379430173.374441,1457
379430194.813617,13470
379430214.781613,6386
379430233.782837,94
379430253.001026,13377
379430263.906643,10163
379430280.012708,872
379430293.551935,2402
379430302.405345,1363
379430318.219621,129
379430341.021564,12596
379430346.014825,13192
379430369.99965,13417
379430377.45138,888
379430384.394537,1484
379430397.057373,5020
379430405.262311,5464
379430413.426648,979
379430422.082758,10290
379430428.329897,13177
379430434.874981,13123
379430443.546139,507
379430448.347767,13302
379430462.138266,13134
379430472.925876,5779
379430481.550145,7781
379430495.057195,9526
379430503.539418,13052
379430517.180033,2061
379430527.05943,13015
379430532.416678,1664
379430544.008536,13034
379430561.389607,2662
379430573.786268,13846
379430590.611236,1566
379430594.692402,5027
379430612.280969,3409
379430625.81759,847
379430635.402053,13410
379430650.165498,12923
379430666.483432,160
379430667.909891,12881
379430687.033288,12897
379430701.856507,6932
379430713.497526,609
379430725.57692,4945
379430737.209772,274
379430748.221921,12969
379430770.593117,135
379430786.22553,13039
379430804.18195,13211
379430832.666102,13108
379430853.451753,454
379430873.973696,5117
379430882.927889,13158
379430895.110397,10120
379430904.057277,4958
379430913.649367,8585
379430922.304504,3485
379430935.544247,4993
379430951.331558,13280
379430970.536618,9696
379430982.111951,3679
379430992.109417,122
379431009.527558,7246
379431024.24606,7567
379431035.847374,1237
379431056.69565,2126
379431069.311361,10637
379431083.1446,392
379431098.176282,1735
379431109.662792,9517
379431127.587264,13685
379431145.951829,5730
379431156.215445,999
379431180.55542,5019
379431195.188563,1040
379431206.879886,13605
379431215.044381,13744
379431241.119294,13679
379431250.502597,358
379431262.914537,13732
379431282.899731,13722
379431289.830597,13694
379431301.373819,1058
379431308.889508,10599
379431329.977759,10313
379431343.757992,7065
379431353.575196,4931
379431373.430743,13724
379431381.660626,5856
379431391.272227,1760
379431399.954669,175
379431416.01032,12786
379431428.694075,6447
379431445.499801,13559
379431459.679788,13498
379431472.383104,198
379431480.744646,13766
379431491.33429,9542
379431497.63287,13522
379431507.111801,733
379431519.200364,733
379431528.165559,13514
379431541.289533,13437
379431555.778856,12075
379431566.385777,8014
379431574.461526,3896
379431588.817549,13339
379431599.899407,3767
379431606.007567,13415
379431615.134125,426
379431630.721718,113
379431636.670243,13306
379431648.032705,2420
379431661.378887,1561
379431672.353401,11612
379431677.828106,1702
379431688.836664,13269
379431700.534391,1209
379431708.302113,12321
379431718.027396,9811
379431736.587404,1435
379431755.91031,8226
379431768.522243,4655
379431779.704967,13150
379431793.03889,604
379431810.78788,5303
379431819.72796,5489
379431829.074691,13030
379431850.325259,11509
379431858.241795,2298
379431869.349676,13601
379431892.743345,13042
379431913.065838,187
379431920.906783,12997
379431937.86652,4256
379431946.084726,12957
379431952.304207,12949
379431963.446557,4400
379431980.402057,2779
379431988.295692,12915
379432004.625344,1646
379432011.06173,13052
379432021.693054,12914
379432033.84476,12919
379432049.934374,6130
379432071.147317,8086
379432071.373058,10819
379432077.275748,1517
379432092.782272,13005
379432105.532323,9745
379432116.722679,5923
379432129.637713,4161
379432138.010535,13070
379432143.707443,13138
379432163.077666,13109
379432170.650112,13568
379432188.421415,5839
379432201.120631,256
379432213.493566,13102
379432223.992815,4759
379432239.272323,13182
379432251.134487,3825
379432263.46236,12026
379432282.91297,11459
379432292.68615,1256
379432307.505401,151
379432324.781916,346
379432331.681463,99
379432341.885477,13332
379432355.648666,2658
379432376.519627,11026
379432395.278758,6509
379432413.917539,13477
379432424.742057,13522
379432445.882323,1368
379432463.255919,10048
379432479.906057,12475
379432494.376706,13823
379432508.550649,9221
379432518.841076,13570
379432531.798982,1538
379432539.374751,13657
379432558.605365,306
379432568.029121,13658
379432588.121092,13687
379432594.14091,7146
379432623.084001,1421
379432633.288569,13778
379432648.050364,13754
379432668.674589,11301
379432683.477151,13604
379432693.582267,13722
379432706.551242,9082
379432720.195702,13749
379432734.756046,13534
379432746.426153,4726
379432753.376891,13597
379432767.567082,13560
379432784.093091,13641
379432798.638188,9560
379432810.038729,13571
379432823.750118,2441
379432836.648929,13463
379432840.98873,5875
379432851.773746,13459
379432867.876642,13381
379432874.657831,13423
379432886.854613,13690
379432899.311012,1436
379432906.167863,6453
379432916.093271,4157
379432924.122012,13386
379432933.696471,13381
379432939.524592,2540
379432942.562072,3271
379432947.917024,10305
379432955.489797,4365
379432963.854608,13308
379432972.345659,102
379432980.30472,193
379432991.078206,514
379433001.852409,114
379433018.652627,12127
379433035.149832,8263
379433052.593608,13162
379433066.133291,9839
379433075.833965,2809
379433094.937791,13135
379433113.115113,329
379433123.368987,5376
379433134.219497,13039
379433150.869761,13088
379433164.68771,13038
379433174.554729,4956
379433193.435518,12916
379433204.000686,172
379433211.214356,104
379433219.291057,11025
379433227.170083,3171
379433239.108862,9172
379433259.805317,9020
379433267.528446,12479
379433275.224329,11733
379433289.524841,12941
379433293.851061,12923
379433305.334459,12843
379433313.630816,12915
379433325.959144,12882
379433343.367113,12069
379433362.779611,1171
379433371.149701,12582
379433379.71731,1775
379433390.097445,13010
379433403.514431,13004
379433420.534663,620
379433440.295771,9749
379433455.847041,3159
379433460.432348,4131
379433462.592458,1967
379433471.124201,592
379433478.875014,182
379433499.199059,12606
379433517.734015,1444
379433538.761366,13121
379433553.45782,1260
379433577.605464,13213
379433586.059064,13240
379433598.140725,13351
379433614.639566,222
379433621.560772,13270
379433638.355796,3923
379433648.905562,13287
379433659.498142,13370
379433680.841552,13371
379433688.269722,835
379433698.38927,6102
379433710.208559,11967
379433726.767312,10600
379433737.245755,204
379433748.470116,1758
379433757.298585,2899
379433766.196862,1489
379433784.726426,13491
379433792.171039,13506
379433807.204904,13500
379433812.452123,13678
379433821.644181,1651
379433839.363654,11566
379433855.547332,13608
379433869.393157,1551
379433875.337135,13608
379433888.964525,236
379433907.659303,13590
379433929.915539,5512
379433947.283253,13701
379433966.161547,127
379433981.247168,4426
379433997.30841,2226
379434015.932645,1541
379434028.613339,5050
379434045.603983,3038
379434054.490488,1028
379434065.802516,4888
379434083.032203,12526
379434088.986504,13589
379434095.051094,240
379434114.803453,111
379434125.984952,3293
379434141.278251,8414
379434165.086978,10200
379434182.399239,709
379434195.132008,13886
379434204.049533,1401
379434221.323259,13393
379434244.048274,13382
379434260.430661,13297
379434276.598055,1126
379434287.375578,8151
379434307.787566,13331
379434317.283035,10228
379434332.986226,8099
379434343.63025,13242
379434357.728581,13507
379434369.138151,13221
379434379.780545,1464
379434400.88385,9801
379434413.965108,1659
379434430.577027,10349
379434445.323066,6594
379434457.217131,9724
379434467.694792,1662
379434477.14804,8433
379434489.765154,12544
379434502.114947,9022
379434512.776924,13037
379434523.03542,13648
379434535.549723,340
379434552.707039,12890
379434562.351631,12979
379434582.609986,6496
379434592.487028,13066
379434594.049537,13796
379434611.622319,260
379434620.517654,2159
379434635.427471,12899
379434653.646063,7349
379434669.151233,12330
379434685.633476,5365
379434693.639647,12985
379434700.590781,586
379434711.946,1505
379434712.54616,10348
379434727.927025,13138
379434743.382929,6592
379434757.147778,2118
379434769.000763,12992
379434776.012262,13065
379434789.853322,3614
379434794.696232,13138
379434810.648227,9318
379434825.120669,210
379434843.998903,13135
379434857.722774,13234
379434866.993115,13226
379434882.511645,348
379434898.060093,13214
379434903.885292,13363
379434909.88949,263
379434921.536249,11025
379434933.89253,12537
379434939.693536,13249
379434943.824741,1269
379434955.322094,10885
379434963.23217,9674
379434976.906032,13613
379434994.698256,2872
379435009.288313,13171
379435028.937213,13335
379435049.963378,1035
379435059.302365,8450
379435077.578338,504
379435086.037797,4378
379435101.412048,10189
379435121.264016,13543
379435141.684311,13689
379435152.193312,10584
379435172.894424,5174
379435190.561566,1341
379435204.499335,7719
379435222.689584,4959
379435233.295318,1567
379435242.50479,568
379435246.012295,705
379435258.995505,5739
379435268.279458,13704
379435278.152084,2737
379435283.244897,2702
379435296.178771,9000
379435307.743195,169
379435317.552049,1704
379435334.868063,13707
379435348.621518,13655
379435357.673757,6532
379435371.213436,13647
379435389.166479,10760
379435404.060902,6052
379435419.365929,5969
379435425.35678,2131
379435438.300227,6762
379435453.669518,232
379435468.466715,13622
379435488.177181,13517
379435506.130271,1380
379435522.414337,6032
379435534.107195,13334
379435556.364437,275
379435566.15167,1470
379435578.562066,6930
379435589.971105,13319
379435605.820578,8388
379435618.913312,13328
379435636.953631,13320
379435653.714664,172
379435664.658692,3034
379435681.338822,4754
379435694.22651,10919
379435711.923225,13144
379435733.649788,13147
379435737.140961,13284
379435753.55194,13512
379435758.606352,4757
379435777.584287,175
379435786.754996,13035
379435815.386435,12993
379435834.187135,13441
379435860.54276,6196
379435878.639434,2947
379435897.236999,13634
379435912.186913,309
379435933.986186,12866
379435943.466803,10297
379435957.442948,1526
379435968.890914,8170
379435980.748777,13341
379435991.529568,12894
379436002.914444,12899
379436021.940404,8297
379436039.506286,13000
379436048.626593,12675
379436057.753166,12547
379436083.970663,13091
379436093.462034,210
379436107.550016,12698
379436128.113394,13098
379436139.284932,13094
379436146.487195,1453
379436165.849314,10821
379436177.514199,943
379436194.656199,5421
379436217.457099,3465
379436235.615675,13193
379436247.682891,13814
379436263.568796,10175
379436267.550092,13256
379436284.714102,13298
379436294.965461,13287
379436305.276193,13334
379436331.584782,13391
379436348.427273,9108
379436364.896808,13335
379436383.543135,179
379436394.365822,324
379436405.074801,1407
379436422.31618,7618
379436436.36171,5821
379436450.472212,1728
379436461.620725,7758
379436471.767201,13511
379436480.181946,2769
379436490.763111,646
379436495.114153,11444
379436504.4225,165
379436523.699342,1499
379436530.665207,13672
379436546.581852,13687
379436562.260549,13672
379436572.955799,9820
379436586.80208,1466
379436607.466546,5520
379436627.647373,11017
379436647.250511,548
379436662.83205,12605
379436681.02122,6968
379436695.092417,324
379436704.496219,13603
379436714.449822,13578
379436726.725494,1479
379436741.462403,1993
379436756.613294,1097
379436771.303331,395
379436780.999395,13458
379436788.996694,5213
379436809.766612,6699
379436824.12472,13728
379436842.293237,13494
379436856.577068,8608
379436870.646434,13358
379436881.634866,11202
379436896.803987,13350
379436911.220922,13346
379436926.560607,2065
379436936.563423,714
379436949.553423,4025
379436963.180152,13320
379436974.202903,252
379436986.646638,699
379437004.370752,13196
379437016.684288,138
379437031.619089,13172
379437039.606274,7970
379437058.105413,13165
379437070.353684,13137
379437098.885661,8260
379437106.830981,461
379437123.481623,1514
379437138.361903,13092
379437154.058424,239
379437170.086416,760
379437182.163346,12917
379437190.876779,13037
379437202.539333,13209
379437215.683909,5078
379437221.958323,2278
379437231.170216,1318
379437253.654107,11516
379437264.732422,12919
379437283.706815,12892
379437305.065892,11282
379437320.927648,1524
379437336.211791,12959
379437349.673922,265
379437370.567959,4750
379437385.28008,13436
379437398.178545,4888
379437410.901143,12971
379437410.027178,4521
379437420.145054,12848
379437437.132901,13110
379437448.671884,13064
379437458.59396,495
379437476.713966,7173
379437484.035237,7885
379437493.787106,13200
379437507.369163,13159
379437517.616389,1066
379437524.35979,13430
379437531.856911,414
379437545.930468,13272
379437549.057615,13291
379437565.360035,4477
379437576.539096,13336
379437590.55562,1039
379437596.818975,144
379437614.010394,8820
379437627.413655,953
379437641.866246,2426
379437651.750602,7426
379437655.540608,2089
379437664.04786,13515
379437677.748417,13491
379437684.85108,3528
379437700.85978,1496
379437713.67661,2810
379437721.245877,13440
379437732.470115,13476
379437739.64196,13488
379437750.728135,1674
379437768.876276,7677
379437783.584209,111
379437793.102524,2544
379437805.959942,738
379437813.024565,5998
379437821.505801,1692
379437839.71941,9268
379437845.980523,13589
379437859.309118,6932
379437866.563851,13683
379437878.54126,7064
379437894.238139,13640
379437903.440244,13643
379437911.679395,13691
379437930.066996,13686
379437940.260012,669
379437947.802465,1500
379437969.278061,13711
379437975.834984,9680
379437987.895829,7223
379437999.066353,13686
379438020.915482,4076
379438029.448929,7523
379438042.566083,10282
379438062.995859,1434
379438083.755036,1449
379438091.892934,562
379438107.098328,1348
379438118.669181,140
379438133.711668,13503
379438141.01866,9788
379438150.340183,11527
379438162.989908,8355
379438176.68848,1525
379438194.869069,13433
379438199.870982,3421
379438215.081928,3219
379438229.336558,797
379438237.952295,13310
379438243.921702,2740
379438254.823785,3478
379438267.949689,13294
379438286.399617,3200
379438290.712824,13335
379438302.215782,2661
379438309.654568,431
379438320.621293,13212
379438331.065808,196
379438339.594134,9752
379438350.445508,7602
379438364.456836,1450
379438380.764741,13280
379438391.763312,10200
379438406.861148,7896
379438414.891836,13151
379438424.13595,8833
379438433.357596,162
379438450.868113,118
379438456.518774,12287
379438466.161637,434
379438473.389697,13016
379438486.914039,2552
379438496.123711,5106
379438503.53972,6454
379438517.268068,12990
379438528.76686,156
379438541.133777,13023
379438551.520315,10238
379438563.783791,12927
379438576.774742,12966
379438586.705305,12874
379438594.243718,10433
379438605.952612,6420
379438615.826859,12860
379438626.202538,12835
379438636.791015,1818
379438647.442682,13373
379438665.936605,263
379438676.091865,6458
379438687.965798,2260
379438697.134991,118
379438710.301018,10546
379438715.390895,112
379438724.461279,9502
379438736.519284,136
379438754.564099,13074
379438765.454001,3800
379438776.785413,13128
379438786.106214,2045
379438805.281539,10918
379438818.13798,1507
379438837.477025,13182
379438845.916021,13161
379438852.376426,7667
379438870.178879,10214
379438884.247694,11302
379438896.54883,1495
379438915.849727,348
379438929.519611,10426
379438936.734092,7695
379438949.467603,4454
379438965.620411,13341
379438974.801483,13343
379438992.740029,13416
379439005.113159,13057
379439028.496446,5345
379439045.443591,13395
379439061.101777,5535
379439073.038525,8252
379439084.741156,13463
379439101.380438,13451
379439118.429314,5350
379439124.831624,9808
379439138.301039,4282
379439157.702957,11634
379439167.277697,6927
379439189.240787,5831
379439207.919266,871
379439217.395442,13728
379439228.122242,13692
379439236.697442,7401
379439245.209363,13664
379439259.895056,1509
379439271.502961,8153
379439284.108572,5213
379439298.682436,1584
379439304.997853,13712
379439317.465504,13681
379439334.851004,5555
379439348.284382,3112
379439362.913098,474
379439369.940362,13839
379439378.760312,4009
379439387.961815,142
379439410.175342,13501
379439419.659414,263
379439426.516675,5077
379439437.635578,1138
379439448.39054,996
379439464.555302,1268
379439479.435897,13421
379439495.550198,7725
379439503.570542,850
379439512.677789,199
379439528.558409,10928
379439549.275856,13336
379439566.38082,1486
379439577.112373,12294
379439589.248767,9344
379439594.705962,671
379439603.089569,13251
379439612.123588,13281
379439625.57046,8029
379439629.804316,738
379439644.079184,6979
379439654.529184,11455
379439660.125632,13462
379439671.236749,3917
379439679.226315,9348
379439696.283778,5059
379439702.468189,9478
379439710.351731,3086
379439721.513766,2040
379439742.809468,3096
379439751.348377,967
379439766.117754,1447
379439777.18062,13127
379439790.213454,206
379439799.183967,13022
379439812.479193,7586
379439825.179949,13286
379439836.467398,12898
379439847.721367,381
379439860.403119,170
379439870.180028,6631
379439884.253448,1631
379439902.255782,2599
379439919.105821,1471
379439937.840332,12824
379439954.997366,7892
379439961.825816,12922
379439976.584362,12909
379439993.247577,3775
379440001.581882,11157
379440010.437214,7870
379440024.499708,7749
379440037.212449,12956
379440048.575534,13414
379440062.881687,2898
379440074.747901,966
379440086.713005,975
379440100.412059,2303
379440118.928251,13137
379440128.964536,13174
379440145.153798,171
379440163.532977,9028
379440177.017731,13194
379440190.306807,13253
379440198.461745,155
379440218.573964,6858
379440229.729189,13283
379440239.390357,13259
379440246.089991,13253
379440260.272427,13202
379440275.85295,3308
379440296.2195,6704
379440319.665277,2500
379440333.092827,140
379440339.968973,3593
379440352.99729,5288
379440362.701654,13471
379440376.77003,12354
379440402.426083,2161
379440413.025345,9525
379440426.22883,13497
379440431.737714,13539
379440447.223251,684
379440460.763808,13673
379440476.690387,8145
379440496.623692,13621
379440506.997833,120
379440522.101283,1082
379440533.293654,13669
379440545.6209,1403
379440558.59584,13731
379440571.949943,13738
379440596.203992,9539
379440615.279969,1710
379440627.346698,442
379440636.469006,13629
379440641.378959,7200
379440653.49834,2715
379440661.852471,9260
379440672.174949,13841
379440689.181958,11418
379440700.768444,8342
379440709.357675,1511
379440716.795838,13816
379440729.072747,9921
379440741.900307,773
379440759.455867,13544
379440768.188147,13729
379440776.378652,127
379440800.54893,13537
379440812.415281,4509
379440825.116755,10330
379440839.898052,13532
379440848.184058,2310
379440861.95339,13395
379440871.256077,13386
379440876.53648,1719
379440883.272664,3147
379440894.566016,97
379440905.133157,12663
379440913.74007,13222
379440925.434584,2387
379440937.733732,5015
379440946.172317,161
379440951.358397,855
379440961.699958,13500
379440971.316248,4332
379440979.422897,1257
379440988.382299,7625
379441001.496508,13250
379441014.721631,2741
379441029.779296,3112
379441035.792743,135
379441041.867497,13167
379441062.540386,13129
379441075.262621,4652
379441082.167381,13150
379441094.375089,7576
379441110.876012,103
379441116.74529,1101
379441128.003737,5138
379441141.944758,13030
379441142.725277,12568
379441153.754,6536
379441164.065274,748
379441178.002382,3619
379441188.497351,4734
379441191.146097,12940
379441204.341675,6559
379441221.746133,989
379441234.126994,12889
379441247.431492,1080
379441261.72692,9886
379441270.543871,175
379441280.64142,12869
379441296.716991,1500
379441307.816404,13579
379441319.995174,13741
379441329.824656,10796
379441348.687985,1810
379441360.50326,12937
379441369.758446,1144
379441386.391498,9861
379441392.890957,102
379441411.148323,349
379441431.472267,2323
379441437.3897,10182
379441454.510473,8394
379441471.277339,13258
379441482.579621,13886
379441490.854981,3462
379441497.062327,6683
379441510.860575,13170
379441511.664346,1735
379441527.14252,5461
379441541.738635,441
379441560.740622,11530
379441572.011637,11724
379441580.625924,1330
379441595.277083,564
379441610.409458,5782
379441622.874331,239
379441634.244255,7876
379441649.174764,13565
379441660.491902,5408
379441673.708132,3803
379441688.66404,13683
379441697.547235,1266
379441712.610314,1068
379441730.924128,5332
379441747.531784,1266
379441755.483118,13561
379441768.919299,94
379441783.165837,13531
379441801.920836,1275
379441813.334229,10626
379441823.676787,13678
379441838.260394,1262
379441861.554633,97
379441867.069679,13831
379441876.672883,13706
379441891.342207,13766
379441905.589942,8789
379441920.781619,13689
379441940.315156,13758
379441963.832228,1490
379441975.515095,8001
379441990.436997,13610
379442002.302463,248
379442015.543272,1918
379442026.832843,13250
379442045.956331,4989
379442057.699305,1591
379442069.584553,1690
379442083.291855,13531
379442089.867106,13897
379442100.881002,934
379442110.783641,1555
379442124.295871,13517
379442135.646397,10725
379442144.843044,13448
379442149.708515,521
379442156.69346,13417
379442167.620223,5246
379442187.716853,13393
379442196.704708,13443
379442213.051835,8268
379442221.873303,363
379442231.573233,475
379442238.662036,13299
379442248.009999,9951
379442267.038087,13336
379442273.402373,13717
379442284.595855,4903
379442300.324006,2139
379442312.711583,117
379442328.687372,13221
379442343.92246,13171
379442351.208072,5178
379442359.212333,322
379442375.358975,10589
379442385.684723,4235
379442396.952185,13025
379442405.02557,13198
379442413.307847,13078
379442423.065337,108
379442439.095995,3491
379442453.459036,199
379442468.593458,5787
379442482.532257,13004
379442500.481669,2349
379442508.659607,1439
379442523.552759,12937
379442532.326185,10043
379442543.414822,12225
379442555.056611,3432
379442577.366896,2670
379442590.060787,666
379442603.294787,8192
379442616.223222,1596
379442636.128774,5648
379442658.410699,1498
379442676.177362,13555
379442689.29402,7905
379442697.827183,1542
379442708.432984,13040
379442724.945882,13050
379442743.756503,109
379442762.304614,7962
379442782.946627,13155
379442796.47344,148
379442813.009632,407
379442827.355865,13163
379442835.886052,5508
379442847.742305,13208
379442858.174654,13207
379442869.103254,550
379442886.01872,13251
379442907.641708,12253
379442924.099991,6020
379442935.296949,133
379442946.325152,6300
379442960.738394,2995
379442970.05133,10099
379442980.304849,13322
379442986.335555,8944
379442998.618024,867
379443003.666553,13471
379443014.428921,9420
379443020.021399,9702
379443033.926417,13475
379443048.297114,9713
379443063.593828,13618
379443069.382554,1491
379443076.830172,11549
379443090.579425,4674
379443099.144701,1415
379443111.484716,2484
379443119.022727,11054
379443139.869286,13612
379443156.098724,2584
379443175.163593,563
379443185.098934,13670
379443194.919338,13655
379443197.049547,989
379443212.147344,2970
379443233.452582,730
379443248.538429,12494
379443256.216938,13778
379443270.28204,1853
379443279.042755,1624
379443287.140098,5628
379443295.985565,2832
379443308.235799,13712
379443322.186305,13045
379443333.587033,13650
379443346.501967,13871
379443361.281208,11471
379443368.563138,5276
379443384.247295,1595
379443391.347219,3594
379443404.609425,11905
379443422.027613,9645
379443432.854743,12805
379443449.523398,5530
379443466.169719,1522
379443488.027227,11829
379443504.836253,6726
379443517.081034,13561
379443521.637504,1518
379443536.032174,3967
379443543.886275,9082
379443548.994359,13417
379443567.633446,1679
379443571.89119,13270
379443585.566694,803
379443595.279449,11774
379443610.506745,524
379443624.019333,13205
379443636.69245,13485
379443646.206172,13199
379443658.7362,9575
379443679.61013,6851
379443692.9789,13228
379443706.568594,13326
379443715.400152,13146
379443729.737539,619
379443749.918251,138
379443764.260006,13071
379443775.860455,9986
379443780.108382,5650
379443796.543587,2877
379443806.882994,13037
379443822.352659,12982
379443830.845828,124
379443840.479982,150
379443854.460852,12948
379443871.663286,12936
379443881.907483,934
379443892.464273,12911
379443902.003642,629
379443918.577752,12907
379443931.021273,4769
379443937.849381,241
379443951.640902,4411
379443958.188089,1797
379443968.846067,107
379443978.992695,6528
379443993.280845,12964
379444007.179921,2074
379444020.596936,13047
379444029.03484,9774
379444044.179542,2815
379444060.720575,13041
379444068.861769,13346
379444078.579798,13330
379444094.836225,13064
379444107.662421,126
379444123.297301,10817
379444133.30884,1525
379444143.315858,13131
379444164.850465,4751
379444185.310801,11354
379444199.382492,13266
379444210.829736,2253
379444224.077255,1710
379444232.611075,6086
379444245.360878,163
379444259.577427,6896
379444271.941705,1507
379444280.430705,13295
379444292.8461,7151
379444304.530447,248
379444312.589554,1542
379444327.222138,4417
379444337.682167,3436
379444352.354883,5432
379444373.934078,154
379444382.994918,13477
379444394.920151,9764
379444405.853682,1434
379444419.318912,10884
379444433.021298,1126
379444442.740798,13626
379444461.912582,1510
379444469.503747,8728
379444483.966659,13614
379444496.587564,639
379444505.475108,13577
379444517.697247,279
379444547.028169,7481
379444560.829809,1209
379444574.6213,9072
379444591.350655,4369
379444604.454464,900
379444614.519597,3205
379444626.202259,3374
379444634.619304,911
379444647.468194,13773
379444657.476038,6722
379444666.28096,1442
379444686.304539,1169
379444701.688737,872
379444725.484465,11060
379444745.711212,1222
379444760.668551,13515
379444776.225893,216
379444783.559775,5284
379444793.767019,10094
379444808.311558,13456
379444824.373339,2300
379444844.968646,4219
379444862.52706,2056
379444877.246793,11549
379444898.903417,216
379444908.857835,357
379444917.55285,13187
379444931.967523,3811
379444942.543901,9740
379444952.422548,13169
379444964.580716,12477
379444979.244926,13230
379444992.761894,13195
379444998.000464,13206
379445007.247314,13072
379445016.983516,3405
379445030.672459,13133
379445047.050788,349
379445071.436229,13098
379445080.248882,11424
379445084.014023,13778
379445101.191537,3625
379445106.785248,3657
379445120.789808,6905
379445135.035328,1742
379445158.617943,169
379445180.138541,12973
379445200.411591,143
379445213.0351,1584
379445217.165576,13014
379445224.545803,12918
379445246.725786,1499
379445260.501201,13341
379445274.39258,12921
379445285.188191,9632
379445295.86557,13841
379445315.258732,5878
379445323.456779,12942
379445339.60969,12956
379445343.951594,1448
379445352.549204,11315
379445364.974184,3172
379445375.048734,94
379445387.705726,2703
379445398.060029,13087
379445407.407426,7615
379445419.311244,13138
379445431.613764,13096
379445439.042277,5649
379445459.012037,13196
379445469.34912,3090
379445484.737636,13346
379445490.388055,2563
379445506.692454,4343
379445515.80699,250
379445529.198822,1099
379445542.278217,13433
379445559.104449,13316
379445571.869575,3235
379445587.106556,13351
379445606.417415,13350
379445616.72384,13587
379445627.669209,313
379445634.399864,1471
379445645.654995,139
379445668.53908,13452
379445687.713323,3396
379445695.944811,13514
379445709.59716,7059
379445723.108736,1440
379445734.486744,12694
379445746.251348,129
379445755.331188,310
379445770.891433,13555
379445777.37825,13573
379445792.79677,13591
379445804.247268,2741
379445812.138389,12353
379445830.248852,13679
379445843.761555,533
379445868.4221,3251
379445875.580407,12968
379445897.382856,2789
379445918.346232,2170
379445925.889036,13677
379445942.295746,6430
379445959.501904,13636
379445975.317202,2230
379445978.577296,13442
379445993.47662,1443
379446008.27454,7083
379446012.4725,13613
379446024.984131,1467
379446033.965075,1966
379446048.094089,13727
379446056.752525,506
379446070.811226,13527
379446080.694971,170
379446092.850451,13479
379446107.682814,690
379446120.493775,1005
379446131.00464,10510
379446141.036949,13437
379446145.045704,6462
379446159.591991,1040
379446168.365468,6357
379446180.560495,397
379446191.516467,13335
379446208.886304,13395
379446218.917937,12882
379446233.955838,13359
379446248.851773,6106
379446263.277496,1039
379446284.868558,1435
379446293.906854,13203
379446305.951465,13149
379446316.241121,1477
379446335.955246,4753
379446348.129209,157
379446358.17084,118
379446371.698519,13160
379446381.909532,4001
379446396.144375,13115
379446405.578764,13128
379446414.910273,221
379446419.823928,13102
379446432.407724,113
379446441.746161,4607
379446456.057092,12956
379446480.683449,12718
379446495.373399,2544
379446517.03238,12920
379446529.267608,12971
379446542.299423,6457
379446554.218822,6997
379446566.307346,7070
379446586.436652,109
379446601.13006,9886
379446614.524978,12905
379446629.083514,11496
379446648.346591,13067
379446660.535941,13255
379446673.789793,12845
379446681.13414,12976
379446693.476427,1713
379446703.809872,13051
379446709.052337,12992
379446721.485658,9088
379446729.320131,11123
379446747.660105,13706
379446767.761218,9822
379446774.813626,13096
379446781.399822,3734
379446795.113222,169
379446815.683544,13132
379446832.939998,9458
379446844.95775,9034
379446866.101764,838
379446875.772453,13301
379446888.054389,191
379446905.925651,13331
379446926.281263,13535
379446939.572105,1859
379446950.339719,11634
379446959.894409,11610
379446968.071844,421
379446986.746989,13416
379447000.439273,13645
379447018.066575,13437
379447023.547612,127
379447035.363726,13456
379447044.168417,3406
379447057.930879,13459
379447071.703103,288
379447084.967214,7001
379447098.824307,12917
379447112.787001,13543
379447124.222606,3388
379447143.052562,8733
379447161.685493,5821
379447167.589361,1388
379447182.231879,307
379447193.338992,12937
379447202.60551,1740
379447216.282211,13703
379447231.757792,13798
379447249.899024,13691
379447257.840483,2134
379447268.122785,1518
379447292.846871,4723
379447306.53569,13640
379447323.93622,13640
379447335.372049,5780
379447345.442627,8422
379447352.100778,3271
379447367.422062,532
379447375.945898,1486
379447397.908465,11059
379447412.330068,13587
379447429.610406,1761
379447444.280379,13887
379447455.495386,13652
379447470.37371,9750
379447479.454951,13484
379447489.781962,1745
379447502.622207,12157
379447521.469646,7285
379447536.7979,13385
379447553.153424,13298
379447564.883746,7953
379447575.848662,8646
379447585.835743,9236
379447601.363472,1699
379447613.988668,10982
379447632.17221,6609
379447645.350165,3375
379447660.696424,1485
379447669.870345,3001
379447679.458998,13190
379447690.85253,13091
379447698.049871,1371
379447710.675928,281
379447732.712911,13055
379447746.683437,1804
379447764.365741,13051
379447779.295645,1265
379447791.827163,2042
379447817.540285,8242
379447828.291093,12950
379447839.585101,12792
379447863.115412,3842
379447868.912982,12934
379447879.888915,12930
379447886.687901,12826
379447900.906502,6440
379447909.492062,13842
379447917.492089,3835
379447930.65871,13825
379447943.711556,3324
379447955.871325,13124
379447975.466961,12983
379447997.077039,9714
379448008.95728,13153
379448019.84375,1484
379448033.221469,13318
379448045.771684,12899
379448055.008197,4303
379448069.793867,13078
379448085.215729,13151
379448099.558374,2291
379448117.488785,13156
379448130.229268,13519
379448141.901693,9764
379448157.990921,8338
379448172.451818,11265
379448185.597389,4982
379448198.935695,4450
379448209.845392,2556
379448241.731566,2409
379448256.536744,1500
379448279.129352,13386
379448291.899358,13430
379448299.243669,13377
379448310.852699,6049
379448331.354616,1492
379448337.256964,13733
379448346.30787,13484
379448364.202401,13488
379448372.217167,206
379448380.39914,13515
379448388.293626,13516
379448400.463896,13511
379448410.5211,13580
379448426.091198,9398
379448438.081348,6042
379448455.189042,13579
379448463.976965,228
379448484.697122,1958
379448488.330166,5333
379448506.403116,13619
379448518.059264,13852
379448535.099553,13666
379448550.70867,13795
379448557.68879,13702
379448572.936415,13627
379448582.212652,6142
379448592.174196,12691
379448606.580348,13865
379448619.791342,11144
379448635.98701,13601
379448653.104748,2363
379448663.263696,1510
379448673.846306,13077
379448681.928573,2779
379448691.852993,4576
379448705.962493,1479
379448715.914999,13497
379448736.136156,303
379448755.23966,12152
379448766.640125,2600
379448783.055658,13445
379448791.092182,13491
379448806.241029,103
379448817.228172,7520
379448829.755649,259
379448851.661763,7343
379448866.824967,11788
379448886.387078,1355
379448901.623636,13298
379448912.226371,108
379448926.201046,7751
379448931.83455,1165
379448938.089942,10133
379448951.661265,13201
379448958.547503,13205
379448970.864786,429
379448988.233596,5466
379449000.428515,264
379449014.14649,7556
379449034.180015,1746
379449046.178522,99
379449058.358629,11995
379449065.152307,13105
379449072.672335,923
379449085.101541,13060
379449103.477334,5949
379449113.392108,1258
379449126.377539,13022
379449140.613946,147
379449149.678137,11541
379449163.314917,11159
379449170.570552,6896
379449180.608438,12912
379449194.071034,1121
379449211.533915,12086
379449218.5855,2352
379449232.776454,1572
379449246.032349,4514
379449247.56956,605
379449260.119078,10099
379449266.794234,1683
379449276.743985,1764
379449282.234591,8708
379449289.080877,527
379449296.374986,8163
379449303.324676,2076
379449307.46911,13006
379449315.752564,355
379449327.293928,2905
379449333.005849,13075
379449342.470068,7119
379449355.393163,13037
379449359.901253,3238
379449371.092467,1353
379449379.955029,1430
379449387.219315,13069
379449399.569759,4127
379449410.952891,1452
379449425.270264,2952
379449436.037698,514
379449442.64263,111
379449448.052214,11353
379449452.922827,13176
379449466.601003,117
379449469.508539,4153
379449475.673438,13188
379449482.689465,1802
379449488.30654,13137
379449489.09509,1497
379449502.63991,13632
379449511.590404,6918
379449514.99051,8494
379449522.659612,13264
379449534.695438,5535
379449543.850466,2889
379449555.655699,391
379449565.048201,13375
379449574.659733,168
379449594.158233,13377
379449599.160076,4794
379449609.214172,278
379449621.408466,13403
379449632.204405,2995
379449651.883042,13426
379449672.380627,5673
379449694.930514,620
379449700.151254,161
379449715.571227,1471
379449732.701823,187
379449741.420755,13518
379449764.545027,13608
379449781.473665,3212
379449796.852226,1568
379449808.156117,5869
379449813.832392,13627
379449830.243188,10548
379449844.854179,6923
379449856.001978,12999
379449867.367149,13772
379449878.255646,924
379449897.659322,13663
379449906.569211,13741
379449919.520104,224
379449924.755739,326
379449938.103021,254
379449951.525554,1497
379449962.819936,1483
379449971.379288,2839
379449977.161529,123
379449989.987114,1806
379449994.901046,109
379449999.913149,5550
379450011.997313,1574
379450018.129625,6129
379450027.235736,13776
379450035.949599,3834
379450039.87998,13622
379450050.908947,332
379450061.755101,5335
379450069.714511,6952
379450078.980605,112
379450088.716363,2546
379450093.131526,125
379450106.059056,6069
379450112.663823,13444
379450124.368836,110
379450128.960694,13479
379450134.59288,13414
379450143.446254,1778
379450153.795736,337
379450156.743753,2084
379450162.826005,6767
379450176.821274,4949
379450186.980523,110
379450188.236235,3755
379450199.881327,285
379450205.722414,168
379450209.727751,730
379450214.336706,9358
379450220.496266,10680
379450224.593104,13560
379450233.475646,10348
379450243.701104,13181
379450244.804008,6475
379450250.42237,10905
379450261.671509,13240
379450272.063045,177
379450279.268631,1295
379450284.636099,13212
379450297.784815,3807
379450302.229772,13120
379450307.564391,13143
379450318.106234,13555
379450330.244137,13158
379450335.55852,3355
379450338.886064,9282
379450344.966798,13431
379450355.48927,13191
379450363.771782,8938
379450372.724477,1790
379450386.933614,1235
379450395.302482,244
379450403.165708,6335
379450410.606194,13458
379450414.068364,6213
379450424.109778,8123
379450430.660268,9617
379450436.208368,1593
379450446.312105,353
379450451.79027,12961
379450461.967482,13011
379450470.492517,3662
379450483.321947,8816
379450489.971335,2600
379450496.963517,4382
379450502.389812,4631
379450514.278443,3774
379450518.878961,3074
379450530.21385,11483
379450542.604369,1482
379450549.620337,5771
379450557.904283,13090
379450562.392173,99
379450570.942002,144
379450576.311364,12995
379450585.291424,148
379450593.923391,1453
379450599.298276,10383
379450605.281749,11196
379450615.229968,772
379450622.918708,9376
379450624.875972,12949
379450634.085858,9254
379450645.123618,2917
379450652.965065,3243
379450657.518683,3512
379450667.072387,13328
379450678.779127,13059
379450686.740764,13067
379450693.61767,13220
379450703.542566,13118
379450718.047764,12775
379450723.554051,13077
379450741.782229,1358
379450761.158906,9012
379450772.592585,12142
379450778.995008,13203
379450786.049746,1770
379450801.806296,13169
379450809.700211,13243
379450816.534434,13226
379450824.357752,10904
379450827.446901,341
379450838.710432,1483
379450845.992176,13291
379450852.542487,13302
379450862.333333,3637
379450868.402943,8617
379450875.714262,1016
379450883.971802,1602
379450888.878044,6990
379450895.638277,9095
379450900.957503,631
379450908.892127,3803
379450912.101839,13372
379450916.056332,10161
379450926.043949,11884
379450926.332736,4959
379450936.396312,258
379450940.349178,13743
379450944.17004,11048
379450950.09303,1474
379450950.182891,10944
379450961.702484,13334
379450964.790271,13532
379450968.309382,7397
379450973.534006,7839
379450985.373677,8962
379450989.157319,5756
379450997.539971,7533
379451007.098638,7095
379451016.524825,13592
379451022.767687,13451
379451025.786803,1930
379451033.735285,1360
379451040.076501,6688
379451046.468454,752
379451054.405259,12101
379451060.218399,13570
379451066.073128,9944
379451072.505345,13735
379451077.549867,6626
379451086.76281,13553
379451090.383401,157
379451096.064698,13708
379451099.113808,5715
379451103.024231,13634
379451111.973099,8739
379451117.726373,263
379451123.31675,178
379451129.361405,12895
379451133.190716,4718
379451138.812947,1500
379451147.725045,172
379451153.49795,2843
379451158.045159,261
379451162.915344,3414
379451167.679211,2740
379451168.738481,6153
379451174.648764,13757
379451184.050329,11471
379451196.498513,13757
379451204.836256,245
379451212.263593,475
379451219.00876,1465
379451223.70644,140
379451232.035001,825
379451235.990725,181
379451241.812999,13696
379451247.958963,4767
379451254.74225,6840
379451260.171535,13708
379451266.756379,387
379451267.90407,13792
379451274.110945,123
379451282.359183,13689
379451286.223935,2167
379451292.757882,4674
379451301.796191,971
379451306.35734,10163
379451313.444546,2748
379451314.298561,304
379451324.721123,5735
379451331.242442,1174
379451335.681557,10721
379451342.44757,6084
379451345.633651,9047
379451348.365671,2114
379451350.216102,5766
379451360.334612,13528
379451365.05841,1817
379451375.51032,13546
379451381.089734,3045
379451381.193658,632
379451384.159434,13606
379451389.577043,11469
379451393.393361,12623
379451399.033553,12357
379451403.50015,1346
379451406.135806,13486
379451413.521238,13463
379451420.087862,112
379451422.242521,10872
379451426.278496,745
379451431.754704,2102
379451433.904591,4269
379451441.053425,5687
379451448.751609,6321
379451456.211042,13376
379451459.426855,3076
379451464.675116,12260
379451476.827913,1038
379451481.835083,13342
379451485.508404,242
379451493.117518,2322
379451496.873162,1173
379451501.274197,10562
379451508.023325,13370
379451515.430789,11194
379451520.380346,2794
379451529.293387,1460
379451536.106698,1421
379451541.205842,13307
379451549.050609,191
379451557.515175,111
379451560.868007,1479
379451567.773309,13278
379451571.392735,3737
379451579.866417,3016
379451591.142222,13368
379451603.938112,13239
379451607.87256,13602
379451611.11368,8997
379451616.634617,963
379451627.583262,13188
379451636.557205,2320
379451642.620234,13190
379451653.932086,13242
379451659.833265,10688
379451666.425205,11073
379451676.823068,280
379451684.965772,2817
379451693.111549,2144
379451695.737028,1516
379451702.807052,2860
379451708.06369,1505
379451713.843479,13015
379451721.057139,12662
379451730.703045,945
379451735.396684,164
379451743.540591,10948
379451749.771929,4471
379451753.855976,13135
379451761.300347,7074
379451768.552541,2233
379451774.999542,12978
379451783.956745,12969
379451791.124039,4418
379451801.633622,4212
379451813.268741,12980
379451819.874898,9620
379451824.924635,111
379451830.721682,12916
379451838.404443,2924
379451842.762057,2355
379451850.727538,947
379451859.362645,12867
379451863.529472,12862
379451872.098207,278
379451878.636409,7064
379451881.691438,12888
379451889.518835,12853
379451897.201139,11538
379451905.174785,4384
379451915.945217,3958
379451918.297676,7460
379451927.008866,1480
379451932.91818,6199
379451942.168981,13220
379451949.052783,8215
379451951.699594,8367
379451959.753727,150
379451966.699506,1179
379451972.729068,12983
379451980.770702,13022
379451988.119161,1293
379451997.391779,4942
379452002.332298,5870
379452005.718787,3698
379452013.367882,13039
379452020.832884,13263
379452035.921052,3858
379452037.821204,790
379452041.60369,13080
379452048.009226,4722
379452055.677363,13201
379452064.507542,13872
379452071.406028,2414
379452083.043419,13125
379452088.279262,110
379452098.561378,9102
379452103.263245,13156
379452110.606562,236
379452120.084499,9112
379452127.126402,6019
379452130.200897,13202
379452139.9285,13285
379452144.326716,4220
379452152.337969,5816
379452163.31543,388
379452178.521046,118
379452190.092359,13378
379452201.445726,1952
379452206.641713,3041
379452215.456937,5265
379452226.121336,1443
379452231.18323,1840
379452237.251484,13402
379452249.34189,1452
379452258.438897,10764
379452268.359774,139
379452281.51903,13416
379452298.014385,3636
379452307.261983,1275
379452317.247555,11160
379452326.432416,9461
379452330.738658,13430
379452339.608126,13570
379452360.405164,3677
379452369.302097,13544
379452380.139581,1491
379452389.928138,1116
379452395.122099,2310
379452411.149922,13512
379452420.206078,100
379452428.056274,4435
379452440.101436,13673
379452453.660614,238
379452470.609157,13829
379452493.297413,5000
379452500.305935,2196
379452517.513715,13683
379452529.292265,13721
379452539.892362,4158
379452553.337714,8083
379452582.02581,13637
379452588.349401,120
379452601.312085,1465
379452617.481857,13662
379452627.799449,6833
379452636.600781,1504
379452649.153162,13813
379452658.940806,13531
379452669.486919,12839
379452669.544808,7520
379452678.674666,1205
379452685.805393,8052
379452694.515806,1482
379452704.3697,1820
379452715.717862,13522
379452726.044809,13541
379452738.077946,13490
379452757.769958,13643
379452761.910608,1800
379452768.299701,13368
379452777.709842,11573
379452783.155218,13430
379452803.306412,1520
379452812.778979,13392
379452825.347923,9699
379452836.36559,6635
379452848.17187,3149
379452865.477355,13272
379452876.397162,1350
379452885.334493,9334
379452901.105835,13258
379452905.597557,932
379452913.488055,3251
379452920.770398,894
379452931.151804,9544
379452943.249132,2160
379452950.723511,13157
379452957.593921,1587
379452971.076593,12493
379452992.835619,8132
379453009.158535,13123
379453020.322718,13009
379453027.904721,2218
379453037.042793,7624
379453049.598803,7904
379453056.574319,6899
379453068.953955,13642
379453079.709627,12720
379453101.107921,1581
379453115.693047,13395
379453146.17172,12900
379453152.952976,11054
379453161.695717,9407
379453172.538733,169
379453187.901724,1543
379453197.500422,12580
379453204.22629,12943
379453221.447364,9564
379453233.580781,2758
379453251.449336,12966
379453263.687607,4810
379453275.322119,12570
379453291.438206,276
379453294.864751,239
379453305.533241,13041
379453316.358712,1551
379453324.176454,13093
379453345.986788,3186
379453355.759902,13182
379453361.793775,13127
379453367.625731,13617
379453379.16874,166
379453389.49606,13235
379453401.865243,13165
379453420.768606,8253
379453436.048225,131
379453444.615403,140
379453457.372934,1507
379453462.387169,135
379453474.740862,13220
379453488.749,8097
379453505.077889,13279
379453512.830598,9811
379453523.527545,426
379453536.429394,13242
379453545.880493,241
379453551.431513,227
379453571.503414,12680
379453583.386268,13389
379453591.452466,4678
379453601.664714,13417
379453614.25217,13356
379453626.079488,2102
379453638.508044,1482
379453651.263812,12604
379453661.460251,13528
379453669.289966,2141
379453679.49409,108
379453691.670824,787
379453699.980757,6848
379453703.742086,3292
379453711.783697,13568
379453730.434039,650
379453743.727153,2872
379453765.165368,1085
379453773.900875,1507
379453785.925084,13783
379453789.219881,349
379453800.582652,270
379453815.791662,96
379453824.77585,1731
379453831.04931,8344
379453842.244844,3617
379453851.104258,4540
379453860.641832,11361
379453873.411504,13675
379453884.51641,13710
379453895.376375,13686
379453904.216091,636
379453916.824163,13693
379453929.169231,9320
379453938.003037,191
379453952.583962,13588
379453969.00995,13710
379453977.858444,13600
379453984.229233,8217
379453995.080163,227
379454009.700116,13603
379454022.865902,155
379454037.578265,13635
379454049.173183,13493
379454065.487354,11352
379454072.129861,11472
379454078.282831,106
379454092.217857,13480
379454102.303983,2564
379454118.135553,13378
379454137.004157,1413
379454144.23431,6360
379454153.030779,2336
379454171.496412,13297
379454180.363915,4957
379454193.567701,159
379454207.075119,1136
379454222.772952,13248
379454233.651202,13171
379454241.139009,106
379454249.977248,13178
379454261.654747,237
379454274.052865,376
379454285.084559,1354
379454293.478524,2071
379454315.373554,6517
379454324.536219,2940
379454335.306117,13316
379454345.244276,5818
379454354.1964,13126
379454363.257959,571
379454373.740586,13617
379454380.703183,13041
379454387.095264,568
379454402.203329,101
379454415.823305,1550
379454420.376632,934
379454433.335308,2185
379454438.05386,12967
379454445.29011,5573
379454455.820394,1485
379454471.643932,2766
379454482.041475,513
379454486.967751,12969
379454494.790837,543
379454499.743152,3951
379454514.024984,12873
379454520.145336,210
379454531.937106,1195
379454547.102259,12942
379454560.208295,6120
379454566.526043,7706
379454579.468473,9846
379454591.180144,12923
379454611.576562,13015
379454626.404204,13033
379454640.172886,13072
379454645.693549,12926
379454657.127128,13174
379454664.307824,13112
379454684.499531,2279
379454701.026606,13133
379454719.418925,1510
379454727.28443,317
379454745.394528,8028
379454761.490573,10618
379454775.823991,12792
379454793.547794,1790
379454797.304476,13294
379454802.97404,5681
379454812.296134,11052
379454824.367523,103
379454836.042672,1527
379454847.614042,13283
379454856.541522,9187
379454868.041613,13289
379454877.277741,3722
379454895.853621,5764
379454910.136038,2441
379454918.715783,13391
379454927.822428,13362
379454939.067488,1510
379454945.659665,13682
379454962.627194,13423
379454971.951132,10790
379454987.264448,99
379454998.904348,1931
379455008.385506,13493
379455019.842348,10641
379455033.321313,13507
379455050.47197,132
379455064.272805,13582
379455077.903911,289
379455093.771171,11315
379455098.249679,6042
379455113.897567,185
379455121.731784,102
379455131.168443,2357
379455145.182033,12255
379455157.960133,13695
379455164.981399,3780
379455176.023976,13876
379455187.197806,372
379455192.614747,13716
379455202.246297,13672
379455218.184409,7187
379455237.596957,13743
379455251.144909,13630
379455261.602213,6262
379455270.029369,1494
379455278.696435,384
379455291.385037,6380
379455312.490557,1718
379455321.923689,139
379455330.715065,13842
379455342.450827,13523
379455348.751762,9988
379455367.198732,7861
379455377.528294,13457
379455388.623407,13409
379455397.768135,5478
379455406.985258,500
379455416.716304,2097
379455429.75168,13804
379455439.966131,4461
379455447.940644,13528
379455475.109582,3256
379455492.320548,1806
379455507.548653,12278
379455518.698672,13336
379455532.375011,4929
379455547.748608,13316
379455564.109467,13261
379455575.320378,6350
379455580.977461,1884
379455598.078896,13319
379455604.459231,10268
379455626.949567,13117
379455632.851475,13192
379455651.784025,13184
379455663.320835,11144
379455676.088799,13048
379455686.613156,13151
379455696.323802,1543
379455698.387762,277
379455712.049754,1500
379455726.942198,6626
379455742.54496,12994
379455752.757312,12995
379455769.801902,12993
379455779.020878,236
379455788.509826,9655
379455804.76518,13140
379455816.570075,13831
379455833.09534,1462
379455846.718387,13416
379455852.328698,13885
379455863.652515,3588
379455874.673822,1535
379455888.034702,10550
379455899.897974,13223
379455915.64046,534
379455921.765132,321
379455937.449314,539
379455947.094128,6668
379455964.167635,150
379455987.554805,13030
379455996.482099,13242
379456005.781607,13090
379456016.579542,13077
379456029.331261,9736
379456045.775284,353
379456055.471466,2489
379456070.836336,13140
379456081.948203,8472
379456100.052116,1256
379456106.935396,13412
379456109.553909,9870
379456122.152342,4496
379456139.026651,1507
379456147.979265,1476
379456160.788288,13232
379456172.448034,1156
379456178.797189,1961
379456189.50247,615
379456202.943836,2902
379456216.566866,8687
379456230.881631,1962
379456254.418649,993
379456271.428916,10292
379456277.847899,13070
379456294.889702,1102
379456303.172335,223
379456312.710288,13486
379456315.6721,13514
379456329.972188,5535
379456338.443688,115
379456351.743172,135
379456358.327355,11331
379456363.524686,1723
379456383.598661,2474
379456402.700183,13731
379456418.093746,1341
379456424.12587,1402
379456430.044037,1728
379456442.450106,13618
379456459.143277,8029
379456472.312734,7708
379456481.195996,4009
379456494.242955,13838
379456504.907461,13736
379456516.630131,2991
379456529.260228,1731
379456543.655466,226
379456560.134834,10019
379456572.929589,13647
379456580.594241,13669
379456593.320288,383
379456602.056719,1445
379456615.456191,128
379456629.449097,13545
379456632.730515,12119
379456640.676256,13533
379456646.975639,13555
379456654.847664,235
379456666.361346,13507
379456678.723632,6296
379456694.988333,5692
379456711.151082,13423
379456729.441236,1468
379456737.723402,573
379456750.697254,5097
379456763.005858,13448
379456771.900869,231
379456784.181192,9859
379456804.134293,152
379456816.636135,13451
379456825.215301,3326
379456832.636072,8618
379456836.942046,13282
379456845.956155,160
379456854.459396,2206
379456869.054902,13240
379456880.084329,13279
379456894.014019,4744
379456906.474207,12639
379456914.583761,13169
379456929.506599,12778
379456946.347027,163
379456956.232117,8955
379456966.896769,13084
379456982.787421,1187
379456995.979988,10195
379457004.199937,1410
379457010.432929,1663
379457021.716093,10804
379457034.364115,696
379457044.689112,756
379457053.070488,9044
379457061.435314,1119
379457074.0226,12994
379457085.09381,10846
379457095.637951,12950
379457099.251348,4800
379457104.285119,12120
379457116.723625,12959
379457130.55448,12913
379457139.666482,690
379457148.274412,12905
379457157.633423,12913
379457163.217852,280
379457176.501166,9383
379457183.367467,130
379457190.378938,3659
379457199.489527,12954
379457212.843956,12922
379457218.924847,1102
379457232.29749,12863
379457243.056184,6335
379457256.891365,10456
379457263.318935,6379
379457278.683073,4499
379457286.554347,13055
379457298.511663,1766
379457308.06563,2967
379457315.407445,13071
379457325.36234,12025
379457337.925889,6724
379457349.783343,13393
379457359.05033,9424
379457371.198211,13168
379457385.191835,13132
379457401.095531,8764
379457416.956397,137
379457430.68404,6711
379457436.816978,13181
379457449.295519,187
379457454.462342,365
379457470.128811,259
379457484.841453,13365
379457498.659391,13304
379457508.190256,4632
379457516.369542,720
379457529.051412,111
379457536.557544,5650
379457546.06819,579
379457553.033122,13400
379457557.04596,195
379457570.053704,4380
379457578.544001,1483
379457591.295865,13421
379457605.074747,13445
379457613.110453,11517
379457619.188759,7246
379457636.656249,647
379457651.194199,7284
379457662.62614,8170
379457670.031511,13476
379457681.586398,1639
379457695.238861,13543
379457712.185262,112
379457720.614452,1537
379457733.238258,132
379457742.963922,5917
379457757.196627,4972
379457767.730648,3571
379457798.033056,13889
379457809.320111,2909
379457834.304665,1515
379457847.108857,13684
379457857.799827,1460
379457866.738809,13683
379457878.606806,4214
379457888.615406,13679
379457897.366128,1785
379457903.791655,1221
379457916.448117,10878
379457926.380002,200
379457934.811803,8938
379457951.520992,13541
379457965.899222,6477
379457990.151496,13538
379457998.200921,3512
379458011.411401,1505
379458028.311229,1995
379458045.397783,1522
379458053.671128,1715
379458064.695605,13629
379458078.854533,146
379458090.553806,10497
379458105.429526,13526
379458111.787873,4796
379458123.979762,564
379458138.406774,1498
379458146.068414,13325
379458159.341105,1820
379458164.648001,145
379458184.110959,294
379458194.476666,111
379458207.009531,1630
379458216.790853,9218
379458222.483586,13285
379458232.973129,146
379458244.683957,2944
379458254.036644,2842
379458270.437039,13213
379458285.69112,13191
379458298.426554,8237
379458306.744913,12186
379458320.623152,131
379458334.152101,2532
379458354.493368,12971
379458369.786532,13043
379458385.954852,13022
379458396.532409,494
379458408.988334,4890
379458424.668507,2165
379458433.56843,13003
379458448.225858,323
379458462.618696,12892
379458464.558333,507
379458485.040313,8153
379458491.06868,1450
379458499.259931,12874
379458509.442591,1307
379458528.782381,13097
379458536.771162,6711
379458550.249685,1120
379458564.278208,2218
379458582.893304,6160
379458587.615764,1725
379458598.671178,13001
379458608.993951,1737
379458627.960332,2069
379458637.641688,10390
379458642.353977,1185
379458666.379916,13073
379458672.903609,1451
379458685.810823,1416
379458694.695185,10503
379458705.870025,4093
379458712.445553,1472
379458737.215057,2328
379458758.599213,13199
379458766.476737,110
379458776.775058,13243
379458783.945506,1481
379458796.169374,413
379458806.101847,8124
379458814.489617,13333
379458823.994819,13325
379458831.89729,2726
379458839.923605,297
379458849.888603,7049
379458864.892347,476
379458871.812359,12563
379458889.104859,6012
379458907.184623,11514
379458919.949855,11594
379458929.126383,13541
379458941.587095,1771
379458956.789724,2427
379458976.675605,183
379458987.546593,11293
379459000.011449,6719
379459016.896107,1460
379459021.466094,10528
379459034.12995,639
379459050.372173,13647
379459064.362648,1520
379459080.97583,13048
379459095.187017,13612
379459110.806809,4287
379459120.589229,9673
379459136.68125,9536
379459143.793511,12063
379459156.756844,778
379459173.41208,13752
379459182.45464,390
379459208.415836,4935
379459216.393793,10551
379459230.461172,13571
379459240.875666,1150
379459247.2423,13818
379459262.017062,5728
379459270.573416,13615
379459289.182513,13586
379459304.883861,9820
379459318.689561,13501
379459329.399076,3651
379459337.761968,5553
379459348.950036,1546
379459367.189971,1196
379459377.102818,13474
379459387.145724,13029
379459400.686699,13451
379459408.200466,8841
379459423.477789,7616
379459428.31167,1442
379459444.878337,13623
379459452.815479,13359
379459458.314293,13374
379459468.902828,889
379459481.872723,132
379459496.977611,2251
379459506.602918,13314
379459522.307534,344
379459533.368566,6886
379459546.901671,9945
379459548.6735,7577
379459571.513844,5322
379459584.183356,13179
379459593.693221,111
379459608.094472,5479
379459623.091172,13112
379459634.036013,13299
379459650.829314,13105
379459655.543266,592
379459669.865846,13340
379459684.766236,9463
379459694.565509,12920
379459705.04097,7752
379459729.421782,10245
379459740.688782,6329
379459752.620533,8272
379459760.536729,885
379459776.252146,256
379459788.638815,5446
379459792.802799,11532
379459802.092866,11554
379459814.817362,12923
379459827.159486,12870
379459835.540146,12889
379459855.284943,197
379459869.957871,3646
379459879.924436,5727
379459893.921625,520
379459910.721849,12427
379459923.459788,5142
379459935.178796,13378
379459947.62287,1579
379459961.621544,957
379459967.096497,3931
379459977.69663,13089
379459991.075326,490
379460010.417748,13178
379460012.230971,13087
379460024.885655,1393
379460036.877321,13106
379460051.444697,8977
379460059.521571,1492
379460071.480797,7008
379460087.096971,13225
379460101.786589,11659
379460118.841717,9255
379460130.262677,1473
379460140.643148,6971
379460150.552155,3158
379460165.03152,5825
379460184.769338,13336
379460202.084493,13471
379460216.913568,13305
379460233.83947,13399
379460248.798554,13587
379460263.541767,1470
379460276.373639,13424
379460286.18029,9786
379460296.646385,4001
379460308.557305,202
379460317.943524,498
379460337.8586,1536
379460351.76619,11562
379460364.005193,13618
379460376.155898,278
379460392.193246,4957
379460423.898184,13696
379460433.780138,13623
379460454.805939,4338
379460468.705984,13779
379460494.010255,1724
379460503.419484,12562
379460516.035735,13703
379460535.183009,13652
379460545.06626,13639
379460566.474565,11037
379460581.364207,13603
379460588.903083,1183
379460603.552263,7910
379460612.303735,13533
379460626.113293,1516
379460638.484862,4150
379460648.057925,13495
379460656.703636,13542
379460667.873658,1354
379460684.261192,10662
379460697.563587,4241
379460715.85473,13400
379460724.907125,13396
379460731.373152,3328
379460738.881297,3030
379460752.744181,208
379460765.377768,11291
379460783.568668,13333
379460788.201212,7957
379460801.671771,1745
379460817.011075,13261
379460833.247458,13276
379460844.754416,148
379460854.73794,3995
379460871.345956,13230
379460892.089434,13194
379460904.130557,1466
379460913.826737,13159
379460922.133433,13467
379460943.748753,13152
379460951.907963,13163
379460961.325261,13134
379460973.208228,107
379460984.00029,1442
379460992.340788,11209
379461004.283332,13329
379461017.888175,9605
379461028.539791,13002
379461040.495973,12983
379461051.607798,993
379461063.697977,1470
379461073.548754,12967
379461085.750177,134
379461094.310526,3044
379461105.583885,12910
379461113.005138,1489
379461125.436107,153
379461137.08263,12836
379461151.063512,12908
379461172.481266,12887
379461179.952138,3875
379461188.779232,2813
379461199.047022,1562
379461212.144251,12932
379461223.288094,1025
379461234.263923,9218
379461247.548954,12999
379461258.565757,13003
379461265.340461,3830
379461278.822266,13031
379461287.556995,168
379461298.987973,13104
379461310.462514,11494
379461322.565744,1486
379461345.601612,9579
379461351.730247,9651
379461358.404886,2777
379461373.818491,13157
379461389.52555,1742
379461404.883312,1548
379461421.742873,13441
379461434.694661,13741
379461441.682324,6297
379461455.506455,13269
379461466.950388,6096
379461487.422901,13484
379461498.575119,6006
379461512.813866,1469
379461529.085396,11510
379461538.040697,13321
379461552.789266,13783
379461566.499949,7158
379461578.011258,13409
379461595.746918,3659
379461606.215615,138
379461615.931228,134
379461631.426178,13514
379461642.830566,9796
379461653.828483,5185
379461671.728382,13816
379461680.601396,9695
379461693.039948,13607
379461702.587844,10929
379461717.188955,9771
379461731.05531,13702
379461745.72052,1477
379461752.276257,10168
379461774.025328,11486
379461787.200276,1513
379461800.812172,1874
379461810.377665,13096
379461826.456815,168
379461836.209064,10804
379461854.607292,501
379461874.624044,1488
379461893.442799,13618
379461921.563699,1357
379461932.523767,156
379461938.18599,7186
379461955.651272,13127
379461966.809809,115
379461983.866089,1542
379461999.062601,1372
379462004.976209,2099
379462021.818641,13439
379462031.60917,9509
379462051.604967,1193
379462074.043554,13392
379462092.795674,10513
379462106.510012,7227
379462123.38659,1486
379462141.038017,4801
379462158.02893,1762
379462165.585382,13476
379462172.398514,3445
379462190.721802,123
379462199.7781,11712
379462210.994336,13786
379462234.604416,13179
379462243.031125,4334
379462245.163609,11017
379462269.765772,2510
379462278.574194,3335
379462294.765954,13082
379462312.047858,297
379462326.397044,13034
379462341.966237,1470
379462359.085476,7728
379462369.424047,2455
379462379.084953,276
379462393.623734,1824
379462408.613039,13416
379462428.434851,1486
379462434.109622,9949
379462448.146311,12924
379462470.840962,12839
379462480.908918,12856
379462492.3422,1490
379462515.227934,2414
379462526.05035,13008
379462537.790634,1696
379462550.83927,13281
379462563.760173,1767
379462576.812461,13020
379462582.497687,12982
379462591.851064,3285
379462613.100635,1915
379462622.454188,857
379462635.645021,145
379462645.758464,13130
379462654.347707,5283
379462659.815011,6012
379462667.169617,5081
379462682.35291,4215
379462695.095793,4106
379462708.43979,8257
379462721.72433,12566
379462732.39285,11562
379462740.148581,12904
379462748.768223,13149
379462759.399156,109
379462768.649075,1563
379462783.728865,13264
379462795.713598,10235
379462806.745598,733
379462816.324798,8308
379462825.125074,13473
379462838.173007,12840
379462852.796267,13363
379462864.160395,4707
379462875.48991,427
379462894.138286,13401
379462908.779134,11006
379462921.110393,1472
379462939.464855,13405
379462951.322849,1702
379462954.206257,13507
379462975.65105,1703
379462989.694128,3614
379463005.425991,11754
379463020.031988,1080
379463033.512117,13589
379463053.813262,13610
379463068.042583,13637
379463096.888692,13702
379463103.410896,13685
379463111.476487,334
379463137.667091,6284
379463160.14734,11702
379463169.956897,1419
379463182.069148,10796
379463194.756298,13738
379463208.263803,7599
379463221.219954,1548
379463237.978511,13653
379463255.640967,13599
379463273.718775,9762
379463287.649817,10676
379463304.741774,13569
379463325.493579,13685
379463334.32386,13459
379463341.508568,3878
379463360.28172,5775
379463372.154873,161
379463378.524154,3159
379463393.302998,249
379463403.105116,303
379463413.249086,4975
379463426.664642,6105
379463435.385886,13280
379463454.632316,8644
379463473.45296,1363
379463486.161647,11012
379463492.859593,13240
379463503.340561,13321
379463513.526891,13260
379463529.509091,3024
379463543.434355,13193
379463568.876201,13098
379463577.508193,7297
379463592.057696,13169
379463606.053156,10828
379463609.752899,13722
379463624.49932,13083
379463623.14164,5724
379463629.208468,13688
379463641.10695,13083
379463651.17942,1451
379463664.669034,10410
379463677.898915,13030
379463693.7964,4108
379463719.748641,9199
379463734.789284,5002
379463749.960036,4164
379463755.159968,12987
379463762.671095,12968
379463776.937718,1986
379463786.97044,12803
379463797.886981,1693
379463813.584051,13001
379463825.209528,13518
379463839.488995,5335
379463859.640772,11973
379463880.993665,830
379463905.112517,13004
379463915.926719,13052
379463936.979352,4646
379463953.498131,1528
379463964.560859,13039
379463975.686943,1445
379463988.944772,5846
379464003.571732,5894
379464013.210492,13142
379464018.425753,1440
379464031.863223,420
379464039.825293,13175
379464057.296773,312
379464073.229631,13483
379464088.936067,13228
379464103.781641,13465
379464108.902155,1893
379464122.097798,1845
379464140.114176,2922
379464160.113062,13285
379464168.47924,13364
379464176.57227,9948
379464193.84163,189
379464210.374628,1496
379464222.875553,542
379464237.196053,1452
379464250.847473,5825
379464270.353237,11795
379464282.633952,1490
379464302.710789,13513
379464312.830904,9022
379464329.974569,1633
379464339.523869,234
379464361.406149,13521
379464379.462674,3083
379464395.053682,8069
379464407.973579,1494
379464419.688829,13687
379464443.383113,11159
379464456.534783,11686
379464468.869718,13668
379464485.980688,13718
379464500.726464,13699
379464507.521969,7751
379464520.866176,13887
379464538.087771,13675
379464545.716882,13601
379464553.826378,99
379464575.858093,13574
379464589.045259,13581
379464607.445945,13569
379464622.000097,6590
379464631.454715,1444
379464643.799579,13560
379464651.799057,1539
379464661.048989,13484
379464674.341759,515
379464689.167738,213
379464699.879074,549
379464707.499813,229
379464726.677906,13350
379464740.033394,13360
379464751.740472,1978
379464760.006986,6690
379464772.044739,13341
379464784.773782,111
379464795.751997,13308
379464810.102686,5350
379464820.840301,1536
379464838.830929,6037
379464844.328437,13397
379464858.729935,13249
379464863.337659,13219
379464880.221578,13169
379464900.737586,13263
379464915.038202,3737
379464935.975143,8844
379464961.131869,113
379464972.761656,5442
379464980.564509,13004
379464990.629712,1468
379464997.703884,9663
379465013.737643,1798
379465030.15868,12923
379465040.526855,1449
379465047.92409,12968
379465065.666635,4332
379465085.457302,13165
379465096.456611,11921
379465105.894547,3431
379465120.742547,13503
379465139.823496,11701
379465153.121167,965
379465161.771541,13332
379465183.469389,12934
379465193.599544,13422
379465210.170844,12999
379465216.784208,1459
379465233.201925,1551
379465239.256756,13065
379465262.406505,7000
379465269.509615,1062
379465298.381196,593
379465314.224719,13140
379465323.238558,13186
379465333.306565,13124
379465342.585012,13239
379465367.540346,13192
379465380.548644,12262
379465391.971162,13175
379465396.399538,1222
379465417.539868,1542
379465428.507224,13478
379465443.424015,13650
379465460.47335,7551
379465479.466334,13386
379465493.583586,13323
379465516.579414,12071
379465534.788157,4371
379465546.543348,13774
379465567.175212,13434
379465580.204497,8735
379465597.448013,1502
379465604.50522,13494
379465628.550425,8550
379465647.396381,13516
379465661.673554,1728
379465673.476174,11613
379465686.56728,12559
379465705.787404,13575
379465715.489934,7476
379465726.316092,147
379465739.567618,4609
379465756.328219,13704
379465763.329803,3365
379465783.709759,3641
379465796.601793,13708
379465810.902848,10472
379465819.387843,13669
379465828.636689,11807
379465848.086199,13314
379465857.973831,6100
379465875.622252,13577
379465881.487391,5218
379465894.007131,112
379465903.706729,13634
379465915.03358,13566
379465929.825717,13494
379465946.350497,8833
379465956.84728,13540
379465969.444446,13500
379465993.600645,13415
379466015.063424,1831
379466029.219302,13628
379466038.442796,1505
379466053.400397,205
379466069.062139,5748
379466083.595258,5418
379466097.443911,13786
379466115.240154,6419
379466133.13568,1488
379466139.120833,13263
379466146.565066,137
379466160.241812,352
379466173.011071,12483
379466187.981794,4983
379466198.751097,5637
379466203.434494,13144
379466223.990772,7254
379466237.422804,13098
379466245.785133,6517
379466259.925177,11489
379466272.317184,375
379466294.620493,13076
379466306.125366,13020
379466319.386401,13053
379466327.469706,13016
379466342.664608,13135
379466353.226997,13043
379466364.361668,3595
379466377.864451,12985
379466395.210617,1509
379466405.892876,11891
379466411.322882,12958
379466419.495677,2022
379466431.819041,13129
379466442.458787,7566
379466452.320435,154
379466465.382867,6369
379466473.568466,1510
379466484.864146,2122
379466493.697509,610
379466514.51315,4023
379466534.470279,13236
379466544.964681,1521
379466561.858471,11457
379466569.792478,13048
379466591.085737,3899
379466602.57376,1538
379466614.688186,13033
379466625.604241,13325
379466638.794934,3098
379466649.111655,5061
379466660.896456,13617
379466675.176289,1698
379466691.056408,10394
379466706.652925,709
379466714.824286,13138
379466723.43743,13535
379466732.9689,13361
379466749.007738,166
379466758.028975,6206
379466775.524549,7667
379466787.971079,920
379466796.100403,8649
379466813.360547,2398
379466826.292515,9554
379466836.725553,1527
379466849.966673,13394
379466863.361155,1466
379466871.947422,1451
379466882.122072,12776
379466888.454816,6888
379466921.277621,6810
379466938.613279,11979
379466959.285116,580
379466970.627312,1499
379466979.053249,1700
379466989.544044,1477
379467003.7269,13615
379467023.866226,531
379467032.919025,13574
379467045.302807,13665
379467060.527376,13641
379467074.790488,3468
379467080.546375,1755
379467093.477639,13704
379467118.751077,8441
379467128.767296,2035
379467136.820484,1483
379467147.146576,13750
379467156.832293,777
379467167.147698,13682
379467181.479115,11199
379467197.644373,13762
379467204.568543,8155
379467214.512394,13582
379467236.477177,13655
379467249.32718,13578
379467258.44971,9528
379467278.131559,7345
379467296.723927,798
379467308.602036,13533
379467327.052221,13471
379467337.64971,544
379467354.999816,2089
379467365.968578,13437
379467380.622391,13432
379467391.303782,13564
379467406.502953,5112
379467419.110177,4460
379467426.926192,13310
379467440.918315,13385
379467461.152417,13317
379467474.262438,3107
379467492.515729,1463
379467501.9174,13268
379467517.750528,13234
379467529.054656,10050
379467542.212202,13164
379467556.370853,377
379467574.552401,7718
379467583.510077,6590
379467594.875777,6878
379467601.094824,1547
379467618.527744,13525
379467634.037364,1496
379467645.905735,10170
379467660.336547,4313
379467669.200637,6979
379467690.848126,12997
379467700.227067,1204
379467719.468364,5495
379467725.90821,1187
379467740.619742,13096
379467753.724745,12922
379467775.430789,12844
379467787.694918,8351
379467813.307699,7611
379467838.178192,440
379467859.668325,8110
379467863.108876,13022
379467893.83632,1510
379467896.641059,12997
379467910.575928,1471
379467915.244658,231
379467929.216428,3377
379467940.91236,113
379467954.75396,1231
379467972.670909,13169
379467986.087031,146
379467987.715567,13183
379468008.227006,1737
379468028.568624,13211
379468035.827478,4079
379468048.355815,1445
379468065.437436,13213
379468074.687995,13797
379468084.662409,13420
379468100.278599,1661
379468106.667463,5037
379468115.845572,997
379468128.31947,13353
379468147.674906,12555
379468157.960669,9729
379468175.490093,5117
379468192.869048,1485
379468205.11478,13396
379468215.815254,6140
379468231.950672,13679
379468238.696002,11763
379468252.083386,7385
379468258.920801,13525
379468279.335362,13499
379468290.175966,13532
379468296.002416,13589
379468311.797618,1630
379468331.502902,13620
379468341.601324,13836
379468365.890514,13158
379468378.091643,13610
379468395.141703,1245
379468417.699195,13694
379468430.177504,1174
379468438.943969,9720
379468451.602638,1452
379468460.700289,13736
379468469.78344,13737
379468483.412372,174
379468503.24664,8294
379468524.788709,110
379468542.613785,13612
379468549.117564,13626
379468568.266986,13593
379468583.646002,9933
379468598.770577,941
379468613.730427,13511
379468625.176491,12143
379468638.954638,9808
379468668.556464,13506
379468685.482048,6706
379468704.890896,1173
379468713.29322,13431
379468726.219122,9360
379468743.725194,142
379468759.462527,13255
379468761.726355,13335
379468771.019054,162
379468785.207146,8848
379468798.51656,13319
379468813.928233,1812
379468831.702923,1492
379468835.895505,7171
379468847.401328,526
379468864.948612,261
379468874.990373,13185
379468888.042633,9904
379468895.83117,527
379468909.465056,142
379468924.48592,2236
379468931.655457,9629
379468947.364038,1868
379468978.133204,13055
379468986.677472,101
379469001.262411,155
379469011.068202,13388
379469028.737386,7913
379469033.940724,13646
379469046.812348,2122
379469067.738937,13264
379469081.844323,4895
379469090.392963,4300
379469104.762602,1487
379469115.34523,13162
379469126.025801,3466
379469132.97081,2767
379469145.914455,2185
379469154.528188,12949
379469176.621982,12928
379469188.447541,1452
379469198.370886,13430
379469204.762191,1530
379469220.108613,1479
379469232.098189,3942
379469238.731242,1783
379469248.774698,2151
379469265.983292,132
379469280.627186,13114
379469295.917054,1752
379469309.735061,195
379469318.641272,3221
379469339.450486,13194
379469352.782716,13221
379469372.893287,13192
379469378.065138,13476
379469388.551696,860
379469404.33635,1894
379469417.650162,2976
379469436.428429,658
379469452.439109,1502
379469462.065129,13287
379469478.941684,13302
379469494.591256,13405
379469509.916751,1538
379469531.378085,6215
379469539.984679,13624
379469563.488466,5624
379469580.615556,1314
379469592.472042,13513
379469603.335543,10284
379469620.348578,13602
379469632.102113,113
379469646.762926,13659
379469669.99419,13635
379469696.553334,6993
379469712.61697,1172
379469720.123955,6739
379469735.657838,1490
379469746.077738,13655
379469760.085771,13782
379469774.427082,314
379469787.93784,13710
379469801.955938,8632
379469808.800965,1845
379469822.659971,8101
379469837.900502,13739
379469847.176963,13641
379469862.085554,10044
379469870.676648,9641
379469889.229053,1509
379469904.77676,125
379469929.010827,3925
379469940.906038,1508
379469950.609235,183
379469958.792743,1830
379469970.622838,373
379469979.393345,4869
379469993.457784,13431
379470002.633089,10816
379470012.791041,13280
379470020.97569,3628
379470033.728827,1546
379470041.637376,13519
379470064.154935,10144
379470076.336915,706
379470088.296788,288
379470098.899287,13316
379470125.705955,13192
379470142.295754,13286
379470152.183554,3788
379470164.376238,123
379470179.909401,9777
379470188.260607,1901
379470203.344291,1942
379470218.843205,10805
379470233.489483,3070
379470248.047799,5817
379470254.259212,13073
379470264.133466,212
379470272.981997,1868
379470280.692035,1335
379470287.922583,13176
379470300.063505,1679
379470318.221805,12983
379470335.597435,12980
379470348.916656,248
379470365.091198,12925
379470373.243079,12941
379470394.675515,12930
379470405.849243,12884
379470422.15774,11221
379470431.881477,9041
379470441.194733,348
379470457.448645,703
379470475.732827,6656
379470490.510901,8240
379470506.383863,7514
379470519.748495,13304
379470530.637775,2392
379470542.413404,13552
379470553.526803,1090
379470563.840444,13022
379470575.018403,13113
379470588.153656,118
379470605.111624,2071
379470612.641576,13023
379470625.916662,13164
379470648.791019,1892
379470661.031686,8248
379470674.52393,12396
379470682.008299,9930
379470698.109447,1095
379470711.284495,13647
379470721.931263,13159
379470737.08582,13269
379470750.082706,13282
379470778.58855,12897
379470795.328741,3422
379470804.346616,13399
379470823.720064,10063
379470834.815458,5715
379470862.596196,8010
379470872.756384,1781
379470881.796183,13542
379470896.238175,13738
379470915.696618,5909
379470931.443466,3375
379470943.372702,13543
379470960.772217,13616
379470978.135176,2072
379471000.016379,2168
379471015.45973,5003
379471030.47388,8211
379471038.644914,13718
379471053.284152,3695
379471066.913816,261
379471077.492249,10335
379471095.814161,10196
379471112.824486,13712
379471130.182567,13040
379471139.12274,13645
379471159.540535,489
379471172.238664,4761
379471188.893444,1497
379471206.176044,1542
379471218.589336,13551
379471231.286951,12435
379471242.844814,11519
379471254.347968,6589
379471273.7042,13793
379471289.244619,13651
379471297.039538,13567
379471312.242985,1542
379471337.699906,278
379471354.135034,1503
379471362.604033,5796
379471383.863142,8749
379471406.592619,1497
379471417.690347,2171
379471427.811372,11132
379471444.256352,13302
379471465.031987,1477
379471474.454409,5238
379471485.304098,12846
379471498.303839,6047
379471518.951069,13162
379471532.621814,5054
379471546.664433,13393
379471558.105837,11261
379471575.435999,13100
379471584.375977,2246
379471604.290775,13100
379471621.017355,1718
379471637.720896,9791
379471647.977598,1513
379471662.882053,4077
379471671.647055,439
379471687.739902,10902
379471696.72846,12958
379471715.266698,3055
379471734.42619,12923
379471744.119561,1507
379471762.667774,12880
379471771.111597,8241
379471785.622603,1253
379471798.103693,12963
379471810.805512,9524
379471826.138906,12951
379471836.385793,158
379471854.159924,9804
379471867.14679,13127
379471882.293669,13019
379471895.260296,11893
379471903.971145,8835
379471921.757681,13071
379471932.359623,13097
379471942.701975,11551
379471959.298831,5707
379471975.519333,13143
379471979.366729,10318
379471989.787124,13417
379472009.473214,3481
379472021.59951,13254
379472031.236615,1489
379472047.13546,13235
379472057.762804,5842
379472064.761269,432
379472075.332068,13883
379472090.990815,13282
379472107.031497,2185
379472119.118006,4051
379472131.619898,719
379472144.17228,13370
379472172.298814,205
379472186.673204,13895
379472203.338342,13532
379472216.305138,9598
379472230.170599,9535
379472244.585899,13490
379472259.764387,13853
379472268.716354,13546
379472282.766396,5894
379472301.739952,1795
379472310.086022,13598
379472331.92771,207
379472340.179241,555
379472351.050014,13605
379472370.474834,13674
379472385.590398,1548
379472395.310752,13638
379472419.183943,13760
379472424.482373,13752
379472436.950542,13878
379472454.079279,2228
379472468.208161,950
379472482.984827,5339
379472493.384246,115
379472508.993818,1824
379472532.465043,7652
379472555.287337,13512
379472569.21049,1527
379472586.605014,13522
379472597.259703,13476
379472603.570006,1495
379472621.392363,6443
379472641.002978,1312
379472652.625722,9771
379472665.846588,13416
379472675.535761,9626
379472686.296171,13434
379472707.329721,408
379472718.789655,13354
379472730.038465,12368
379472745.158936,13402
379472759.414337,13336
379472770.548472,1747
379472780.621429,13156
379472792.858987,13263
379472805.035987,7783
379472818.736853,13752
379472826.664706,8510
379472841.468283,5397
379472850.505433,1486
379472866.684306,3431
379472874.028105,487
379472883.326939,1597
379472887.401718,761
379472903.457717,4503
379472910.897542,13143
379472921.953558,1393
379472937.714062,1388
379472950.400316,4640
379472963.333111,13152
379472987.415696,12959
379472993.571307,6426
379473007.82776,12982
379473021.957599,549
379473036.20941,13014
379473049.330604,7216
379473062.660326,1298
379473068.221297,5146
379473086.104898,172
379473100.627546,4021
379473116.039778,1485
379473126.586718,12980
379473138.410797,12950
379473149.630579,1468
379473162.915403,12897
379473182.166133,8844
379473194.552501,2473
379473206.853492,9139
379473216.673645,9453
379473234.396615,5273
379473249.262589,5085
379473264.859071,11094
379473276.171637,306
379473294.243545,246
379473304.571863,8315
379473317.363932,8288
379473328.483684,109
379473348.181353,5782
379473356.893494,1879
379473372.498977,13469
379473385.854551,1245
379473401.362279,13260
379473417.140742,13697
379473435.890507,13294
379473452.474142,97
379473473.377814,3863
379473493.025027,1909
379473507.636736,3304
379473523.094404,13398
379473537.663254,1493
379473555.384141,13510
379473572.819197,373
379473585.692294,13547
379473605.138394,11808
379473616.059896,13563
379473627.766641,13785
379473651.905546,8768
379473660.12227,439
379473682.139522,8645
379473696.215941,13655
379473702.520558,751
379473714.295855,13605
379473737.90756,13855
379473751.181472,1273
379473764.025484,6748
379473778.713545,1503
379473797.538,114
379473809.486571,964
379473829.273809,164
379473835.112206,1386
379473851.263716,13654
379473862.923012,1456
379473875.331227,13580
379473885.604825,1466
379473897.059974,296
379473905.831253,11974
379473920.809762,5810
379473923.663406,9907
379473929.354427,1339
379473936.858632,1358
379473944.350581,1445
379473960.362698,13466
379473983.887056,13394
379474002.2935,13417
379474006.79065,2382
379474022.035742,10560
379474029.816615,13342
379474046.746446,13350
379474057.181037,13315
379474077.666318,13477
379474097.421409,13722
379474106.271571,4893
379474120.033935,13295
379474138.083442,4358
379474156.339899,13531
379474165.550015,13237
379474181.648187,3206
379474196.496503,1475
379474206.161648,13098
379474220.491237,13087
379474230.878022,100
379474239.396865,13087
379474253.264348,10456
379474268.549958,438
379474285.737054,1610
379474301.832304,13039
379474319.219407,13038
379474327.778543,12983
379474338.953431,785
379474361.810195,13544
379474374.140561,8993
379474382.396911,12892
379474396.968561,1504
379474407.723999,612
379474417.919159,13115
379474427.503082,6038
379474446.387209,12696
379474470.202861,7548
379474478.804045,4489
379474495.70767,6971
379474509.909137,13012
379474523.567415,13045
379474540.670139,6116
379474553.366366,891
379474566.854723,1492
379474587.52133,13151
379474596.572969,106
379474596.333474,232
379474616.017157,100
379474638.010433,3299
379474653.501608,8232
379474663.668024,13170
379474673.529282,2810
379474682.325844,155
379474689.896085,9677
379474699.316038,11251
379474716.826848,13266
379474731.660418,493
379474749.871562,13330
379474760.161613,13375
379474770.90194,113
379474778.424444,5948
379474790.569025,95
379474813.882308,3464
379474821.848852,13392
379474830.180655,13574
379474842.750201,98
379474854.123975,13399
379474859.305987,13576
379474868.748754,13446
379474877.431665,7957
379474890.309565,5309
379474903.459311,8921
379474923.769091,9610
379474941.443359,13616
379474960.265979,13650
379474970.879259,4844
379474979.562968,10793
379474992.32143,13636
379475007.717077,10380
379475026.759165,13624
379475041.295353,10309
379475050.153052,13686
379475061.625208,4278
379475073.936286,13711
379475088.428217,12311
379475101.844672,11104
379475121.821362,5943
379475131.672994,9964
379475148.00826,13577
379475150.943458,1315
379475164.420238,2319
379475179.129028,13649
379475201.821885,6031
379475219.7496,13458
379475237.421394,13666
379475252.503898,13554
379475274.736476,1451
379475296.002967,1661
379475307.00543,228
379475325.18393,8956
379475339.727468,12701
379475355.297444,1574
379475366.121869,13394
379475375.490474,4590
379475387.807652,652
379475400.197368,13343
379475414.430837,3958
379475424.003709,13264
379475442.262208,13481
379475459.885455,13186
379475467.386812,13174
379475485.796891,7592
379475502.111305,13784
379475515.611916,3829
379475526.483045,1184
379475540.593513,11639
379475556.36933,107
379475570.613244,9839
379475599.588951,13040
379475623.216674,1741
379475644.602491,6874
379475654.352405,125
379475668.623616,5603
379475679.089475,117
379475688.68974,8706
379475699.114613,10487
379475718.401721,13096
379475745.516921,1205
379475760.913978,568
379475775.198479,4838
379475788.189095,215
379475808.558479,1547
379475827.161927,12919
379475836.873796,738
379475844.097284,7905
379475853.800451,4998
379475860.432672,126
379475868.138734,1839
379475884.305432,10266
379475894.037512,9847
379475903.821802,13017
379475913.615171,581
379475929.044495,13664
379475945.315736,13205
379475960.989568,12498
379475977.236443,481
379475997.145842,13224
379476003.903847,2870
379476019.135665,2568
379476025.258669,5058
379476040.010205,485
379476060.633195,13263
379476073.195135,13004
379476090.529689,13373
379476112.302319,8806
379476122.174008,1464
379476134.029903,10120
379476144.974282,13371
379476157.265096,1426
379476171.36977,13414
379476176.104049,304
379476189.67603,953
379476197.162377,1321
379476206.459914,13545
379476221.074671,6872
379476240.26416,1499
379476254.711447,13560
379476267.339472,3171
379476279.002962,1497
379476297.47476,12205
379476310.516235,6928
379476320.747912,13025
379476343.784916,13638
379476357.792975,1475
379476371.890938,13670
379476387.753798,1615
379476396.041723,13725
379476409.137817,8278
379476429.651238,1499
379476441.576832,13658
379476453.418007,4657
379476464.267161,13669
379476474.70033,7602
379476488.821386,13710
379476507.364425,13740
379476519.701461,13651
379476534.174153,13549
379476545.624975,248
379476555.505989,13602
379476567.72925,13022
379476587.767234,13449
379476594.628224,6278
379476609.878662,94
379476624.560165,1856
379476634.58876,455
379476643.505513,13445
379476657.164655,13381
379476667.201188,13413
379476691.772292,13240
379476703.201829,1709
379476712.026184,133
379476724.35264,4449
379476740.567832,5398
379476757.11967,13401
379476772.413427,13230
379476785.65714,1526
379476797.129968,3229
379476815.35001,1438
379476823.317099,2707
379476834.758624,6114
379476845.096946,2185
379476860.657738,13119
379476876.757787,13108
379476890.914,12210
379476913.4889,13059
379476928.995526,4552
379476946.224958,176
379476955.675169,6934
379476970.210791,5256
379476978.75951,6668
379477005.860212,261
379477026.339805,9688
379477035.408428,12923
379477044.379813,5614
379477053.246941,3949
379477066.103628,1494
379477080.668144,12989
379477100.29627,12865
379477114.770063,5010
379477128.809233,5098
379477138.354524,3582
379477155.412065,13216
379477163.823264,3730
379477184.905851,13071
379477197.082165,13048
379477213.687409,1175
379477224.319339,13256
379477241.925646,7716
379477255.68791,3217
379477275.252281,592
379477294.456816,13175
379477302.165816,13371
379477316.09008,13233
379477330.804238,13533
379477335.103364,6649
379477354.420287,1488
379477367.799603,1589
379477379.918816,1235
379477390.346033,4681
379477398.583999,10866
379477415.552667,13108
379477429.217603,13389
379477453.790738,7596
379477467.971356,111
379477491.649404,13439
379477508.192425,388
379477509.463569,10227
379477531.310459,13453
379477540.794905,11019
379477553.283283,1660
379477581.316034,8111
379477594.302697,13565
379477602.084771,7874
379477613.112694,6452
379477626.253105,1465
379477646.042558,13663
379477669.236816,1503
379477685.096095,13689
379477694.868841,647
379477709.756622,1735
379477726.787569,9563
379477734.410512,13793
379477745.184278,7896
379477754.777819,800
379477765.281405,13746
379477777.038207,1490
379477798.187512,1645
379477808.17088,13667
379477830.146591,5238
379477844.297299,1472
379477850.220806,402
379477855.965573,4060
379477867.898571,13845
379477879.162968,9194
379477888.497559,97
379477895.5644,13559
379477904.505001,13687
379477922.01467,13505
379477929.871959,4425
379477941.817841,9678
379477955.557072,5347
379477973.86546,13383
379477984.327596,6692
379477996.753026,1523
379478014.836735,1504
379478026.797284,13352
379478051.027539,104
379478070.096876,2382
379478077.324874,5988
379478101.595432,161
379478114.267695,13230
379478130.126356,13238
379478136.264361,2098
379478150.698885,13158
379478166.290061,561
379478182.284206,2739
379478195.366249,13156
379478211.326712,13133
379478221.180868,1822
379478232.11811,13072
379478244.98753,13175
379478253.650548,13378
379478266.312999,2652
379478278.954853,12725
379478290.777457,13378
379478305.781633,2194
379478318.630331,1126
379478328.994304,1529
379478352.136599,12580
379478369.152976,1372
379478378.837669,6572
379478389.386088,13352
379478419.392317,13143
379478432.705458,104
379478445.617635,1868
379478451.323927,13148
379478467.244604,875
379478479.199342,5004
379478488.621994,13062
379478504.866058,1226
379478510.08802,13042
379478521.043866,7395
379478528.602248,8207
379478540.254507,13258
379478553.006909,13130
379478560.884051,13140
379478577.599947,13074
379478594.477079,1485
379478608.372732,4724
379478615.378712,4415
379478628.756118,191
379478632.948538,1079
379478642.184488,399
379478655.161657,9526
379478665.221573,6527
379478675.32784,11405
379478688.172234,13322
379478701.768684,4326
379478716.823057,1709
379478734.922087,13585
379478749.251477,13379
379478774.666857,13491
379478794.000016,13407
379478804.484826,13438
379478823.91287,13401
379478827.189067,9667
379478846.969319,13458
379478853.221037,1459
379478858.489363,13569
379478868.981972,13519
379478876.886214,9956
379478888.407429,13507
379478899.468029,2122
379478908.831963,5611
379478924.440863,1499
379478937.362351,5457
379478969.54647,995
379478984.114497,5546
379479001.406178,136
379479020.723308,1272
379479032.138999,6826
379479049.694867,13762
379479064.129982,2196
379479083.55614,2376
379479099.361549,13660
379479113.496772,13723
379479121.00633,3317
379479134.067378,13692
379479148.243523,10431
379479153.281929,1346
379479169.343191,227
379479181.132956,13511
379479202.068664,12589
379479210.593261,5843
379479225.201483,117
379479240.670599,13534
379479257.907935,13485
379479266.059448,13459
379479269.491436,5944
379479281.071098,13431
379479295.446716,2965
379479304.615882,155
379479314.99579,13385
379479327.758933,13442
379479339.078587,13765
379479353.27129,13329
379479364.2365,684
379479376.789656,10463
379479389.103711,2464
379479406.807219,13299
379479409.906442,13307
379479425.347498,13253
379479448.992353,1475
379479461.837815,6533
379479477.635365,13160
379479500.256076,261
379479508.454084,13043
379479531.030455,5500
379479548.496882,13003
379479560.427054,13110
379479584.505151,3861
379479592.265929,12987
379479603.967537,12970
379479617.52902,13073
379479625.164139,12978
379479640.043206,487
379479668.229288,11997
379479676.750598,935
379479684.317767,13549
379479699.780561,1475
379479713.208793,12833
379479730.293084,12928
379479747.923802,9728
379479755.958216,2248
379479764.37417,12981
379479776.553676,6953
379479794.661349,12969
379479810.513715,8584
379479819.950386,13077
379479827.401619,13070
379479850.565495,13021
379479856.565086,937
379479867.988227,13083
379479881.543432,4247
379479898.304546,13100
379479911.197354,1065
379479921.713285,13133
379479927.637825,13132
379479938.491934,5081
379479951.975314,399
379479960.896988,10027
379479972.160117,13132
379479979.466693,13208
379479991.540548,13204
379480000.887273,3673
379480015.727738,13284
379480029.901841,414
379480046.410356,144
379480056.920545,10611
379480069.679847,379
379480080.851716,7122
379480099.572547,4878
379480118.563307,1519
379480135.551232,1341
379480153.136048,9872
379480166.285006,13574
379480185.883443,445
379480200.907459,13478
379480213.338169,13560
379480229.896757,11616
379480242.597765,323
379480249.679188,13536
379480262.246407,3485
379480272.637471,9306
379480284.225032,2532
379480300.254751,13629
379480308.572521,141
379480316.687357,1232
379480324.979557,8981
379480337.694439,3180
379480347.940665,13882
379480355.552968,11277
379480362.30371,13688
379480375.41915,7850
379480380.272043,2295
379480399.020864,1909
379480414.689838,13678
379480432.723626,1512
379480440.865985,10011
379480453.091838,13619
379480466.745121,440
379480481.179314,7802
379480498.457372,13669
379480510.170905,13556
379480522.110062,13742
379480534.069462,626
379480548.323095,2263
379480561.214024,5997
379480571.646582,4729
379480581.144762,1613
379480594.914575,13531
379480606.723751,1671
379480624.870251,8837
379480642.009536,164
379480652.961331,13349
379480661.206528,13416
379480672.16258,1464
379480683.731383,13254
379480692.230123,13441
379480705.923096,8698
379480718.597581,146
379480724.672911,287
379480744.979412,13789
379480754.917562,225
379480763.49566,990
379480777.072484,13211
379480782.144464,114
379480793.894341,228
379480810.445027,13371
379480834.172522,12620
379480845.987923,1505
379480857.663446,13265
379480870.597133,2797
379480877.050499,13160
379480888.07019,7297
379480895.10495,793
379480904.562461,8090
379480914.705028,2742
379480924.795841,110
379480929.622672,356
379480937.765985,2657
379480948.41596,179
379480957.640557,2104
379480969.375241,12965
379480980.891019,12933
379480994.033805,5913
379481001.217486,1245
379481012.281956,168
379481025.607761,12902
379481041.279185,12949
379481053.412861,124
379481059.132089,903
379481068.262957,554
379481068.718517,104
379481080.749335,1010
379481087.163947,13036
379481099.041835,144
379481106.504155,621
379481110.046455,5201
379481115.732894,12982
379481131.361656,13026
379481142.141292,12923
379481151.525373,1386
379481165.436738,99
379481173.901953,2284
379481179.611734,13036
379481185.853206,2165
379481195.264525,135
379481203.42864,13053
379481213.588973,1399
379481218.706792,10772
379481222.940717,13190
379481230.601658,97
379481238.034559,924
379481252.805322,131
379481262.750944,825
379481271.726408,13112
379481285.222593,13166
379481301.122518,5773
379481311.063582,13231
379481320.316203,4334
379481326.251375,575
379481337.800258,8819
379481344.947884,5730
379481353.364659,1854
379481366.13823,6822
379481371.919186,749
379481380.460293,13338
379481389.000676,13652
379481400.369244,8209
379481410.308338,1568
379481414.381134,11407
379481422.176463,6025
379481430.087168,4384
379481442.137366,159
379481446.967104,1509
379481451.869557,13480
379481460.902627,267
379481467.768575,6131
379481478.920697,1460
379481481.994269,2857
379481488.546543,8215
379481493.222347,1231
379481498.990676,1205
379481504.912291,1250
379481517.657667,173
379481524.778967,3479
379481536.151676,7774
379481550.880811,6308
379481558.733549,1525
379481567.798792,331
379481577.874145,6232
379481588.139607,13546
379481595.353785,13847
379481607.49139,323
379481619.284711,491
379481626.020691,1517
379481634.977476,242
379481639.074022,1465
379481649.799618,8367
379481661.776419,879
379481668.840191,1786
379481685.472883,13715
379481694.286502,10643
379481703.2685,11353
379481716.088956,1365
379481723.73292,1818
379481731.776558,1660
379481740.583169,8089
379481752.529799,218
379481755.994822,2638
379481765.858824,13628
379481770.6866,8169
379481781.566029,174
379481795.061846,9786
379481806.005242,13643
379481821.09167,202
379481830.056508,9296
379481838.5513,13591
379481847.234756,229
379481855.491378,974
379481863.298705,3710
379481870.044782,5356
379481875.144566,5299
379481884.296773,13444
379481893.271181,356
379481902.436727,6384
379481907.356546,548
379481915.887456,2908
379481919.783509,1485
379481929.355252,13662
379481943.282502,9723
379481949.654818,1627
379481954.451183,1197
379481960.287308,362
379481973.095693,10129
379481976.093273,1851
379481981.802859,2271
379481988.350871,13352
379482002.168968,3116
379482007.81704,13288
379482018.298675,2155
379482027.976286,949
379482040.008547,478
379482044.510568,634
379482052.514434,13311
379482061.981685,204
379482068.795869,8728
379482074.074921,13275
379482081.329677,1522
379482089.353743,13192
379482097.769157,6566
379482105.04103,13200
379482108.641448,13258
379482116.222739,13248
379482126.08929,12747
379482135.492044,12942
379482146.681866,13166
379482152.50189,304
379482155.540273,4130
379482161.392381,1510
379482178.209238,13144
379482184.173529,13179
379482198.657036,13039
379482204.416872,532
379482210.497116,10233
379482222.381534,13122
379482229.391205,13043
379482236.628094,11315
379482245.86189,191
379482254.345585,11433
379482264.769192,2522
379482273.963522,7261
379482281.281864,3813
379482290.147876,147
379482299.070776,9522
379482312.429689,1908
379482321.292192,238
379482328.033529,201
379482344.46501,136
379482352.782522,13326
379482361.000445,12806
379482369.554306,8313
379482380.760091,191
379482394.465138,1053
379482400.257958,1538
379482406.060905,471
379482417.774183,109
379482424.809152,13242
379482436.929094,671
379482445.849031,4519
379482453.67153,99
379482457.909499,12998
379482467.160556,2757
379482483.785444,10294
379482492.73603,5118
379482500.085518,13079
379482508.335207,2175
379482521.14771,5408
379482530.335131,7675
379482541.192177,13006
379482553.099449,1490
379482565.881232,13080
379482572.280417,248
379482581.25044,13124
379482590.245062,1290
379482599.761078,492
379482607.075547,1443
379482610.320752,1790
379482624.899547,215
379482637.610981,242
379482647.180324,3044
379482658.602416,12430
379482671.916678,3210
379482682.285704,12442
379482688.165895,11365
379482697.390207,13311
379482705.265037,13412
379482711.913464,99
379482730.363461,134
379482737.053665,9150
379482746.604106,2794
379482760.813499,8261
379482771.40682,12784
379482780.847398,7341
379482790.209015,2147
379482800.925709,192
379482811.95759,108
379482819.511749,662
379482828.434959,1587
379482834.119726,240
379482840.102294,13525
379482847.418772,13463
379482851.860484,13513
379482855.474811,789
379482865.558983,161
379482876.065545,1670
379482885.177726,197
379482898.306637,131
379482910.792503,101
379482919.520695,104
379482925.15198,166
379482932.535396,13692
379482940.627518,924
379482951.987359,6012
379482960.811182,8795
379482967.337761,10938
379482977.951478,13691
379482989.768763,5018
379482992.408557,4201
379483002.652642,3046
379483007.986227,1507
379483024.74575,13706
379483032.363083,13731
379483043.780408,5987
379483049.244407,1249
379483052.323166,13744
379483061.123607,12601
379483073.127616,13651
379483078.697849,9926
379483094.168139,13860
379483108.873585,1036
379483116.430329,124
379483123.817174,4347
379483130.958615,3002
379483144.173498,13549
379483147.701235,9228
379483148.965341,3947
379483157.606841,12072
379483168.697026,155
379483183.648525,13559
379483192.137219,6198
379483200.293726,213
379483201.486196,5839
379483206.942326,2241
379483213.81354,13518
379483222.554601,13424
379483232.883755,1407
379483246.618896,505
379483251.458237,1507
379483258.271032,2544
379483266.662996,9828
379483276.408849,13167
379483281.843673,1184
379483286.756866,12397
379483295.066031,167
379483301.106619,1916
379483308.789565,4747
379483312.412883,2731
379483319.337963,1092
379483323.295773,13323
379483325.873234,1829
379483337.281408,141
379483347.574285,201
379483353.97361,9739
379483366.613477,100
379483371.800517,1107
379483375.671639,2413
379483380.914135,230
379483388.668667,292
379483394.29423,383
379483404.433402,13194
379483410.937291,13184
379483416.761826,5671
379483424.564912,854
379483429.340056,12492
379483438.526633,4391
379483445.392945,9950
379483452.614901,150
379483458.550983,13777
379483465.628212,146
379483471.849982,4744
379483477.861122,212
379483483.964271,2678
379483489.568339,3682
379483495.921077,610
379483499.84407,12056
379483509.729273,13121
379483517.158035,13051
379483520.907421,97
379483528.819432,8782
379483532.781742,5446
379483543.220951,13110
379483546.815937,4261
379483552.581741,8681
379483559.561784,394
379483569.136564,1127
379483576.888512,99
379483584.771322,2669
379483589.42924,137
379483597.562125,12541
379483603.578994,2265
379483611.456482,588
379483620.705848,11320
379483624.235164,2092
379483632.51482,2002
379483639.683452,1804
379483646.945639,126
379483651.11938,12930
379483658.296571,2439
379483667.524137,12338
379483676.159351,12981
379483678.201404,156
379483682.395877,793
379483689.579754,1398
379483698.021361,3375
379483703.618146,8056
379483705.807722,3081
379483710.969234,13074
379483717.67767,206
379483722.731467,1384
379483726.561018,908
379483728.678264,135
379483735.636495,1149
379483738.838846,8359
379483745.327478,2417
379483753.652312,660
379483757.509578,384
379483765.30811,12992
379483774.727749,12875
379483775.185819,12960
379483781.36587,2642
379483787.288239,13035
379483794.686115,1886
379483798.915146,12991
379483802.298894,8912
379483810.129763,10220
379483814.699571,8342
379483820.958805,131
379483822.397374,1763
379483832.826409,96
379483842.563266,457
379483842.948691,848
379483848.476692,182
379483856.488845,160
379483858.779644,1484
379483866.280228,5821
379483872.785067,13304
379483878.801116,186
379483883.508222,186
379483887.988761,1741
379483891.907068,249
379483892.756448,13338
379483897.312988,13105
379483902.722158,6476
379483910.144077,2386
379483910.843733,2295
379483919.651752,4438
379483925.025307,13200
379483928.667644,1246
379483935.841926,394
379483937.75682,2721
379483942.424924,321
379483945.60091,386
379483950.12947,5924
379483955.151663,141
379483957.305436,7255
379483963.56086,701
379483969.406891,3764
379483970.619806,208
379483978.84887,1128
379483983.691821,357
379483990.645043,346
379483995.147626,11675
379483999.748128,2899
379484006.222581,1440
379484011.197678,709
379484013.04195,1351
379484016.14769,6600
379484022.306021,1819
379484029.62128,2560
379484030.611606,5121
379484037.286083,13387
379484042.295448,1016
379484049.283828,1456
379484052.349978,2610
379484058.198037,220
379484058.562342,5004
379484064.631801,10911
379484066.230166,148
379363654.993597,246
379363660.310353,7699
379363661.595805,14028
379363667.725627,4943
379363669.903226,1579
379363672.955226,923
379363678.224839,7952
379363682.083706,1255
379363683.252169,3840
379363689.536237,1882
379363689.12978,5914
379363690.237551,2629
379363693.061089,1304
379363699.288956,2725
379363700.908349,582
379363705.549835,481
379363708.160912,6110
379363708.512627,2949
379363715.803795,402
379363715.461576,1374
379363719.248414,876
379363722.825622,9304
379363723.958778,13988
379363727.758312,14165
379363729.13774,12589
379363731.683665,13917
379363734.505514,10695
379363738.884665,11327
379363742.202998,351
379363745.008863,5073
379363747.44621,10068
379363751.846515,10541
379363754.340806,4714
379363755.373079,2532
379363758.12061,459
379363761.135118,13843
379363764.930617,13835
379363766.665442,14058
379363768.788889,1229
379363768.082541,388
379363775.638003,3179
379363777.346723,841
379363778.903787,1042
379363782.99394,402
379363787.543931,215
379363789.295545,2711
379363793.266494,7037
379363797.860721,13859
379363797.245756,6006
379363799.945583,1458
379363802.060384,6687
379363806.750543,553
379363807.365137,1682
379363810.598297,5454
379363814.223574,4551
379363812.570285,13846
379363815.314264,2078
379363818.191492,13852
379363822.045553,3373
379363824.481407,1723
379363825.683508,291
379363830.109972,11931
379363834.488937,4669
379363835.653481,13896
379363839.161956,5464
379363842.570952,5216
379363844.716326,1960
379363847.042223,973
379363849.038612,13833
379363851.584125,6690
379363855.796847,5724
379363858.746729,7897
379363860.080704,6405
379363865.448169,13412
379363868.056872,1812
379363871.397233,2956
379363872.563391,4734
379363873.108152,13776
379363875.985645,9082
379363877.224175,5984
379363882.14179,1234
379363883.109266,1367
379363887.303565,13654
379363885.005024,13786
379363888.902478,5397
379363891.412458,475
379363892.833765,1486
379363897.880477,9507
379363898.778763,665
379363898.444393,854
379363902.589705,614
379363903.275274,847
379363906.762322,144
379363907.443047,13860
379363909.764587,1258
379363915.635518,2907
379363918.61969,2307
379363921.052681,571
379363922.326277,13851
379363925.877899,11113
379363927.324355,413
379363931.556379,1237
379363934.285425,2562
379363936.61547,4776
379363938.557082,517
379363941.403285,1220
379363943.827986,6223
379363945.092679,12963
379363947.327548,425
379363949.072449,13687
379363951.683534,13721
379363952.887017,13739
379363955.847029,2085
379363960.359548,6004
379363958.578668,2600
379363962.873001,8557
379363961.468626,6568
379363963.254383,4920
379363964.405443,1737
379363965.610988,13262
379363968.97427,623
379363974.998942,2354
379363974.956493,2234
379363977.640591,13657
379363982.439595,13642
379363983.634011,1251
379363985.117706,566
379363987.830474,592
379363989.092913,121
379363992.058396,623
379363996.116911,196
379363994.80611,222
379363997.16566,1508
379364001.583941,7385
379364004.558375,6034
379364005.172108,2368
379364007.300907,11154
379364009.581753,3174
379364013.378459,1025
379364015.286576,13492
379364019.990243,1139
379364020.484352,13528
379364024.688205,1583
379364026.643425,1408
379364032.842758,4459
379364034.814538,4460
379364035.864771,797
379364038.526723,13537
379364044.299826,6734
379364049.859531,11875
379364053.846848,998
379364058.180995,2084
379364061.603077,1907
379364062.697863,2700
379364066.44535,374
379364069.372947,2039
379364070.73175,13575
379364076.642055,13496
379364077.923947,2415
379364081.051422,272
379364084.542883,6599
379364086.027621,12812
379364088.937631,13511
379364093.556184,10834
379364099.613563,13737
379364101.151608,6357
379364103.415472,1615
379364110.836796,4866
379364111.38523,5085
379364116.322276,218
379364116.572922,598
379364119.573192,13479
379364126.736826,9106
379364127.140768,428
379364130.852078,5674
379364132.857061,1942
379364136.320696,1653
379364142.036995,8019
379364142.440448,3872
379364149.268435,1726
379364154.635479,13310
379364157.402691,9283
379364161.163217,934
379364164.591013,4423
379364169.377061,1468
379364173.768937,6395
379364176.587949,3105
379364183.848091,1522
379364188.927411,4478
379364185.14704,2663
379364189.895717,581
379364195.159811,3810
379364198.673667,1299
379364203.656368,3075
379364209.620631,2277
379364210.321914,371
379364214.369161,1307
379364221.931152,3469
379364222.981303,2026
379364226.777574,6376
379364229.160354,1445
379364232.074698,2132
379364235.185349,4478
379364236.67328,743
379364239.042909,6305
379364244.552624,6362
379364246.178119,192
379364250.384204,12050
379364253.928809,589
379364256.396602,1428
379364258.113254,3891
379364263.201413,2926
379364269.412751,13213
379364270.778618,13277
379364272.650784,1289
379364278.687118,484
379364281.548733,3271
379364284.031909,762
379364286.293193,10466
379364291.486447,3605
379364295.493047,124
379364298.287276,13238
379364303.035194,4252
379364305.620093,1638
379364310.657446,230
379364312.448893,393
379364314.256058,13163
379364319.482525,935
379364321.783582,13185
379364327.426202,4995
379364330.437278,3376
379364335.818085,13187
379364342.303501,13170
379364345.562406,13170
379364351.451135,1860
379364354.510234,4945
379364357.874929,9018
379364360.696855,1645
379364363.372927,2440
379364364.609504,4279
379364367.124299,4011
379364373.196695,544
379364376.358749,4883
379364379.453772,2359
379364383.558065,13269
379364387.504932,1552
379364390.077325,8018
379364390.958351,5795
379364395.443546,1129
379364399.209103,9700
379364401.375234,3339
379364402.640156,9568
379364407.598894,10274
379364412.842836,1442
379364417.131521,2332
379364419.46988,2351
379364420.975946,4846
379364427.318144,575
379364428.68281,301
379364432.610975,5556
379364438.037822,870
379364438.730787,2757
379364439.945095,972
379364442.813904,1382
379364448.754224,402
379364450.755796,3110
379364454.120899,917
379364454.652991,2131
379364458.974074,505
379364461.382924,1590
379364462.058108,537
379364467.355476,2567
379364469.066457,13385
379364472.245642,13342
379364474.590265,188
379364477.237323,2346
379364481.107588,1033
379364484.731829,3155
379364487.955198,1166
379364489.267339,13384
379364491.648846,935
379364495.528703,1985
379364496.50272,839
379364498.796482,3816
379364503.363562,2301
379364504.460216,1313
379364505.503749,3824
379364508.864679,220
379364512.627237,4656
379364516.151807,9417
379364517.510034,13370
379364521.33603,13395
379364521.908211,6485
379364522.45879,8547
379364524.807295,233
379364528.30431,4494
379364530.477294,862
379364532.627681,7537
379364537.231509,13493
379364535.250315,2591
379364539.329186,570
379364539.896703,13529
379364541.262324,5911
379364543.583811,3429
379364543.799608,3168
379364548.80969,1729
379364549.210389,3387
379364551.217952,7190
379364551.610953,374
379364554.31732,13511
379364558.295386,2305
379364560.897268,13470
379364559.829973,3321
379364562.706442,1821
379364563.791044,6007
379364566.588137,3481
379364568.893957,13511
379364572.390462,1163
379364572.88534,2711
379364575.945942,2318
379364578.25755,2926
379364580.005286,1585
379364580.8697,425
379364582.487671,13681
379364584.490528,2047
379364587.763135,697
379364591.020884,13473
379364590.809269,8097
379364592.742501,1664
379364597.054225,10400
379364596.811591,5853
379364599.50825,221
379364602.405361,1279
379364601.622937,8405
379364602.914419,246
379364607.301947,14223
379364607.261006,6738
379364609.96102,13609
379364607.849618,1707
379364611.617188,10618
379364611.3503,1202
379364615.902388,13562
379364619.488315,1858
379364623.261867,13557
379364622.486318,243
379364625.587982,934
379364624.876502,523
379364626.39653,1550
379364626.395666,5268
379364629.426279,604
379364633.23302,13117
379364636.106597,1769
379364634.312099,7545
379364638.603176,735
379364638.154348,1541
379364644.057382,2150
379364646.410351,3614
379364647.853847,13612
379364649.566807,158
379364653.678673,149
379364654.881621,7103
379364659.133031,13633
379364660.205468,13679
379364662.548377,13568
379364665.656251,512
379364666.744286,535
379364668.56393,494
379364670.54688,3392
379364673.768111,10094
379364673.319766,276
379364676.680843,1527
379364677.126571,12341
379364678.306708,3010
379364680.688119,4949
379364681.714008,1972
379364685.46232,9407
379364686.885819,6032
379364690.235323,747
379364694.873575,1387
379364698.760101,3712
379364699.269621,13712
379364702.934739,460
379364708.093921,13212
379364709.714185,141
379364712.71128,900
379364715.838814,13807
379364718.172293,1204
379364723.791295,13654
379364727.614214,3496
379364730.6147,13742
379364736.908213,3776
379364742.553133,1485
379364747.753024,2415
379364750.454355,8588
379364752.457517,12509
379364755.411991,1412
379364758.106647,13722
379364758.994444,228
379364765.850892,1719
379364766.178658,1034
379364769.659103,5430
379364773.653567,724
379364776.572597,3608
379364779.275381,12148
379364780.564227,2766
379364780.883277,5086
379364783.437364,2675
379364785.80316,1108
379364789.389521,13744
379364790.452732,4295
379364792.406456,13835
379364796.276982,11682
379364795.304481,1715
379364798.151998,2834
379364800.863155,317
379364804.342258,11889
379364806.196115,1340
379364807.498513,1346
379364808.252626,246
379364811.808527,855
379364813.990266,2131
379364815.233804,8126
379364816.760056,5996
379364819.431478,3224
379364818.425327,4524
379364823.474966,3534
379364821.496374,3206
379364824.463872,5112
379364824.847463,1961
379364827.139791,13946
379364826.940903,14101
379364829.914358,648
379364830.478878,9961
379364831.482742,1476
379364836.548593,1648
379364837.242051,9436
379364840.920863,13788
379364841.485031,4934
379364841.981018,1224
379364846.246883,3890
379364846.074876,2447
379364848.961706,2338
379364851.693913,10780
379364851.809712,5873
379364853.02995,4150
379364852.953304,4723
379364855.404396,591
379364858.492051,5156
379364859.451095,4512
379364860.83219,14027
379364863.484674,5464
379364866.489435,12420
379364867.075525,858
379364868.111172,6772
379364869.982184,9239
379364870.990049,1698
379364871.139636,5675
379364875.138196,1379
379364877.879358,1499
379364876.77637,11514
379364879.77602,7947
379364881.686199,378
379364884.612209,10273
379364887.599994,2784
379364889.573608,2775
379364889.285061,2211
379364893.284387,658
379364892.164186,2155
379364893.786585,5780
379364897.997907,5044
379364898.998414,115
379364901.282012,3347
379364903.2246,767
379364905.212186,4097
379364908.466333,5189
379364914.539607,2502
379364913.849805,6683
379364915.892863,9450
379364917.447915,3254
379364921.218868,1690
379364924.225728,7376
379364924.510939,974
379364925.587999,9046
379364932.291343,223
379364933.47361,9048
379364937.279797,5486
379364939.230333,118
379364942.81241,4025
379364941.94449,8812
379364943.900713,618
379364947.890999,8795
379364946.753579,4727
379364949.981628,2714
379364951.0232,14065
379364954.829247,1783
379364957.383411,2573
379364957.138723,469
379364958.940213,1410
379364962.166793,3538
379364964.094768,2038
379364966.117451,904
379364968.460461,3310
379364970.042078,1490
379364972.37725,1381
379364976.271915,4213
379364978.219753,4243
379364977.03135,1126
379364984.598825,662
379364982.721875,4883
379364986.435533,3106
379364988.092749,4106
379364989.712634,1259
379364994.115376,8117
379364995.841659,1155
379364999.459883,3048
379365000.123403,3913
379365001.081699,13681
379365004.84158,1726
379365007.240555,1490
379365009.601427,2259
379365011.379933,14203
379365015.266732,662
379365021.022541,14033
379365022.567898,5358
379365023.038053,929
379365024.513145,11280
379365031.523632,1435
379365031.791619,566
379365036.533612,561
379365037.94273,749
379365042.160421,13015
379365043.319209,6651
379365049.258514,3155
379365051.970648,1661
379365055.530468,9992
379365058.363093,6649
379365062.328108,5015
379365065.170627,4203
379365067.306913,14086
379365069.29966,6086
379365073.990918,432
379365076.883508,10818
379365076.870061,1162
379365083.267989,6233
379365085.164221,3115
379365087.489301,5024
379365089.637597,3009
379365091.984149,1487
379365095.845133,467
379365098.962208,5203
379365101.410418,600
379365105.479673,7584
379365107.783409,3556
379365112.663121,14232
379365119.322463,7203
379365119.940089,5425
379365125.130235,1117
379365127.651546,4859
379365129.781644,4565
379365131.583686,1348
379365137.119184,325
379365141.203952,13912
379365144.922979,13812
379365148.188738,2219
379365149.421311,626
379365152.366746,314
379365155.955078,6366
379365158.02282,2253
379365162.429043,3154
379365161.761193,1518
379365165.103246,7292
379365169.294566,13802
379365172.351203,160
379365179.117169,2179
379365180.874851,1425
379365182.574259,4150
379365186.559465,815
379365188.1427,2571
379365193.548159,4377
379365196.110982,3757
379365198.426624,1261
379365201.563926,13265
379365208.246604,1365
379365207.865066,360
379365211.064633,9715
379365215.561519,1473
379365216.583039,2046
379365221.396667,556
379365225.117478,3156
379365227.234851,3809
379365230.161313,1491
379365236.264656,13763
379365238.897507,6594
379365243.135378,333
379365249.810118,3928
379365251.602564,5790
379365255.809391,1689
379365258.376421,13729
379365263.320464,11389
379365267.370723,11117
379365269.499358,1559
379365273.324732,129
379365276.439871,14248
379365278.923277,11377
379365282.536456,3487
379365285.736882,10635
379365288.297558,2254
379365290.797999,13639
379365292.717702,1191
379365299.036589,3755
379365301.736721,1165
379365303.28076,1481
379365306.934918,1116
379365309.456112,3463
379365309.815079,6246
379365313.836974,1536
379365317.352008,165
379365316.787181,1024
379365321.298428,868
379365325.464033,4561
379365331.118319,2697
379365338.226339,1523
379365340.617099,1408
379365341.915344,284
379365343.851675,13595
379365346.339119,4087
379365351.933618,3192
379365355.529146,13513
379365356.655082,2170
379365359.809282,876
379365362.072987,5007
379365364.66836,2325
379365369.005206,13499
379365373.344894,1227
379365377.17631,2411
379365381.528119,1960
379365384.469314,2301
379365383.72372,145
379365385.947788,13531
379365387.86564,1558
379365393.43558,2397
379365397.183179,4366
379365400.075079,5336
379365405.536814,155
379365408.311684,241
379365408.666641,2418
379365412.243536,7207
379365418.640776,12164
379365417.842802,2721
379365420.541409,425
379365426.625078,955
379365429.141454,1676
379365432.515747,345
379365436.261621,2311
379365440.23267,718
379365444.967986,13431
379365448.068138,5729
379365450.692028,2164
379365455.544544,4622
379365458.202966,13830
379365463.544014,1289
379365467.276361,215
379365468.531112,13442
379365472.642879,13441
379365475.888652,8966
379365478.320104,13370
379365480.50021,1966
379365484.518684,13332
379365488.149159,5005
379365490.110621,333
379365494.37397,152
379365495.116693,5662
379365499.114716,3962
379365503.726719,2728
379365507.068421,13379
379365509.589877,367
379365511.629539,13532
379365517.553173,2403
379365522.914647,1415
379365527.06135,13318
379365530.800912,13839
379365535.468036,6618
379365541.15685,1850
379365542.185761,13347
379365545.323481,13165
379365547.542212,2512
379365550.171172,8098
379365552.63768,3932
379365559.054118,13300
379365560.062883,1583
379365563.988048,2590
379365565.666546,601
379365568.635438,1517
379365570.494589,1066
379365573.473903,10767
379365579.631597,1971
379365583.746177,5061
379365587.789724,322
379365589.457934,2122
379365595.589254,4559
379365594.736191,14102
379365596.720709,1831
379365599.273076,11791
379365604.122044,13157
379365603.906648,1511
379365610.383055,2720
379365613.190204,13181
379365612.084076,1740
379365617.196061,2070
379365621.057838,534
379365619.511069,4719
379365626.694174,4111
379365625.305111,708
379365631.302592,9119
379365629.6686,1634
379365633.687667,7093
379365636.479812,1578
379365638.485663,1480
379365640.63674,4496
379365645.547783,6808
379365650.23619,11392
379365650.860022,13246
379365657.648468,307
379365660.639501,13207
379365662.973067,5246
379365665.834336,4160
379365666.27657,7265
379365670.77587,13224
379365672.243244,3184
379365674.807492,8202
379365676.840721,13183
379365676.625847,10755
379365683.661545,13209
379365681.729104,6940
379365688.917043,3935
379365691.709153,13672
379365695.968634,13372
379365698.061673,2650
379365701.028257,14030
379365705.495655,9539
379365708.705457,3312
379365708.838377,2006
379365712.339805,9998
379365714.458783,13205
379365716.850588,393
379365718.188295,1005
379365721.325486,405
379365725.20111,13207
379365727.750158,9157
379365728.975868,4056
379365731.208038,6296
379365735.22664,13281
379365738.573507,8021
379365737.394368,12612
379365743.680559,1808
379365745.165592,1426
379365746.169942,678
379365750.189972,13312
379365754.079736,13343
379365755.10045,8205
379365758.745595,6034
379365761.742075,8428
379365764.366333,2690
379365762.530852,6019
379365766.115833,12452
379365769.976466,10084
379365771.532748,11030
379365773.44096,1604
379365777.019508,7285
379365777.170483,10231
379365778.80121,6165
379365780.92924,10071
379365785.050629,1576
379365786.844503,2781
379365790.02603,13305
379365792.565972,13380
379365795.217865,8359
379365794.888587,13428
379365799.78842,7159
379365798.91389,7568
379365803.471901,444
379365804.55228,13426
379365806.404713,5875
379365810.19229,5307
379365813.513818,7991
379365816.509145,12901
379365819.11823,6912
379365820.787777,5635
379365821.878255,10599
379365822.472127,11749
379365825.891755,13824
379365826.160064,5313
379365829.697459,2645
379365827.369387,1523
379365830.600334,1412
379365833.838031,5880
379365835.768815,2958
379365839.187664,13390
379365839.724193,7945
379365841.215181,8969
379365843.622695,2327
379365849.930381,2366
379365852.377934,9251
379365854.537378,781
379365857.50788,6395
379365858.873058,2139
379365859.95989,8332
379365861.225094,1870
379365867.338891,6924
379365869.078225,2238
379365871.882008,3907
379365874.160482,2908
379365875.809814,13453
379365878.626069,1434
379365880.004618,13483
379365882.267255,6438
379365883.341081,13199
379365888.181622,2191
379365887.895149,6591
379365891.977201,3838
379365892.387894,1410
379365897.047902,6277
379365898.442929,228
379365900.146985,4998
379365903.310383,6067
379365907.655271,8252
379365908.731468,1480
379365909.319097,7058
379365915.377882,13490
379365916.761873,13503
379365920.257123,9533
379365921.765638,13530
379365922.786916,320
379365924.516877,3561
379365927.466521,3501
379365931.004067,3093
379365933.128793,13639
379365936.039567,13585
379365937.420803,9244
379365941.478334,5333
379365942.307747,12760
379365944.178159,4512
379365945.319432,5845
379365948.162059,1194
379365949.460892,7834
379365952.712481,14059
379365952.129362,533
379365956.527491,13582
379365958.59869,13587
379365960.594563,1398
379365961.520313,484
379365964.75855,9357
379365967.352803,13591
379365969.319382,7804
379365974.043883,376
379365974.188289,14097
379365979.335155,13439
379365979.676147,13628
379365983.012899,194
379365985.088377,8605
379365987.120248,7507
379365989.599171,3674
379365993.587794,8271
379365992.044484,12750
379365994.950946,685
379365998.535627,633
379366000.279483,370
379366006.165881,13762
379366007.137242,13677
379366009.346643,13664
379366013.486174,244
379366014.338373,622
379366016.463508,6026
379366018.247317,3198
379366023.953879,13996
379366026.525951,13724
379366029.062146,8527
379366031.846822,1884
379366033.848631,13725
379366036.728251,11134
379366039.422509,7411
379366043.985513,3122
379366048.113142,12063
379366050.404566,13745
379366055.663256,1123
379366056.575263,6663
379366058.427873,381
379366062.346951,3686
379366066.131139,1816
379366069.944704,4524
379366071.797914,2569
379366074.687783,13683
379366075.772499,1445
379366078.206849,4517
379366079.556383,13787
379366084.642947,13700
379366087.992294,10215
379366092.003337,4416
379366094.501959,5748
379366096.935856,13777
379366100.217401,217
379366107.821731,12873
379366108.784747,13857
379366111.318419,11809
379366114.996035,13782
379366116.973617,9670
379366119.755376,471
379366123.230737,10194
379366124.987926,9213
379366129.555928,13233
379366132.073647,10944
379366136.593705,13835
379366139.826876,13802
379366145.248631,1566
379366148.283662,11499
379366150.794297,493
379366152.373015,188
379366155.447464,9240
379366158.907788,13794
379366162.128068,196
379366161.960313,4460
379366162.833744,996
379366166.641904,8308
379366172.323652,1533
379366172.928791,4924
379366174.332744,176
379366175.789042,5092
379366179.225238,11139
379366184.357428,10704
379366186.868455,2720
379366190.953603,13891
379366190.01836,7680
379366195.084258,6151
379366198.126877,3904
379366200.164055,7116
379366202.149209,10981
379366203.515606,7768
379366205.930985,2994
379366206.927283,4536
379366207.003882,6965
379366212.112727,8646
379366213.614861,5623
379366214.859703,4608
379366219.264386,1729
379366221.559269,13946
379366222.426634,13366
379366225.213042,4531
379366225.556323,13935
379366231.602802,13899
379366231.00662,1846
379366233.137858,12965
379366235.480056,3852
379366238.261633,318
379366241.837512,6768
379366244.028865,7083
379366245.974069,1699
379366253.287975,1994
379366258.745653,13949
379366260.483742,13960
379366260.691654,1692
379366262.733993,6124
379366264.249158,8177
379366264.715622,3414
379366267.088703,12196
379366270.155562,5231
379366271.111716,5623
379366276.366746,6536
379366276.231871,14052
379366277.392427,13773
379366281.308687,1241
379366283.69755,8143
379366284.967397,5411
379366289.294703,1441
379366292.447854,2352
379366295.995315,8001
379366296.01323,14052
379366299.510255,14039
379366302.95545,454
379366303.488303,827
379366308.17352,9280
379366309.458605,7627
379366311.425493,12700
379366315.476842,408
379366317.666327,14035
379366319.711257,3943
379366321.74639,4606
379366328.765607,2208
379366330.2058,14023
379366332.684183,5027
379366334.469123,11146
379366338.241304,4294
379366341.546196,534
379366343.039433,5047
379366345.560934,5775
379366347.78674,4718
379366350.065287,4258
379366352.587832,5674
379366356.488115,2499
379366357.384916,490
379366359.120781,14030
379366363.614613,1572
379366365.56669,335
379366368.906774,7787
379366375.149707,1848
379366379.159151,12279
379366384.597156,11849
379366383.685804,2158
379366391.067566,5338
379366392.110072,3057
379366395.653138,11583
379366398.655798,1275
379366400.112338,13101
379366402.275034,3149
379366406.63926,3826
379366406.711354,13889
379366407.201436,13928
379366411.564732,3445
379366414.707723,5003
379366412.87593,7329
379366415.985085,13888
379366419.938028,12932
379366422.895283,13950
379366426.04002,10797
379366429.824323,5859
379366435.153897,7250
379366440.683513,10096
379366442.748962,6153
379366449.508496,13824
379366451.217983,2418
379366453.842822,11187
379366458.459718,1112
379366460.54831,4418
379366465.93542,6986
379366469.334333,190
379366468.851583,2061
379366470.740338,13826
379366472.339973,5192
379366474.910553,4583
379366477.428446,8614
379366480.554245,4688
379366482.477978,13821
379366486.238287,168
379366492.405137,1605
379366495.167009,6468
379366496.760659,4324
379366498.119049,13783
379366504.485475,4673
379366507.688426,3892
379366509.091887,5718
379366511.310506,3568
379366514.965737,126
379366519.681046,12537
379366523.39364,13919
379366524.920969,8787
379366530.423917,7070
379366533.672876,5091
379366536.154326,13727
379366538.49144,5191
379366542.005618,1671
379366540.184669,14050
379366543.123625,13713
379366545.843475,13766
379366547.575913,2293
379366551.018517,921
379366554.164869,136
379366560.871205,10361
379366562.673594,5141
379366563.621154,1506
379366568.721421,896
379366575.198922,7246
379366578.167737,3928
379366586.20751,6461
379366590.565037,1191
379366593.144444,14055
379366598.06575,1433
379366601.777942,330
379366602.762589,992
379366611.589996,8723
379366614.001545,445
379366617.694543,4201
379366623.044541,13653
379366626.153761,2629
379366630.410956,12632
379366635.12467,5328
379366637.442964,1916
379366640.204133,13811
379366641.627667,6277
379366644.381514,8817
379366650.75101,13597
379366655.71707,10519
379366657.227753,1974
379366665.676445,4554
379366674.01667,3716
379366675.496845,1663
379366680.020508,155
379366687.271048,13545
379366689.035757,12538
379366693.497895,13571
379366700.207886,4851
379366702.098489,14258
379366704.030121,6870
379366707.49237,3097
379366709.761483,2817
379366709.211729,13723
379366712.495753,1927
379366716.184527,505
379366715.512754,1244
379366716.687521,1153
379366720.849281,537
379366721.277244,4702
379366722.953384,3508
379366725.940799,10129
379366727.471582,1436
379366727.997774,7271
379366726.831931,2001
379366730.774238,8723
379366733.984958,1234
379366732.3705,7422
379366736.09772,291
379366739.072867,303
379366738.7366,2717
379366741.562805,7331
379366744.696446,3828
379366743.40219,690
379366745.69513,1180
379366749.008373,6831
379366751.169974,5402
379366750.908307,4495
379366754.78844,157
379366756.226059,1375
379366758.714127,7487
379366762.243966,7294
379366763.788133,8015
379366770.731778,11320
379366775.98395,10167
379366778.344944,13407
379366783.694415,13441
379366787.358553,4505
379366793.47419,7123
379366802.130222,4800
379366808.051777,4860
379366815.079804,654
379366818.131734,435
379366827.090394,9709
379366831.352892,4371
379366837.133362,11768
379366841.33282,3686
379366848.261913,13350
379366852.898078,409
379366857.942464,3191
379366859.478611,2157
379366865.772399,839
379366873.373627,1504
379366878.313036,8638
379366886.412893,13392
379366891.875656,449
379366899.751017,169
379366903.817299,9084
379366910.89093,13172
379366913.838736,13564
379366919.23142,6034
379366922.0329,14257
379366928.015098,13213
379366930.624818,1502
379366932.355039,13194
379366942.18791,249
379366943.922992,5620
379366953.438728,13323
379366956.284646,11797
379366963.21908,2364
379366967.191991,9733
379366971.824579,13169
379366974.57646,806
379366979.943267,13158
379366983.541747,770
379366986.310341,1588
379366991.779587,13133
379366993.528911,13196
379366996.544141,584
379367000.935621,1645
379367000.934656,1713
379367003.626957,129
379367005.88783,10503
379367006.015155,14053
379367009.065445,1862
379367011.430018,1287
379367014.226271,5452
379367015.208561,2844
379367016.000906,13294
379367019.71825,1806
379367022.011669,13175
379367024.052621,13408
379367028.045225,3541
379367030.722554,13250
379367035.471116,4112
379367035.012484,759
379367036.536499,7691
379367040.672238,4798
379367043.640647,13237
379367042.57052,2491
379367044.428375,365
379367048.222502,2608
379367054.377927,13271
379367056.039026,2369
379367058.375642,1148
379367061.11384,5180
379367064.622816,13341
379367066.005354,2192
379367072.709794,13219
379367073.324311,2559
379367079.758705,211
379367082.791271,10087
379367086.301195,6782
379367090.657023,12018
379367092.421027,5935
379367098.304415,9467
379367098.964176,2986
379367101.874757,1520
379367104.359092,5558
379367105.481469,5526
379367107.245547,1617
379367113.658055,9649
379367114.713114,10246
379367120.844239,3302
379367124.57479,5738
379367129.200676,13161
379367130.928292,9745
379367132.892956,6404
379367137.619836,1519
379367144.617561,355
379367149.343184,8394
379367154.695002,13454
379367162.14682,980
379367168.268011,8202
379367172.632386,1204
379367179.019004,968
379367186.132299,2340
379367188.078905,2234
379367192.225793,13450
379367199.624063,1861
379367206.871566,13502
379367208.555148,4309
379367213.07329,372
379367222.672053,5637
379367233.359731,2838
379367238.688416,4101
379367245.800686,9715
379367254.119939,3083
379367259.154521,3557
379367262.517011,1494
379367273.417878,13725
379367277.926767,7012
379367284.706641,3056
379367291.530164,13527
379367294.06355,501
379367305.030062,13564
379367311.929386,13622
379367322.181198,913
379367326.897143,5862
379367332.8381,910
379367338.62037,12454
379367346.596414,3811
379367351.60673,2390
379367362.934902,1401
379367365.57656,11512
379367367.501508,12121
379367373.139724,1598
379367374.918004,1418
379367378.791856,1586
379367383.846219,3851
379367387.201303,346
379367391.108148,8412
379367395.119281,183
379367402.054633,1729
379367403.245629,5959
379367409.265429,6289
379367413.956792,1027
379367418.698224,6397
379367423.581249,3526
379367426.879238,2885
379367429.780009,13821
379367434.680394,10704
379367440.64206,5232
379367446.510994,1232
379367453.424237,3684
379367458.717899,13868
379367468.521109,2985
379367474.84745,1422
379367490.268824,13928
379367498.013922,13832
379367502.146756,7894
379367506.651341,8318
379367514.016203,3561
379367520.555467,4070
379367526.071778,5881
379367531.193637,5547
379367537.603408,11821
379367538.027893,11849
379367541.415159,1939
379367547.40312,6103
379367552.817423,7013
379367563.26973,2275
379367572.250933,4747
379367589.478051,235
379367605.053299,170
379367613.748973,14071
379367631.352274,9534
379367642.423913,12095
379367652.925727,945
379367663.70983,13942
379367669.457515,3054
379367671.769253,166
379367676.101044,4822
379367685.719462,375
379367690.749284,3530
379367689.315968,2463
379367694.12698,1115
379367701.113831,8454
379367701.954037,13988
379367706.289563,11003
379367708.343216,5317
379367712.975262,9398
379367718.691715,6451
379367723.506223,4638
379367726.297624,13924
379367729.744746,5586
379367732.988871,13356
379367737.794156,3234
379367741.732233,966
379367745.746807,3672
379367747.526595,13951
379367751.298639,2396
379367755.316226,13982
379367761.337563,7141
379367766.79388,7661
379367767.19719,13859
379367774.154388,9041
379367785.435064,1462
379367801.438555,189
379367811.85091,270
379367838.984174,8806
379367843.983184,9982
379367855.534305,13724
379367865.87899,8617
379367880.578729,8279
379367884.877707,13706
379367898.63172,8465
379367909.13573,4009
379367921.516181,13675
379367934.576426,1530
379367947.379059,10365
379367958.797589,5449
379367974.59957,145
379367982.038946,13611
379367990.696406,9101
379368004.675806,2185
379368014.532952,5303
379368023.973262,1772
379368034.244309,627
379368044.303034,1444
379368062.30251,13457
379368082.226332,13458
379368094.942248,10627
379368117.294796,3003
379368126.495076,13374
379368140.939362,8583
379368154.543607,1709
379368167.165922,13335
379368175.319857,1478
379368197.950852,8611
379368215.195697,802
379368221.97574,1508
379368239.504691,1078
379368251.143986,5810
379368263.837405,8443
379368274.753888,8487
379368286.217732,3952
379368302.357126,13158
379368312.096471,1039
379368320.514228,1542
379368330.027559,14223
379368338.687167,13590
379368347.395314,1433
379368357.07792,2690
379368369.824747,13302
379368386.011336,12381
379368396.653195,10559
379368408.59219,13350
379368418.608737,13356
379368430.374247,4591
379368442.091009,7013
379368456.07797,3527
379368468.927035,11397
379368486.12611,4158
379368497.979167,4785
379368508.619689,13402
379368511.343325,13433
379368515.867408,2752
379368521.796302,4194
379368529.486817,8174
379368540.585923,1488
379368551.325572,13606
379368568.538695,13439
379368575.947768,1271
379368590.774345,586
379368601.612134,13603
379368622.163266,1432
379368628.469391,13901
379368641.220446,7707
379368653.613956,4051
379368664.898066,9139
379368678.794788,3882
379368686.694595,2496
379368699.977446,13055
379368718.318345,13532
379368729.228745,3215
379368746.423406,5352
379368763.926637,13873
379368782.69469,14148
379368791.722501,13794
379368804.797447,2522
379368820.579954,6103
379368845.588855,13839
379368863.715069,11308
379368867.023122,7254
379368875.298449,9306
379368886.665496,3986
379368906.184922,4548
379368920.122149,342
379368934.664451,6982
379368947.793495,9144
379368971.295123,14008
379368983.230113,774
379368995.852658,1936
379369007.63311,14032
379369025.200623,2207
379369046.688756,6740
379369055.84301,13987
379369067.694509,13845
379369080.588529,1509
379369087.2981,8178
379369102.556706,504
379369121.391531,8410
379369129.605939,12276
379369135.774711,3003
379369138.555322,13859
379369144.581113,3131
379369145.889278,13824
379369148.287473,11418
379369150.821271,13743
379369153.36327,11169
379369155.360143,13736
379369156.52831,13832
379369159.188322,13766
379369163.674031,1479
379369167.613357,9448
379369169.061904,2998
379369171.32146,8245
379369175.035797,13753
379369180.616032,11907
379369183.683308,2521
379369184.941735,13773
379369187.326295,1401
379369194.214173,3405
379369195.724906,13707
379369200.482718,125
379369206.614534,13737
379369207.687884,8065
379369210.764657,13726
379369215.239564,13757
379369221.491034,1213
379369229.096165,11036
379369231.475751,13677
379369239.041709,6596
379369257.062158,5255
379369264.823552,13644
379369270.219068,449
379369274.210776,217
379369278.755295,12654
379369285.255463,6173
379369300.535221,13508
379369313.869331,10607
379369324.197119,13531
379369327.458503,6568
379369335.120476,713
379369338.735115,2336
379369344.382139,1590
379369345.372194,7168
379369352.017501,7755
379369357.790355,13474
379369358.579539,3181
379369361.693829,1664
379369367.06788,3064
379369369.205552,4832
379369375.29999,13683
379369378.054175,13482
379369382.241076,433
379369393.597248,1520
379369399.580751,4819
379369402.752557,9865
379369425.25002,13431
379369434.962737,2899
379369441.54984,11559
379369452.563,5701
379369467.564386,379
379369477.35402,2338
379369481.408647,10383
379369485.582316,1144
379369493.478482,1180
379369501.865831,8878
379369514.670379,13177
379369523.156898,1220
379369536.926273,11127
379369545.912264,12109
379369551.019916,11262
379369562.385585,527
379369588.5668,4625
379369606.358139,5445
379369620.341454,309
379369631.933471,9748
379369642.051989,13207
379369650.356226,767
379369664.243155,202
379369678.868024,13393
379369689.668979,12047
379369708.191465,2327
379369728.341835,8579
379369744.222139,1554
379369754.341592,13406
379369774.024748,2389
379369788.351163,13346
379369799.634312,1272
379369815.346479,8392
379369827.168278,6036
379369843.351567,13375
379369863.329859,11336
379369882.695634,1316
379369896.628835,527
379369924.705216,5421
379369945.603863,261
379369958.537582,13614
379369968.738851,1628
379369980.417841,1491
379369995.916529,13662
379370013.974471,13657
379370022.429354,13717
379370034.400112,1207
379370045.908423,7570
379370057.265955,13704
379370067.271134,13957
379370089.842703,13768
379370104.19905,451
379370120.901689,295
379370136.540835,13874
379370159.040831,13832
379370167.056639,154
379370179.667956,13909
379370191.513658,6244
379370201.643881,14054
379370213.586043,4850
379370236.017787,11120
379370253.013668,4649
379370265.134865,1464
379370282.429238,1666
379370289.540886,2587
379370316.734356,14047
379370330.193818,1533
379370338.512218,1501
379370345.826792,11596
379370360.394455,150
379370373.006278,13928
379370391.607101,149
379370409.580993,1479
379370424.26006,2218
379370451.690228,1454
379370467.880481,12382
379370481.261651,12988
379370502.732604,494
379370518.198642,13676
379370532.10313,13769
379370548.558283,13467
379370558.323879,283
379370568.692429,13682
379370583.203049,3786
379370594.517506,8005
379370606.824437,12747
379370616.74405,566
379370628.344812,2105
379370638.807184,9037
379370656.60383,9817
379370664.784774,13545
379370677.192193,11413
379370691.061086,2195
379370713.630068,201
379370728.480902,1381
379370739.160581,11072
379370755.837371,13364
379370766.544368,4696
379370785.81189,129
379370801.470837,13374
379370818.37995,5692
379370827.464235,9474
379370848.617305,13305
379370862.484511,2253
379370870.001483,13274
379370886.525505,14143
379370891.074983,2273
379370913.746235,4129
379370929.325057,13159
379370937.070037,10980
379370947.459355,13150
379370960.661789,6488
379370967.240183,13150
379370972.356436,6679
379370990.353283,13273
379371011.311741,5486
379371022.193402,4124
379371033.629178,13331
379371046.806506,1434
379371061.029549,347
379371083.87242,12644
379371096.218785,3515
379371107.918822,1481
379371121.459108,8294
379371139.405264,9429
379371159.122236,1167
379371172.074566,2943
379371190.41628,13485
379371202.67793,12013
379371216.805897,214
379371228.238397,1355
379371247.38166,13513
379371256.346932,1012
379371272.170046,5388
379371287.457702,13613
379371296.446251,1964
379371312.160557,4670
379371328.637283,13607
379371336.67156,13670
379371350.361232,140
379371359.919309,9319
379371373.65853,260
379371384.24255,1510
379371406.09056,136
379371423.117311,140
379371437.512115,13904
379371457.898692,13831
379371470.112648,7476
379371484.273035,13796
379371493.617054,1286
379371510.029913,429
379371519.372528,154
379371530.702358,14012
379371542.668755,5304
379371547.336761,14002
379371566.234391,9483
379371585.981875,14027
379371597.544143,12563
379371606.160813,1436
379371617.135549,1566
379371632.344492,737
379371641.233706,14076
379371656.155783,13507
379371662.554802,4643
379371680.08811,13975
379371698.390444,13906
379371711.905688,13863
379371727.871722,12047
379371740.895568,1520
379371750.985769,847
379371764.62975,13875
379371783.075897,2082
379371797.660118,1535
379371815.142433,13801
379371829.659904,13929
379371840.362375,2405
379371852.531817,1663
379371870.417791,9818
379371883.40502,3306
379371895.488619,13893
379371908.003554,8246
379371922.836436,4371
379371945.235123,3661
379371961.733324,3398
379371976.345157,3043
379371995.040769,13720
379372015.685851,13497
379372028.829415,3710
379372049.263243,1409
379372063.051634,4542
379372080.617656,4766
379372098.571701,4671
379372110.964792,11657
379372123.132455,13355
379372138.508251,1505
379372155.798508,10707
379372172.445172,1283
379372183.758153,4037
379372207.495442,13275
379372218.293863,1295
379372231.58699,13167
379372239.526926,13649
379372252.015298,13146
379372269.718324,13160
379372275.088934,13141
379372285.386368,1509
379372292.033241,13159
379372304.497347,13710
379372319.070024,205
379372329.135164,13397
379372352.432824,13245
379372359.007758,13308
379372381.458959,13536
379372392.177048,998
379372403.257406,6331
379372411.288372,2157
379372429.365896,13386
379372440.467354,276
379372456.034048,1464
379372469.328687,13415
379372478.355173,13118
379372488.181733,13415
379372505.586854,1534
379372513.316916,13690
379372523.692441,904
379372536.116148,13525
379372551.633786,13573
379372572.173082,13519
379372592.943949,13099
379372608.947038,8595
379372625.674349,13625
379372636.042271,13629
379372648.855619,14253
379372661.540329,13702
379372679.082842,930
379372702.905259,13685
379372718.317793,13741
379372731.134168,401
379372750.941967,13819
379372773.104202,6092
379372786.610867,2708
379372798.073014,5135
379372807.92718,13909
379372833.525615,3180
379372846.268795,10059
379372851.754705,13999
379372866.821573,10150
379372870.750296,211
379372893.228157,13492
379372905.180199,4004
379372922.635618,11713
379372935.538258,10588
379372944.302905,14086
379372962.761559,14082
379372976.639888,1471
379372988.399345,1394
379373002.442066,5116
379373007.917883,13972
379373013.722238,1496
379373025.706635,13573
379373033.742909,154
379373051.538214,1175
379373069.460068,803
379373079.878559,9903
379373089.531284,10666
379373101.677814,8884
379373122.236698,11686
379373126.979866,13804
379373134.715735,13853
379373147.425864,1468
379373154.224176,8115
379373177.077474,6911
379373190.543603,1463
379373213.38112,13706
379373229.983646,13886
379373240.786481,602
379373248.52392,13607
379373264.407795,12161
379373278.555868,6547
379373287.952881,13564
379373303.744258,4003
379373314.64531,140
379373334.222485,561
379373348.379531,13473
379373360.096404,5318
379373374.016399,13462
379373391.247159,13451
379373406.488971,429
379373416.75068,5710
379373430.446091,1039
379373445.125385,5543
379373462.595393,1810
379373470.70951,13426
379373479.700602,11984
379373497.527926,205
379373519.878566,4917
379373532.055959,7717
379373545.901791,5793
379373555.173487,3244
379373575.08086,6118
379373598.595053,13152
379373603.336983,13499
379373611.74869,1509
379373626.929362,13140
379373633.23687,9326
379373657.861472,595
379373669.688871,6034
379373689.052313,13291
379373702.394912,7144
379373717.62336,13306
379373726.606096,13333
379373743.956613,13314
379373753.033344,1488
379373767.625221,13470
379373778.357791,2443
379373787.398718,13411
379373796.010251,2653
379373807.403464,156
379373822.782255,574
379373835.780006,13579
379373844.483453,293
379373869.428884,12971
379373884.428105,405
379373892.166735,14076
379373901.284365,13480
379373914.268766,13531
379373929.414442,3140
379373942.589357,13558
379373960.308436,1567
379373980.006054,10974
379373997.332952,9914
379374009.408841,1559
379374026.026333,13764
379374041.507459,4858
379374050.732018,13727
379374062.80456,13699
379374081.999198,2807
379374091.109931,13815
379374101.699335,3737
379374108.901096,13770
379374119.886541,14174
379374133.886259,8000
379374143.822265,13881
379374157.264431,13880
379374172.545629,371
379374189.444105,1450
379374209.483432,13954
379374212.364252,1086
379374228.504058,13846
379374241.702655,9194
379374256.270535,14075
379374270.999053,14235
379374290.274207,5499
379374308.25916,3938
379374322.73102,8361
379374341.278344,14100
379374348.946205,6572
379374357.995779,13911
379374367.313588,495
379374379.706273,1462
379374394.192143,7412
379374405.435426,316
379374433.029641,1475
379374445.319214,1256
379374451.612281,2146
379374468.633621,14071
379374489.461362,13669
379374499.139719,13819
379374518.528708,5017
379374528.85344,2249
379374540.144757,263
379374556.037469,13151
379374583.117079,13688
379374599.232735,1426
379374613.28411,1131
379374628.897408,13556
379374638.515025,5685
379374644.659584,11279
379374658.866004,2537
379374667.645094,13553
379374680.817006,13550
379374697.812372,3102
379374713.658086,1484
379374731.149794,299
379374736.283117,13382
379374744.423134,3718
379374754.534817,1443
379374771.407975,13912
379374781.756108,909
379374797.140079,1459
379374804.035915,13891
379374814.087749,13304
379374818.242109,6260
379374843.243323,565
379374852.532091,8947
379374870.063499,13250
379374876.670593,11813
379374882.140829,13240
379374888.377926,13216
379374904.717742,1454
379374918.463936,1445
379374933.318646,6440
379374951.937312,13592
379374964.902367,9044
379374981.849953,5735
379374992.157271,7641
379375011.298426,13273
379375021.562012,13952
379375034.459869,1522
379375048.762122,13440
379375059.851313,1210
379375066.535333,1475
379375087.029007,13413
379375101.192467,13391
379375109.87579,4154
379375124.966688,11483
379375135.639895,13377
379375150.467404,10055
379375161.851878,13423
379375182.975901,13773
379375199.343617,13512
379375219.292252,1480
379375233.783964,13595
379375243.322924,13581
379375259.675724,9912
379375274.889169,384
379375289.264506,1324
379375306.11525,13705
379375318.508262,9222
379375328.023673,13654
379375352.039287,151
379375364.229408,1506
379375375.029177,569
379375394.273977,5872
379375403.69719,1475
379375425.050435,13081
379375435.840455,13837
379375447.915507,2227
379375466.880932,13896
379375484.016337,1379
379375494.094448,4713
379375510.749428,13993
379375524.823685,1012
379375533.166319,2729
379375544.977041,13999
379375560.873785,12181
379375573.336246,14037
379375599.079456,1048
379375617.277122,4107
379375634.077581,8841
379375642.482607,14021
379375654.96564,5093
379375668.896299,3828
379375687.778311,13968
379375708.179361,2466
379375718.74832,12213
379375739.482934,1013
379375752.536113,1562
379375774.506443,367
379375792.490384,9147
379375807.0961,13783
379375826.814028,1659
379375837.878485,7024
379375859.732504,13749
379375868.965327,1213
379375883.067929,13698
379375893.876539,13615
379375900.611589,10004
379375912.074575,1109
379375921.434463,2716
379375935.755353,13622
379375950.40888,13644
379375967.888274,5627
379375993.176041,10345
379376003.723004,473
379376012.233169,11817
379376028.824221,13523
379376043.036367,13481
379376050.361082,9464
379376064.094901,190
379376072.244964,2921
379376085.62621,1694
379376112.660678,13356
379376121.110754,13355
379376131.943787,3478
379376141.755044,13342
379376162.343107,1490
379376173.592415,3254
379376189.113816,13462
379376197.35399,450
379376209.79879,8452
379376219.751065,143
379376230.101862,13455
379376247.789372,4450
379376264.050381,13515
379376280.938181,8617
379376294.502153,13172
379376307.003714,13318
379376317.919975,1460
379376332.800764,1507
379376339.989468,597
379376361.833389,3285
379376369.914555,1424
379376384.956325,643
379376392.440464,14250
379376401.785676,13629
379376415.489185,8008
379376427.888237,2138
379376449.654979,1448
379376459.32238,13371
379376479.473279,2112
379376485.115472,1466
379376497.992471,8681
379376506.75924,9333
379376518.113313,3878
379376526.507281,10468
379376542.22596,10689
379376558.635889,13490
379376566.362236,12891
379376576.225912,2975
379376594.046194,13526
379376608.41828,13770
379376621.928393,13657
379376630.242049,332
379376652.540521,13653
379376658.710439,359
379376677.161757,13714
379376694.000798,1148
379376704.000801,13773
379376712.406924,9167
379376736.655852,13851
379376743.323816,1635
379376760.631937,1217
379376773.185117,6611
379376793.919473,1491
379376809.813116,10829
379376824.410402,13925
379376837.354113,3813
379376847.426737,1271
379376859.496862,241
379376872.644687,773
379376896.478439,289
379376913.363813,1681
379376924.080077,14109
379376939.998639,13798
379376953.361136,2396
379376975.051755,1712
379376987.631811,3059
379377001.564053,13950
379377009.941589,8509
379377032.251161,10664
379377046.053742,9707
379377061.056524,649
379377071.780079,11100
379377091.69553,1531
379377093.44857,358
379377103.935168,7631
379377118.757818,13769
379377133.802497,6378
379377145.0203,8890
379377163.661345,13906
379377175.585806,13805
379377181.761197,13738
379377201.810495,1479
379377217.969112,609
379377227.519478,1202
379377236.552802,4385
379377247.25751,13635
379377263.719866,13772
379377272.889592,13588
379377299.962529,13510
379377311.694681,13788
379377329.343933,3198
379377337.045025,13376
379377351.670627,1344
379377370.457649,6398
379377386.258058,6632
379377396.29989,532
379377404.934776,13417
379377415.32313,2936
379377430.872236,728
379377453.301021,2897
379377464.698026,10152
379377478.617856,1401
379377497.344744,1310
379377507.538911,274
379377512.616682,13221
379377532.200656,13226
379377543.639769,1480
379377552.896984,8661
379377566.164476,13511
379377577.2086,13186
379377593.382383,13149
379377608.278169,1167
379377619.003377,11442
379377633.508985,13198
379377653.890298,7502
379377672.627216,4121
379377683.753193,2139
379377696.150696,1455
379377712.281042,11521
379377721.330942,1499
379377731.224433,13365
379377739.213518,13333
379377751.163169,13874
379377776.880911,13483
379377795.947813,7317
379377806.38118,13804
379377821.445406,13533
379377837.875646,13861
379377847.251339,579
379377870.36615,3037
379377884.773891,13586
379377892.567698,1055
379377904.171907,14246
379377910.305138,13654
379377927.546027,2135
379377940.132326,1965
379377948.189714,1511
379377964.468006,2801
379377976.182169,13669
379377987.878012,1521
379378007.785131,13680
379378014.204408,145
379378027.058125,13731
379378038.788469,5987
379378050.900867,13944
379378061.801173,6369
379378072.90477,13893
379378092.585759,13848
379378105.681768,6792
379378118.722391,1053
379378130.746937,13848
379378135.957135,13933
379378154.473469,592
379378165.343359,3760
379378180.013627,13965
379378202.583216,12354
379378218.617786,13993
379378226.688054,4665
379378243.305106,1481
379378252.916185,435
379378262.661067,14034
379378275.480503,2364
379378290.630179,6928
379378298.734171,206
379378308.996675,14002
379378315.82504,14015
379378329.105046,145
379378344.000383,1503
379378359.787477,8596
379378372.483796,14257
379378398.168995,13833
379378408.496844,13967
379378419.795127,1815
379378428.311308,13854
379378457.291859,233
379378473.347563,13742
379378487.685032,8853
379378494.796317,1611
379378514.321923,13616
379378527.706689,13948
379378546.35307,13641
379378559.719096,7011
379378567.671308,1511
379378580.744912,2902
379378596.80322,13580
379378606.702982,13611
379378622.645463,510
379378647.205699,9008
379378658.971155,13558
379378680.481478,285
379378696.685953,13426
379378706.101059,7953
379378716.689046,1487
379378727.995464,8364
379378740.51644,2896
379378755.972155,13399
379378768.735903,13432
379378788.069126,10086
379378794.49846,7115
379378802.106072,13241
379378808.489035,13341
379378823.304664,1504
379378837.370751,2647
379378844.788851,759
379378848.768765,13279
379378879.008356,10391
379378895.512465,5552
379378922.052307,13128
379378935.070302,160
379378950.260395,1068
379378966.934713,13299
379378975.890573,1595
379378991.417806,7262
379379005.607074,13855
379379024.535934,1463
379379042.976483,1519
379379061.633759,12693
379379084.665069,1441
379379096.073061,357
379379103.48928,13378
379379125.194775,8428
379379141.154002,13454
379379161.840344,13525
379379174.635068,7976
379379197.541054,5032
379379209.803436,1474
379379226.545917,1795
379379245.502915,11767
379379253.147003,13270
379379263.947921,13628
379379272.851166,13953
379379279.751979,13631
379379288.664096,6548
379379298.720974,2299
379379314.748309,13628
379379321.762576,3115
379379335.176493,4252
379379346.940513,237
379379366.728008,13711
379379383.390806,11082
379379401.146558,13993
379379412.337138,3005
379379434.827402,13821
379379458.625893,13916
379379472.670771,5160
379379478.98372,13943
379379489.276629,14079
379379504.207552,13879
379379512.647485,8000
379379518.429698,9483
379379527.153291,14036
379379537.6956,14014
379379546.002955,13964
379379556.1302,1445
379379566.076912,1015
379379575.087783,1931
379379587.790541,13976
379379609.124886,5052
379379631.257512,1521
379379640.07992,597
379379660.381458,241
379379673.253543,906
379379696.74779,10948
379379701.248915,13893
379379725.435646,2444
379379738.591057,14071
379379758.513077,13820
379379781.792553,409
379379791.054295,13783
379379814.025798,184
379379835.791177,432
379379862.578643,7943
379379899.625578,13617
379379917.752356,13593
379379933.75654,13249
379379945.064595,13672
379379955.558191,14060
379379966.295333,13543
379380003.734071,5934
379380023.248219,13469
379380033.438803,13002
379380046.567142,4800
379380061.481506,12189
379380073.741093,13455
379380084.346983,3018
379380094.208074,3777
379380108.421649,13365
379380117.884878,13322
379380130.036891,2978
379380142.556913,13213
379380148.745246,13329
379380156.497572,221
379380171.120565,11073
379380184.679958,1510
379380195.217173,13152
379380206.558225,13969
379380221.329922,1437
379380233.659759,13939
379380251.370299,1478
379380262.10551,9649
379380274.677153,241
379380281.586999,12213
379380293.73766,1624
379380299.19727,13181
379380318.91239,7357
379380332.797902,7347
379380347.786149,10766
379380355.133261,13277
379380372.43192,784
379380391.924101,1453
379380403.282227,4813
379380421.126123,12276
379380428.994586,13436
379380450.449492,9827
379380460.788324,4340
379380471.553922,13423
379380487.304459,13493
379380502.642057,1697
379380519.229158,1422
379380533.323601,1977
379380547.334061,10363
379380558.889347,13561
379380568.063072,13585
379380576.254184,13553
379380587.648956,5858
379380605.105222,13766
379380610.808838,13634
379380633.091685,622
379380643.694642,1491
379380659.541808,11927
379380677.670194,13765
379380692.49164,13799
379380714.407141,13529
379380723.080061,156
379380731.358934,1492
379380743.145285,1504
379380762.723814,1452
379380774.614969,1378
379380783.663301,1042
379380795.971995,8871
379380817.421211,8591
379380830.291342,1648
379380837.823614,1475
379380852.477599,6085
379380859.193213,13747
379380872.947899,13957
379380878.390056,1774
379380890.19799,1571
379380901.40602,7600
379380915.226612,1470
379380929.142402,13985
379380941.438429,13998
379380954.145499,13989
379380973.137908,2082
379380987.534939,11147
379381015.784793,13843
379381027.750204,6846
379381047.464566,7292
379381072.079997,13827
379381086.957073,14229
379381097.926542,13834
379381115.673563,13812
379381131.532299,14137
379381142.535736,357
379381156.478876,4713
379381173.379774,1380
379381188.538518,1432
379381202.171079,13662
379381215.798021,10541
379381225.494696,4341
379381237.272043,13628
379381252.752067,5154
379381262.309659,13752
379381276.932634,13281
379381290.884561,13634
379381308.222165,13555
379381322.850904,1414
379381341.043169,3800
379381352.543298,9799
379381369.963524,14085
379381382.294763,9223
379381392.701584,563
379381411.313194,532
379381425.253709,13339
379381433.611026,13457
379381452.521024,11328
379381460.167716,1876
379381473.742132,151
379381485.804328,2418
379381495.716885,14120
379381522.219762,1508
379381541.095909,13128
379381562.087552,1507
379381570.450573,276
379381589.004363,2897
379381595.767924,4957
379381613.449043,1469
379381625.562727,1438
379381633.196701,14103
379381641.193109,2901
379381649.440381,10058
379381664.33852,13628
379381678.775468,13390
379381688.342911,2586
379381708.337237,8298
379381721.310775,8852
379381735.525066,293
379381745.53573,5956
379381758.185731,4653
379381767.434669,13512
379381774.940133,13564
379381785.214241,8109
379381800.469057,10302
379381812.036226,127
379381820.498036,5438
379381839.236391,13476
379381854.251207,13601
379381864.319133,13540
379381881.849885,14103
379381889.145844,13605
379381911.578281,7367
379381929.394023,1087
379381952.128332,1498
379381983.583864,13672
379381988.228419,13770
379382007.919087,13712
379382029.521673,825
379382045.555736,13950
379382055.445682,8976
379382064.736076,11428
379382085.723248,13807
379382095.345726,3738
379382108.264028,5380
379382119.850041,9331
379382134.671366,11394
379382148.230146,165
379382156.98974,13973
379382170.015886,6599
379382181.591505,1861
379382185.871918,305
379382198.416165,8160
379382212.296601,14053
379382223.891527,14195
379382232.438558,878
379382237.18952,2426
379382253.647035,11045
379382267.737858,1484
379382282.500939,11570
379382305.863892,2674
379382314.189067,13410
379382327.00877,13945
379382350.66342,806
379382370.634826,13831
379382383.012219,121
379382397.06625,13827
379382406.553939,1137
379382426.468958,167
379382445.559028,13734
379382459.596338,1530
379382481.649285,1146
379382508.346497,13986
379382523.833782,13660
379382531.969676,13700
379382548.83113,11876
379382562.16251,118
379382575.881636,13556
379382593.849724,3728
379382611.823629,11110
379382625.831992,14199
379382653.506213,13466
379382671.316595,179
379382679.42499,13639
379382698.368001,2377
379382716.920406,7350
379382731.497473,8411
379382738.23511,3920
379382758.211003,13477
379382775.944147,14159
379382787.450559,5314
379382799.321969,13279
379382807.221434,1954
379382814.767235,13522
379382831.738162,13337
379382841.094295,6781
379382867.036125,10645
379382876.683133,453
379382890.767163,1856
379382906.660702,13110
379382917.146632,11583
379382928.18236,13210
379382948.121296,10545
379382971.353996,13686
379382976.932777,2563
379382988.753258,1530
379383000.815751,9794
379383012.79054,14121
379383025.678958,9487
379383039.641183,2341
379383057.341864,13381
379383073.821484,1423
379383087.892849,1367
379383106.271284,12892
379383119.302995,13401
379383122.637403,13518
379383138.790244,13544
379383151.576082,692
379383179.724654,1516
379383196.13076,13546
379383206.610763,13616
379383219.124116,13556
379383229.369788,612
379383244.042105,13267
379383255.486065,13688
379383269.054529,13649
379383289.108035,142
379383297.971532,13720
379383304.8951,1474
379383325.9042,1525
379383340.889662,222
379383344.513122,13783
379383359.631299,13863
379383371.621053,1831
379383388.267772,1529
379383404.439877,1389
379383417.916304,3814
379383437.644267,13888
379383450.577354,1106
379383469.944172,8022
379383484.502655,13881
379383503.08268,1444
379383515.449425,1749
379383531.166949,5287
379383540.568465,6055
379383556.617725,697
379383562.43774,3493
379383584.132949,14022
379383597.060357,1514
379383615.865522,114
379383621.341321,367
379383632.963716,13963
379383646.214019,1532
379383653.920253,2351
379383676.099716,13913
379383689.352968,13897
379383708.586148,10552
379383719.33849,10657
379383737.866648,13894
379383750.739669,13819
379383760.27643,4374
379383773.327013,1651
379383789.925786,1492
379383803.974797,13707
379383826.579654,2853
379383835.281236,4240
379383847.5193,1475
379383858.182188,13578
379383876.734337,8389
379383902.469623,115
379383908.110222,13730
379383920.731824,826
379383935.984497,7029
379383939.117004,1434
379383955.375,13799
379383966.902174,13473
379383973.957309,8251
379383986.017657,1887
379384003.637044,5623
379384036.870188,13335
379384043.269182,13367
379384057.730616,1470
379384067.094025,13290
379384073.334393,6771
379384077.908112,13542
379384087.076462,12671
379384099.566658,14044
379384117.916829,3764
379384129.335905,13266
379384145.846863,13263
379384156.489916,13254
379384170.315545,516
379384183.934835,14092
379384200.857834,11635
379384213.888635,14145
379384221.067871,1023
379384235.051364,8401
379384248.630388,2261
379384260.081881,13235
379384268.551395,13245
379384286.560806,2671
379384299.460997,13243
379384312.009816,1322
379384331.304771,13258
379384335.013998,5205
379384351.996035,3323
379384361.730156,7403
379384373.247644,9074
379384392.424489,13391
379384404.618502,13908
379384422.350511,1361
379384425.378955,4830
379384435.492669,9486
379384441.4436,2313
379384460.247828,1513
379384476.829546,1447
379384488.455825,1286
379384503.548586,13653
379384511.385291,13699
379384524.459334,14238
379384541.21722,451
379384552.501573,13546
379384564.672033,12928
379384583.208253,3747
379384597.099235,1457
379384623.255367,13725
379384635.37863,6203
379384645.552031,384
379384655.908755,13835
379384671.424503,4236
379384675.692332,8197
379384690.377826,13799
379384705.643217,7075
379384724.7255,13749
379384740.992316,14081
379384757.169082,1479
379384766.750859,13947
379384782.092365,5512
379384803.475829,14198
379384823.045452,2319
379384837.150217,3933
379384850.544776,13349
379384855.237751,1377
379384878.444639,14056
379384883.492532,7981
379384900.972216,181
379384909.548986,6132
379384926.676565,2438
379384939.205498,5359
379384956.478414,2534
379384970.665946,11649
379384979.003648,290
379384997.755238,13857
379385011.009336,1138
379385021.785601,5589
379385038.611007,1521
379385051.131451,356
379385074.539451,13830
379385085.690742,4777
379385103.198257,13775
379385115.48521,1092
379385125.785625,6641
379385140.402544,13707
379385165.044873,10945
379385169.057503,8225
379385183.269322,3429
379385187.71573,1573
379385204.526218,278
379385211.184584,5869
379385222.971317,1438
379385238.737853,1496
379385258.728261,13516
379385274.246807,13567
379385280.836979,13471
379385295.474752,13515
379385310.269365,13544
379385321.618067,1404
379385333.219722,11823
379385351.521928,120
379385369.286286,1114
379385392.017117,13618
379385409.238169,5698
379385431.157136,13317
379385446.756871,7337
379385469.387351,13870
379385477.770078,13450
379385488.985966,13177
379385507.19006,13211
379385527.454531,2518
379385535.642519,9754
379385548.869567,13045
379385560.347232,13293
379385579.402663,3579
379385591.763097,411
379385606.926011,13316
379385615.732014,13251
379385633.756472,2991
379385644.115134,5551
379385657.047543,10632
379385663.104362,322
379385685.0498,13380
379385705.488137,14010
379385717.8175,13385
379385729.39801,13405
379385750.475217,13619
379385767.474601,14250
379385782.739658,3676
379385786.302673,5168
379385801.743855,1499
379385813.244608,1944
379385835.015277,3409
379385847.773601,13512
379385856.057925,13544
379385879.76053,12562
379385896.868411,13614
379385903.5308,1892
379385926.961797,7476
379385943.394865,13653
379385946.677643,1708
379385959.134081,456
379385963.863089,13726
379385974.857249,6446
379385987.550111,1949
379386002.282224,9164
379386034.206102,2777
379386040.395352,3509
379386055.765588,13788
379386072.685809,13830
379386086.466098,13838
379386101.805853,13451
379386120.542066,14189
379386142.946227,2227
379386149.659493,1522
379386158.986568,6533
379386167.244526,14029
379386181.068706,7671
379386192.023373,14237
379386206.587511,1490
379386221.669209,12464
379386233.011539,13189
379386246.999589,1454
379386258.352353,557
379386273.293386,14059
379386289.991317,543
379386312.08396,13915
379386330.514351,12814
379386339.713565,3212
379386361.509782,4846
379386373.881652,1690
379386392.86012,13817
379386405.944897,6550
379386411.881931,1551
379386429.498168,13779
379386453.73605,5862
379386464.989964,13723
379386479.780414,13639
379386492.208093,3113
379386508.978207,2823
379386517.510676,13582
379386529.15813,11284
379386541.457573,669
379386550.663127,4013
379386560.223967,1476
379386572.332335,1826
379386587.107261,12947
379386596.282935,13476
379386607.254207,13446
379386623.738571,13412
379386630.054329,1465
379386651.973367,1482
379386670.756075,13406
379386679.622666,115
379386697.210567,7499
379386705.656661,397
379386721.013406,7639
379386736.878403,1541
379386748.234013,1562
379386753.053254,3997
379386768.664942,334
379386794.632935,13248
379386806.065521,13622
379386823.501627,1447
379386838.560861,513
379386854.783428,7740
379386867.536787,4368
379386878.754876,8314
379386893.943747,13820
379386909.529832,161
379386919.384367,3095
379386937.313529,1136
379386949.789124,13912
379386960.063551,2676
379386976.553064,263
379386992.18225,7574
379387006.110554,258
379387016.526215,673
379387023.836798,1457
379387035.934591,4196
379387046.996685,1145
379387063.702318,6391
379387072.98656,5504
379387092.069526,13227
379387106.30526,191
379387121.845039,14246
379387134.689917,517
379387158.597031,3056
379387168.530393,13531
379387184.857793,1554
379387196.427493,1003
379387207.703864,5190
379387225.703066,12102
379387246.819019,13788
379387267.810977,2022
379387274.292203,562
379387294.597499,13701
379387303.522761,446
379387319.451754,13753
379387332.80285,305
379387350.101437,9907
379387359.676992,487
379387365.915981,3000
379387376.44685,10305
379387396.39556,13856
379387409.307302,1505
379387426.516758,9918
379387433.168095,10446
379387453.290745,2050
379387466.933205,5808
379387479.093136,13786
379387492.631677,5263
379387501.310497,13955
379387524.343514,14032
379387541.096625,10152
379387552.406272,8537
379387568.157239,427
379387580.809332,13929
379387591.289238,14049
379387605.334509,1846
379387621.20103,13959
379387637.986993,13926
379387659.190348,12242
379387670.542318,12290
379387693.989823,8093
379387710.764704,5493
379387718.769582,13812
379387737.572914,13757
379387749.276865,13679
379387761.589195,13750
379387777.214505,3571
379387794.443053,13662
379387815.775582,1586
379387835.781312,13871
379387847.575728,3408
379387859.372958,13757
379387865.226016,6910
379387876.997955,5644
379387891.132676,9628
379387900.008849,1083
379387913.755663,12179
379387926.49372,13545
379387937.896472,9125
379387951.216916,4953
379387962.509078,329
379387977.917392,4545
379387989.540701,138
379388015.531209,13659
379388027.767179,13441
379388046.57666,1597
379388053.80492,1477
379388073.42573,13330
379388087.449383,3816
379388097.794666,13313
379388102.243389,13473
379388116.075324,9096
379388132.642948,13225
379388147.51174,1528
379388157.122846,6107
379388166.904206,13184
379388185.857443,802
379388202.451819,13179
379388220.50623,1479
379388232.012074,13276
379388248.359832,13266
379388263.925588,14169
379388275.048386,13340
379388285.837036,13255
379388299.315918,457
379388312.826122,13318
379388329.241731,8665
379388335.398155,13331
379388342.034845,13359
379388354.935648,13578
379388363.890597,1346
379388379.649712,1519
379388394.392566,632
379388401.153663,708
379388421.558911,13536
379388434.963362,14124
379388451.180227,13493
379388466.952971,2546
379388477.916569,3355
379388489.343291,3985
379388506.219761,13588
379388510.716034,14081
379388520.900447,13605
379388532.644485,12881
379388548.635963,13592
379388559.823159,496
379388568.604602,13606
379388581.91375,8118
379388590.470993,13708
379388602.086454,1380
379388615.030741,13692
379388631.397513,3793
379388646.653457,4015
379388663.386053,13810
379388680.249075,1427
379388689.853378,13870
379388698.948175,13890
379388711.123631,7939
379388723.590195,1212
379388740.871821,13835
379388749.138906,2382
379388770.448893,1477
379388785.194686,1539
379388809.655313,9910
379388824.54825,13939
379388836.633109,14040
379388858.391501,6538
379388873.49763,1492
379388880.577335,6072
379388888.525884,825
379388902.720771,4983
379388912.871762,3397
379388925.596632,1458
379388935.108726,1139
379388947.786538,6014
379388962.990151,207
379388972.975234,1373
379388983.308173,841
379388992.860942,13869
379388996.164809,13844
379389021.862217,13991
379389033.316084,13328
379389053.188666,1722
379389064.240469,13753
379389074.626643,2333
379389093.693079,3264
379389109.251197,1466
379389129.492813,13472
379389144.757609,588
379389164.40445,13233
379389174.940562,13639
379389186.021355,13548
379389195.741045,222
379389208.134341,2065
379389217.08013,10791
379389230.775826,13511
379389242.060845,13486
379389263.571761,478
379389281.856015,5426
379389292.941783,11198
379389315.727198,191
379389323.817097,5639
379389341.224688,13457
379389358.457078,2585
379389375.276072,13326
379389392.66071,5291
379389410.15444,13321
379389419.740684,13273
379389422.491932,4665
379389442.532035,6745
379389451.605963,13244
379389459.375764,13244
379389479.322168,13215
379389485.475454,296
379389507.326214,745
379389525.80868,4596
379389532.642578,13232
379389548.911823,13243
379389558.633623,13248
379389575.533788,253
379389594.665177,3521
379389605.894799,4107
379389622.164755,13188
379389639.632421,186
379389657.817835,13290
379389672.75054,13413
379389693.290632,13331
379389704.979809,410
379389719.932493,1010
379389729.687118,6049
379389741.15407,8335
379389755.627987,7397
379389778.359935,1125
379389790.546316,13569
379389801.417253,13495
379389812.474017,1485
379389819.187784,1888
379389834.149912,13810
379389853.098491,6752
379389861.383276,891
379389874.89152,1456
379389884.430721,3891
379389916.416077,13706
379389931.028044,13788
379389938.086427,13722
379389945.137736,12469
379389963.173697,13808
379389978.504472,13817
379389990.675762,4737
379390004.878705,2224
379390021.341014,13824
379390039.13164,13817
379390055.000851,4139
379390065.436641,4920
379390087.251612,13921
379390096.3065,14107
379390123.463607,13931
379390153.589077,1482
379390171.047464,7299
379390177.058418,893
379390188.094452,253
379390209.826643,6204
379390220.823283,965
379390233.996327,7854
379390246.85969,1998
379390254.483033,14037
379390266.098362,1525
379390276.052589,258
379390286.212795,1519
379390301.401298,11317
379390313.561824,13909
379390329.967209,7041
379390350.615491,5826
379390359.301628,1602
379390376.620517,13812
379390383.390066,3882
379390394.311926,8621
379390406.048145,2855
379390417.363468,5951
379390424.511053,834
379390436.647462,13636
379390451.036728,13859
379390464.672337,13653
379390478.273067,8975
379390498.569893,1742
379390511.563861,13813
379390523.55633,13582
379390536.125462,209
379390546.380751,11099
379390569.752189,12706
379390581.780371,13453
379390593.135262,1921
379390605.412022,13809
379390615.698877,13568
379390627.133159,569
379390631.485168,5399
379390644.465403,13397
379390660.094427,13481
379390676.093135,13708
379390690.555383,5379
379390699.884587,1533
379390716.453007,13319
379390721.243354,344
379390729.315365,286
379390745.756927,2968
379390751.167484,4369
379390763.0164,8691
379390771.998452,8173
379390787.446743,11667
379390794.189366,3459
379390812.03026,7378
379390823.762774,403
379390834.078668,720
379390852.211461,308
379390863.86514,620
379390876.559021,711
379390899.107219,1415
379390911.299597,13873
379390923.704087,13187
379390930.751403,13285
379390939.050415,1847
379390951.179136,3493
379390956.977816,1731
379390967.682203,13419
379390978.900504,1518
379390990.965409,3464
379391014.492609,2755
379391029.200139,13373
379391043.518999,13475
379391055.308864,13434
379391072.049977,220
379391088.335321,13432
379391103.94467,13220
379391109.996084,10675
379391127.472746,13552
379391151.98114,13572
379391169.983633,14058
379391178.20711,1514
379391202.879432,2874
379391217.888533,2152
379391234.13801,1139
379391246.134707,13722
379391267.39461,1507
379391284.193372,247
379391303.475836,251
379391314.767247,1042
379391322.87547,304
379391343.29634,1819
379391349.799401,13774
379391363.523748,12238
379391383.160596,9381
379391399.421805,14057
379391413.191167,5016
379391435.750921,13081
379391458.523556,1439
379391477.727601,1899
379391497.049593,189
379391513.790002,6830
379391523.755639,1564
379391539.460078,7819
379391550.046375,13986
379391567.345423,14225
379391578.643165,331
379391602.823566,13920
379391614.434768,626
379391634.784459,2315
379391647.731088,13839
379391669.070443,13890
379391681.188127,13770
379391689.447266,5656
379391706.511176,13980
379391715.928692,13756
379391734.254737,7987
379391747.600826,10966
379391761.157981,10929
379391773.642269,13686
379391797.022449,13637
379391810.622247,2142
379391824.757267,10206
379391840.542595,1436
379391850.897207,1508
379391869.62113,13516
379391886.42244,13481
379391907.87413,3224
379391914.890558,13546
379391931.006855,1679
379391934.423137,13446
379391943.420289,4654
379391959.888762,1813
379391977.200911,12414
379391985.342412,12378
379391996.298475,13577
379392000.803091,13424
379392007.213174,13232
379392022.877703,13389
379392033.131335,3369
379392056.001639,13338
379392067.466702,1439
379392087.081602,13342
379392103.070494,7191
379392109.623573,10236
379392125.868731,13272
379392146.532781,13197
379392159.341185,6946
379392173.655456,2085
379392190.518779,112
379392200.427309,13246
379392212.197258,13232
379392218.966981,1484
379392234.8825,13565
379392241.598057,2981
379392257.305837,13276
379392269.839119,295
379392277.589737,1261
379392289.087527,9743
379392303.948473,13396
379392317.286368,13361
379392325.774036,5128
379392347.197481,13374
379392360.349704,2337
379392368.91309,869
379392386.01263,11618
379392394.78902,5182
379392413.496706,1498
379392426.408657,115
379392440.629486,1474
379392454.967338,9181
379392463.936381,9184
379392478.446788,13539
379392490.447966,1403
379392506.860399,8528
379392524.183963,13446
379392537.687781,4492
379392551.042359,13705
379392558.284144,13652
379392573.751047,1463
379392594.204289,1280
379392601.91403,13709
379392618.305912,13743
379392630.541919,12538
379392637.08833,1433
379392651.681972,13396
379392657.505942,13824
379392679.759751,6025
379392688.541003,1769
379392711.394865,5064
379392728.158558,5619
379392743.484983,4346
379392759.524983,1773
379392769.598883,786
379392790.206019,13140
379392801.558455,13037
379392826.609321,1477
379392849.624631,508
379392864.664685,544
379392873.82708,14026
379392894.839602,2192
379392905.874156,591
379392920.819452,13920
379392930.722118,13872
379392946.926865,13855
379392957.016562,13821
379392967.766144,1297
379392985.352949,430
379392991.939496,1520
379393009.219252,167
379393014.23339,1451
379393027.712791,14005
379393040.437398,8183
379393050.48818,13797
379393065.209796,13706
379393080.094623,13708
379393090.817364,382
379393096.458714,13800
379393113.55903,13754
379393125.52677,8034
379393144.07687,13914
379393161.457622,134
379393172.209011,13532
379393182.625162,13535
379393188.619465,13551
379393195.643891,494
379393211.088329,1470
379393231.531381,6133
379393253.353216,5189
379393264.051142,12000
379393282.50565,3562
379393294.329705,1545
379393310.84358,6549
379393320.840984,13350
379393331.947505,13426
379393340.726616,173
379393351.147852,13332
379393360.787849,13411
379393372.239515,146
379393388.969708,7757
379393398.589618,3460
379393407.62104,13286
379393416.900727,2855
379393429.983269,4044
379393452.94669,13226
379393460.560361,1024
379393469.845712,13226
379393478.188168,3497
379393492.209362,10451
379393505.127861,1448
379393521.902468,1469
379393533.498366,254
379393544.038446,13275
379393555.033436,5104
379393578.193625,10811
379393595.36982,1525
379393601.447063,13317
379393623.386697,1014
379393632.741604,8436
379393644.427527,9770
379393649.68163,7520
379393659.705687,3418
379393668.746606,8599
379393679.035528,13376
379393690.84466,9770
379393705.420309,13382
379393722.154657,1888
379393733.336701,13489
379393750.650542,13763
379393765.612016,13572
379393788.379379,2763
379393813.805103,1497
379393829.437734,13446
379393844.925913,13577
379393857.453935,8064
379393867.567554,13765
379393886.288066,13888
379393897.232622,13760
379393909.935316,1116
379393913.254756,153
379393935.023716,2309
379393950.051433,1457
379393968.853717,13954
379393998.436677,13802
379394007.198939,474
379394019.515334,13818
379394051.315523,13900
379394063.675861,1415
379394086.87778,13963
379394102.647633,3001
379394124.382397,1432
379394136.925878,6074
379394152.214888,402
379394168.878194,1466
379394184.449771,1960
379394197.105553,3561
379394215.778661,1922
379394230.580908,13935
379394241.680379,1113
379394251.969361,13974
379394268.583994,1179
379394278.900939,12890
379394291.522809,7253
379394301.950809,13869
379394319.313091,1483
379394332.815004,1587
379394341.5985,11377
379394350.240889,227
379394366.538966,2703
379394377.619089,13207
379394385.437675,1472
379394396.688067,4052
379394407.910029,1446
379394420.099663,5279
379394435.713151,9397
379394451.255822,223
379394467.294467,13488
379394479.182965,318
379394493.301037,13804
379394511.126677,13568
379394519.171641,1523
379394536.837688,1480
379394549.710704,1495
379394563.124573,13479
379394574.741473,13512
379394584.13837,1258
379394597.974857,417
379394608.346854,3232
379394621.68244,13414
379394627.73902,13446
379394651.786909,1523
379394669.158683,13148
379394684.32441,2636
379394697.530168,5934
379394709.886068,1369
379394720.166572,1435
379394736.534914,2556
379394747.193875,6906
379394756.428641,1496
379394768.490243,10405
379394779.063743,7514
379394787.579315,13240
379394797.84563,379
379394821.878956,1515
379394840.028452,13157
379394852.569886,13211
379394873.783718,5880
379394885.323306,13193
379394890.7536,13216
379394906.41804,13298
379394919.284161,10324
379394928.202765,14101
379394941.330913,1501
379394956.469615,468
379394977.717358,13373
379394996.649081,11427
379395002.418545,13439
379395015.652476,13401
379395023.959463,137
379395042.170471,10659
379395053.713172,13471
379395066.406856,12620
379395079.103491,3983
379395092.232404,13538
379395103.353787,3355
379395119.981454,13491
379395131.392075,4597
379395150.435621,1203
379395165.220218,153
379395189.214288,12361
379395199.954095,13549
379395218.336482,7551
379395227.296551,11773
379395238.1398,1464
379395247.030235,13980
379395260.295641,13800
379395271.683432,7931
379395285.462119,1456
379395299.283444,1300
379395314.822708,13853
379395335.929641,8998
379395348.554952,8505
379395362.130162,4421
379395377.804759,1363
379395396.95683,4970
379395407.261736,13965
379395414.475412,1175
379395433.231107,12619
379395442.885589,6885
379395459.083224,11915
379395474.37346,1488
379395480.812576,4601
379395504.741404,1762
379395517.544242,14072
379395532.42571,1354
379395544.693845,14008
379395563.216636,8879
379395574.380882,134
379395594.006437,13903
379395611.941731,13854
379395617.820242,9124
379395635.565489,14172
379395655.449909,13535
379395670.426808,2031
379395686.821781,4738
379395700.991058,13741
379395711.853321,3862
379395726.88565,13773
379395746.6759,13677
379395757.10713,9962
379395773.458411,13669
379395785.970601,9021
379395801.168677,3177
379395815.682806,10767
379395830.635509,1498
379395840.444081,13533
379395857.467004,13533
379395866.44014,7916
379395885.711072,13506
379395905.663543,11864
379395923.259068,13433
379395934.664773,9688
379395946.684903,1453
379395968.367314,13334
379395979.148503,7496
379395985.655556,13424
379396005.116223,1510
379396013.626414,1230
379396030.537468,1477
379396042.888696,13391
379396056.933759,8196
379396067.036504,13436
379396079.795527,14191
379396103.036858,467
379396119.751736,1437
379396131.166334,4353
379396145.320409,1550
379396153.288597,13307
379396174.797202,1229
379396186.52919,206
379396201.597767,13263
379396215.495075,13248
379396223.613693,175
379396251.312756,1491
379396257.465879,1522
379396266.414335,1363
379396280.226575,13267
379396292.250035,13368
379396309.222537,13133
379396326.009518,1458
379396341.2297,13437
379396358.910944,2124
379396363.674641,3175
379396369.183641,13497
379396375.624973,9544
379396393.624473,13435
379396416.170706,182
379396426.68495,13874
379396444.085188,1526
379396459.571052,13556
379396470.538851,1484
379396478.510209,1495
379396499.311231,10375
379396521.22596,1450
379396538.976964,307
379396550.466589,660
379396560.291758,13658
379396573.571284,13748
379396590.043259,2328
379396598.809735,5327
379396611.026888,2834
379396619.928223,11607
379396628.287439,1283
379396641.024277,13736
379396654.558588,4345
379396666.787555,10960
379396677.474135,13987
379396696.169267,6101
379396710.082797,13068
379396717.201276,10788
379396735.680814,13908
379396747.165103,14101
379396756.035911,13966
379396771.103942,14002
379396786.651273,14028
379396794.058706,154
379396802.026758,4500
379396817.574855,3946
379396837.529835,6697
379396852.993605,11871
379396865.722636,1454
379396876.084837,14014
379396885.400932,3262
379396905.132181,13973
379396915.793011,13872
379396931.149443,7586
379396937.880324,13912
379396951.740527,1763
379396969.490105,13811
379396979.765701,13775
379396996.903344,5704
379397010.699981,1561
379397020.541005,13769
379397042.712603,13754
379397056.003588,1479
379397072.219634,13723
379397087.977962,1905
379397097.567868,527
379397112.801479,819
379397119.68639,13186
379397133.962107,1519
379397149.639735,13689
379397158.197588,8942
379397177.02626,11867
379397183.909586,269
379397202.670701,13853
379397211.85149,13966
379397226.075489,578
379397240.201207,11759
379397250.079317,4908
379397254.404037,8337
379397267.870726,13480
379397279.87547,7664
379397287.241224,3252
379397294.21526,14154
379397303.508692,7579
379397322.480303,4598
379397335.199739,13505
379397354.434682,13337
379397362.519751,11334
379397372.123366,1511
379397377.199376,152
379397389.908881,2296
379397410.635464,955
379397422.191823,8652
379397430.054866,346
379397445.741507,10627
379397454.247113,311
379397469.270644,13215
379397490.282731,13120
379397504.903001,328
379397515.206126,1336
379397530.498515,13181
379397550.038528,11137
379397565.359944,10936
379397579.491865,13340
379397592.782997,13325
379397600.021486,13364
379397611.387773,3749
379397626.679728,2905
379397637.364341,6570
379397653.269449,13359
379397661.764532,2591
379397680.599489,7755
379397695.880759,3175
379397710.424483,1333
379397722.865074,13470
379397732.095874,1476
379397750.296294,549
379397763.851803,13519
379397778.237215,13604
379397788.457979,4610
379397798.446898,643
379397818.827661,13592
379397830.454642,13930
379397840.514593,2230
379397846.966427,13643
379397864.576995,13677
379397878.688939,1462
379397891.997198,13719
379397911.142033,13691
379397920.251639,13815
379397933.019569,13092
379397943.459383,213
379397957.957502,3452
379397969.457542,7525
379397992.675408,1433
379398005.738769,1463
379398024.440588,13815
379398029.106498,13966
379398054.538536,13946
379398069.465251,4708
379398078.027124,3491
379398091.122465,13920
379398099.285875,13942
379398108.754454,8424
379398117.143614,14073
379398132.667483,2481
379398157.497493,1466
379398168.713289,9992
379398179.488166,1474
379398200.62193,4146
379398223.890358,791
379398249.500304,3697
379398261.09753,5339
379398278.014155,10354
379398300.403326,839
379398316.403069,13888
379398320.519702,5843
379398336.556413,2058
379398353.969325,9405
379398372.332409,13715
379398385.419207,5974
379398397.222353,178
379398412.007371,143
379398413.976401,1708
379398438.618792,1493
379398451.397663,1479
379398469.195489,13605
379398475.127641,1495
379398490.439902,5031
379398512.112611,13490
379398525.076816,6525
379398537.288648,13876
379398551.622437,13526
379398570.708539,9193
379398579.793296,1416
379398604.733809,13423
379398611.684861,13422
379398627.405246,13517
379398646.22208,6124
379398658.962934,491
379398667.37388,12713
379398677.183326,749
379398683.588471,2615
379398696.383413,13267
379398727.34517,13235
379398743.355151,14008
379398752.678254,11315
379398769.547807,13213
379398784.290866,8551
379398793.557796,382
379398803.71026,1510
379398808.526466,3941
379398826.198116,13251
379398834.554703,13205
379398847.008027,10065
379398855.143907,2893
379398866.008316,3277
379398872.755809,2179
379398880.508769,7920
379398890.114878,1511
379398905.024425,3023
379398924.103796,13386
379398942.007808,13338
379398955.627556,6300
379398972.155438,1535
379398980.014349,229
379398995.23611,6485
379399007.753082,13386
379399025.774089,1610
379399041.998915,3698
379399054.305765,3767
379399070.512836,2938
379399079.830852,13496
379399093.879184,13560
379399098.583759,13540
379399109.214628,13771
379399126.045968,12159
379399137.93478,1737
379399150.636091,13885
379399165.041233,5441
379399180.204782,13694
379399192.643749,684
379399206.753172,13723
379399216.049203,11196
379399227.828089,9922
379399241.9609,9466
379399252.646085,13802
379399269.761642,1859
379399287.930975,1910
379399305.637743,13955
379399322.91341,13917
379399338.303175,6106
379399341.975279,13922
379399364.468309,204
379399373.341159,111
379399387.380186,14058
379399403.812064,1504
379399412.510163,1500
379399430.345142,13969
379399445.009677,316
379399457.418908,14144
379399473.91114,14002
379399489.919089,1831
379399504.602419,1454
379399515.620406,381
379399540.761628,13576
379399555.066066,13969
379399566.986809,3312
379399584.494809,1477
379399594.969511,8172
379399604.305431,1218
379399623.37885,1478
379399640.656689,10331
379399656.171701,1436
379399663.235863,14002
379399682.743485,13771
379399693.653883,14024
379399702.52156,13794
379399722.314105,13701
379399735.828951,4307
379399742.304676,2677
379399753.437168,13723
379399763.655002,13803
379399779.34153,10995
379399794.947096,13587
379399803.25397,329
379399817.776299,13654
379399827.544491,4672
379399844.89558,13343
379399856.429073,195
379399875.312112,5166
379399892.715991,14168
379399906.003328,13862
379399919.205265,14085
379399933.208126,13489
379399943.417931,1479
379399950.852414,1509
379399955.355242,5599
379399973.827898,127
379399993.691447,13450
379400012.71206,10027
379400026.235504,13395
379400044.265898,1517
379400061.09867,619
379400069.235857,13295
379400079.22515,13218
379400089.548007,12734
379400100.844342,2710
379400116.039882,229
379400124.775207,4999
379400137.081041,13188
379400161.350916,2119
379400173.096036,11802
379400182.500768,13279
379400196.548373,393
379400209.398444,13228
379400218.415205,4110
379400228.178715,13655
379400236.75421,286
379400249.782475,202
379400258.748307,1490
379400275.772979,358
379400294.991447,6312
379400301.897812,9450
379400311.05306,13320
379400319.710363,13896
379400330.826291,1478
379400346.306711,13365
379400369.894071,13466
379400377.257437,10822
379400377.519984,8942
379400388.4182,706
379400399.481323,13549
379400407.350037,429
379400420.136846,13518
379400440.544891,1794
379400449.890587,210
379400461.436139,13619
379400478.34124,2056
379400488.080698,13683
379400507.558534,1428
379400521.411999,13692
379400532.72757,13658
379400547.816141,14251
379400561.307652,1630
379400582.75375,13886
379400590.827395,5191
379400600.935062,1518
379400614.763459,8860
379400625.565077,13769
379400638.442845,13985
379400660.245065,1457
379400673.151471,1575
379400685.738847,14101
379400695.816017,10226
379400719.091549,14049
379400731.342216,1497
379400745.607463,14016
379400753.728516,8658
379400766.35766,14157
379400782.552995,4860
379400795.083642,1468
379400812.97798,14029
379400823.982696,1490
379400834.356561,370
379400845.896514,13979
379400867.561316,13948
379400873.417675,2000
379400889.68119,12838
379400900.982004,13989
379400919.634524,5878
379400926.877218,165
379400935.935324,13849
379400946.352468,2338
379400957.214575,1634
379400970.630213,13850
379400978.290027,6832
379400990.105289,9685
379401003.951666,6938
379401012.136111,13752
379401022.854326,5344
379401032.997838,2514
379401049.363566,13730
379401068.936489,4640
379401085.81966,13983
379401100.878878,2934
379401124.74576,12259
379401141.140101,553
379401160.545464,13570
379401177.609418,13525
379401191.306537,3660
379401200.723426,2789
379401208.552876,13516
379401230.453693,6202
379401237.25411,1061
379401255.276213,579
379401268.669186,3657
379401283.998533,1439
379401299.795669,13195
379401308.959231,154
379401323.612474,13341
379401328.824739,13381
379401340.926711,13302
379401357.255475,13290
379401375.097881,13274
379401392.614159,13250
379401402.69108,203
379401416.418795,13232
379401431.85522,3438
379401450.157363,13197
379401465.085859,7615
379401485.851565,1542
379401500.132793,13247
379401512.283676,13206
379401528.374506,631
379401557.065795,3777
379401567.815305,201
379401573.956214,219
379401582.929549,13307
379401590.705611,13333
379401607.225861,13355
379401622.824808,6741
379401639.264238,7896
379401662.011369,13455
379401686.994916,8818
379401706.138344,1381
379401715.130468,6598
379401727.368898,13501
379401742.657858,13748
379401756.668218,4612
379401776.829683,2577
379401783.944792,12454
379401800.916987,890
379401810.254954,3631
379401821.647077,548
379401831.769178,1530
379401838.89347,13676
379401859.071984,1297
379401873.570038,7789
379401901.697448,6666
379401921.472892,13798
379401938.519518,13803
379401951.682218,202
379401963.047346,13208
379401977.425638,2143
379401992.199386,4255
379402010.595919,13843
379402021.275179,14065
379402036.128615,1418
379402043.904981,9371
379402057.833589,13987
379402071.321284,12268
379402082.43404,13977
379402101.577408,3643
379402112.105488,502
379402122.49872,1455
379402148.830263,1396
379402162.946827,13997
379402180.46625,1467
379402206.58993,10275
379402222.463058,13846
379402236.207764,13969
379402255.062313,3060
379402262.185449,13941
379402271.014045,2175
379402285.987497,13753
379402293.231788,10851
379402316.850884,10698
379402340.551695,12646
379402346.11539,2490
379402353.510375,5385
379402368.37444,670
379402376.559071,1209
379402389.57523,6587
379402399.66053,4971
379402407.976897,1250
379402417.783977,1498
379402437.096434,10959
379402447.081094,1414
379402456.881373,13822
379402474.796131,1454
379402487.888197,14249
379402500.356684,13559
379402511.367558,2824
379402524.130163,11711
379402542.62117,13469
379402554.914759,13471
379402564.617368,13519
379402591.127367,13328
379402597.712304,13504
379402615.650394,4459
379402624.756896,533
379402645.694561,332
379402664.235514,4631
379402678.914205,8782
379402691.095376,5625
379402708.282606,5316
379402714.171609,2307
379402725.950526,13235
379402732.922816,1490
379402743.248497,9207
379402755.21991,13210
379402764.891456,1416
379402774.346853,1397
379402799.450496,13139
379402815.926997,8352
379402830.321384,156
379402840.308635,5440
379402852.572553,13226
379402866.771609,9404
379402874.023923,1468
379402889.515821,1279
379402913.027058,3396
379402927.853961,1142
379402943.685704,13340
379402956.073885,2381
379402963.376439,10190
379402970.272292,13375
379402976.522709,13438
379402989.216273,9102
379403002.43208,1084
379403023.329552,9560
379403035.431481,889
379403045.138315,13464
379403064.182557,178
379403070.889987,3500
379403081.389779,11598
379403103.328757,7359
379403122.691209,13720
379403141.202147,1613
379403155.580292,10816
379403163.343544,13687
379403178.47634,2250
379403190.817691,13632
379403202.349957,4324
379403213.911308,4670
379403227.036071,13757
379403245.671352,11345
379403257.790227,8429
379403274.996183,11827
379403283.527501,1500
379403294.854627,13905
379403301.443499,9242
379403311.819954,13891
379403325.099093,13997
379403349.498807,1459
379403372.054076,7599
379403381.708278,13994
379403392.866832,14115
379403409.510574,3339
379403423.929664,14175
379403441.838264,14068
379403460.704836,2417
379403473.28903,13977
379403488.375604,7060
379403505.525652,1462
379403520.171605,14047
379403530.431287,14049
379403544.370179,5691
379403555.264865,13891
379403562.949067,6809
379403575.358435,13805
379403588.037147,344
379403598.157153,9279
379403611.855565,14005
379403626.714236,1489
379403636.503644,13811
379403652.559747,5878
379403671.923906,1493
379403684.936449,225
379403697.703319,4222
379403707.060973,13745
379403722.838953,13698
379403744.818929,1887
379403761.054076,13668
379403770.490747,4405
379403789.560816,9230
379403805.590518,13658
379403824.979491,1598
379403842.573816,3072
379403852.654361,13447
379403870.310704,14171
379403882.18017,2400
379403894.994187,6332
379403910.282365,191
379403918.698967,1467
379403938.406794,5758
379403954.925723,13411
379403970.63654,14171
379403987.390766,6526
379404007.423974,13352
379404020.977942,13274
379404031.398481,13196
379404038.074234,13249
379404051.435866,13250
379404066.548518,13224
379404075.646987,13271
379404083.051868,1432
379404098.403622,13190
379404117.57673,1296
379404127.347652,744
379404147.508731,13202
379404157.504219,6401
379404174.719857,229
379404193.799627,9777
379404214.217991,4856
379404229.899208,6230
379404240.14744,13373
379404254.117035,129
379404269.091097,292
379404293.39084,13439
379404308.290352,13463
379404322.641527,13396
379404340.416863,13911
379404352.341309,13413
379404361.152848,13502
379404373.714256,13539
379404385.199806,1507
379404399.061438,4891
379404413.326099,13528
379404419.421488,14152
379404429.961239,7015
379404440.904722,13737
379404457.462884,13726
379404474.829197,9356
379404485.478484,2054
379404499.701013,13642
379404505.742537,465
379404519.697761,475
379404536.999163,1494
379404542.638567,13771
379404557.632245,415
379404574.732367,8409
379404584.866362,6374
379404608.716068,7272
379404619.482582,1138
379404637.578827,1463
379404649.822732,374
379404660.926512,6358
379404676.307434,8986
379404697.071107,1417
379404703.504239,7584
379404724.754368,7303
379404738.799395,1068
379404749.383316,1470
379404758.675873,13964
379404774.086919,1502
379404787.393318,14041
379404805.632197,9753
379404823.586031,10349
379404833.38383,10524
379404853.311141,1230
379404874.883531,13895
379404892.438592,14141
379404904.906431,13851
379404922.22737,13898
379404939.177728,13768
379404952.127793,13751
379404957.919056,13781
379404977.760566,13788
379404990.250519,7346
379405006.206586,13726
379405024.190561,2835
379405033.082375,187
379405042.88573,172
379405057.51452,13999
379405065.395057,1554
379405073.424183,6689
379405084.184351,6835
379405092.287409,1525
379405106.979959,13608
379405123.529207,13605
379405136.457285,10300
379405144.91789,13556
379405152.715628,13636
379405161.232213,308
379405174.009781,1922
379405185.92197,13579
379405204.132766,157
379405223.476495,304
379405243.583171,3845
379405246.475214,617
379405255.801709,6548
379405269.746276,240
379405284.597584,10686
379405310.852817,13305
379405328.351576,1455
379405341.670159,1728
379405355.291827,1409
379405365.637347,4893
379405377.911335,4028
379405391.080477,8634
379405418.948573,13133
379405433.965131,13191
379405447.59471,13125
379405461.518575,1458
379405479.640715,6582
379405491.142906,1051
379405502.307634,2166
379405513.471442,10987
379405522.661616,284
379405536.326268,590
379405545.445847,11129
379405561.52791,13316
379405576.574456,13287
379405588.354781,1551
379405597.116292,13370
379405606.062318,1475
379405616.259142,1518
379405628.242178,1468
379405638.003065,13437
379405648.280296,13400
379405666.421723,1282
379405679.453738,1515
379405702.117414,10831
379405712.821815,14033
379405722.403177,1227
379405742.835023,13638
379405752.238071,3280
379405758.637022,13585
379405767.711003,328
379405776.913109,13591
379405791.290162,981
379405810.053643,4970
379405815.512948,818
379405833.519729,13701
379405852.34412,3720
379405866.51776,8038
379405876.037158,3180
379405885.214939,2975
379405896.450874,13896
379405906.951363,2294
379405918.242318,5743
379405932.476357,13816
379405941.588003,467
379405951.084485,8852
379405971.307534,13793
379405988.85949,384
379406004.882322,6105
379406016.437332,1729
379406031.987319,1646
379406046.74088,229
379406054.993904,7139
379406074.522511,10103
379406094.101861,669
379406116.893725,1508
379406132.823271,9177
379406141.646779,14027
379406154.632543,14144
379406167.489859,1568
379406180.431529,227
379406200.381265,795
379406223.026256,14121
379406236.221879,13848
379406246.913769,1478
379406257.728267,13909
379406272.936451,13825
379406279.009969,145
379406301.328402,911
379406316.969565,13882
379406332.596966,13742
379406347.513412,13708
379406356.557765,2323
379406378.856863,7402
379406391.006787,13693
379406404.189359,354
379406417.983803,13660
379406436.090739,166
379406449.975897,13698
379406467.38205,13582
379406476.988625,2086
379406492.381743,11168
379406506.748193,2955
379406519.077403,13420
379406534.224101,10106
379406547.969709,13063
379406564.406456,10575
379406583.939529,13357
379406593.912934,2931
379406608.429893,9949
379406619.375903,1442
379406629.585518,138
379406645.614556,2606
379406660.826549,1538
379406672.06299,13315
379406690.325156,13313
379406708.712054,1468
379406721.250961,13184
379406732.23395,11564
379406748.542067,13121
379406762.014414,13184
379406774.982874,13197
379406790.245024,2402
379406798.364506,4648
379406813.342448,5787
379406830.106349,13283
379406842.019083,8087
379406853.889037,2638
379406862.025732,13244
379406883.800355,10846
379406897.619549,1461
379406911.820229,13339
379406913.919707,1661
379406924.193293,1088
379406936.11273,8095
379406944.878209,1726
379406952.866676,1034
379406967.969649,13348
379406975.213905,8592
379406986.702972,7404
379406996.431215,13424
379407009.218895,12914
379407021.268483,2291
379407037.580447,13563
379407052.558141,337
379407067.206272,13541
379407084.713668,13569
379407096.740687,659
379407114.762063,1506
379407130.617848,860
379407146.463566,10669
379407156.861227,7534
379407170.002809,523
379407183.255935,13668
379407200.869334,7923
379407211.064453,13689
379407220.784539,13765
379407232.536483,13518
379407250.313906,5606
379407261.911161,1504
379407273.518769,5507
379407283.326262,3687
379407298.697001,13857
379407313.533878,6851
379407323.149216,5439
379407351.954922,13933
379407370.357527,13914
379407380.542129,13989
379407390.698158,6207
379407411.402755,9649
379407424.706911,1509
379407439.303992,6347
379407455.281729,14157
379407486.901469,14217
379407499.020421,9060
379407515.503388,13855
379407530.74592,13120
379407543.280273,7447
379407552.760592,13900
379407564.66231,13855
379407579.423817,13830
379407594.159883,9587
379407601.885297,1057
379407622.093989,2008
379407635.116482,13769
379407644.624103,148
379407653.311066,13786
379407672.730851,13414
379407685.182059,932
379407703.105113,13800
379407711.975078,13639
379407725.546594,3266
379407742.445937,13670
379407759.32284,13629
379407766.359591,13597
379407779.226505,6818
379407790.698614,5748
379407806.435961,13692
379407828.252006,13644
379407839.534266,1970
379407844.914585,13122
379407857.549716,113
379407865.37063,13482
379407884.399317,7415
379407897.563508,1517
379407918.179721,7351
379407932.748184,5303
379407946.760882,13387
379407960.417913,11361
379407969.816124,13283
379407982.39534,1530
379407993.110369,13285
379408002.668394,2379
379408013.996049,10909
379408021.167583,415
379408035.164687,1500
379408050.932523,600
379408065.525613,143
379408082.002457,6007
379408098.788331,2812
379408109.42513,13132
379408124.289709,14087
379408153.866128,7001
379408165.181435,1219
379408180.900919,13304
379408195.814334,13842
379408213.568151,2526
379408227.630487,5056
379408233.228047,13513
379408250.659106,1507
379408262.133284,2114
379408269.314037,13414
379408276.206714,1207
379408283.881719,13439
379408304.687561,9730
379408320.152465,14013
379408342.067288,14201
379408354.678708,636
379408375.820517,13451
379408378.863006,13322
379408396.946237,436
379408414.969068,3964
379408423.923235,13600
379408438.840559,723
379408458.430479,714
379408475.249646,1636
379408492.174854,1391
379408503.44912,865
379408523.304225,13749
379408544.859589,1429
379408556.705544,1210
379408583.631633,214
379408599.516418,213
379408611.536559,13969
379408623.35947,1836
379408637.348089,13844
379408653.028809,6534
379408680.153646,1477
379408692.954193,13883
379408703.02713,3945
379408718.23628,3397
379408732.623214,151
379408749.949565,1470
379408769.511266,14021
379408776.309117,1823
379408782.966629,1214
379408793.820597,298
379408809.644367,14032
379408824.543181,13957
379408836.951212,14118
379408852.697384,1879
379408870.519247,13868
379408877.482384,5428
379408890.977786,1331
379408903.512999,7997
379408913.097087,9904
379408924.164652,13757
379408935.873596,5661
379408958.101185,112
379408976.461401,1509
379408995.157872,3983
379409005.784107,4804
379409016.863201,4617
379409033.776836,1431
379409044.558998,9086
379409054.35016,1399
379409065.314038,301
379409079.340424,13654
379409092.552303,338
379409104.595486,10538
379409110.049085,13777
379409129.513197,11979
379409156.267395,8096
379409174.831902,13622
379409190.570831,786
379409199.355702,13510
379409212.145451,1537
379409220.889725,9968
379409232.140341,143
379409246.258897,13380
379409265.124222,1416
379409269.260423,13476
379409280.062705,1303
379409298.747675,406
379409307.624269,257
379409330.733293,224
379409339.841348,10388
379409359.680347,13365
379409379.455142,13202
379409393.227162,13685
379409407.269729,10816
379409419.842618,13163
379409430.493057,1064
379409447.675651,1422
379409463.214877,371
379409476.068201,8457
379409496.12779,7654
379409512.813662,13266
379409526.812379,1501
379409551.790239,13331
379409564.619781,2906
379409575.523982,1265
379409595.395897,4425
379409606.174308,667
379409619.487093,5920
379409632.472467,4859
379409638.396377,1966
379409655.936291,1433
379409672.588537,13503
379409682.843718,270
379409690.926755,4833
379409703.324171,13564
379409711.445436,6953
379409721.222618,483
379409728.26472,4737
379409738.929921,13556
379409761.771719,1448
379409766.780072,14143
379409785.24423,9368
379409800.074387,1477
379409809.968017,14194
379409830.733616,10947
379409846.167879,10062
379409857.758943,13655
379409868.261387,1627
379409888.29719,13773
379409910.719387,11627
379409921.386739,582
379409941.144437,13810
379409950.718247,13851
379409962.34729,13856
379409971.104374,13942
379409985.837146,6657
379409995.495045,1329
379410006.29624,13919
379410016.340991,564
379410037.224367,3027
379410046.967995,486
379410058.762116,1308
379410072.081727,541
379410087.77981,14011
379410106.975602,3853
379410120.937201,3044
379410143.425781,14099
379410158.692802,3750
379410166.661879,13929
379410178.255023,4728
379410193.036899,11179
379410208.572495,4955
379410228.617178,13923
379410241.801981,467
379410260.452463,8087
379410281.662699,6143
379410290.792455,1321
379410313.55414,1136
379410320.206927,4270
379410333.959551,13716
379410347.480441,13645
379410359.247263,9446
379410376.19749,13650
379410392.264475,13633
379410411.200092,633
379410423.213586,1502
379410442.146876,586
379410454.953859,13615
379410468.426818,13699
379410487.756204,10193
379410504.934118,8489
379410520.079003,13549
379410537.214962,3328
379410549.393733,13478
379410557.222427,1240
379410568.782461,6647
379410580.640179,478
379410590.149621,5935
379410599.095201,949
379410615.215406,13260
379410626.97383,13533
379410639.463175,13299
379410648.914193,3491
379410657.857701,13310
379410670.81035,1224
379410685.640893,12602
379410700.989793,1478
379410717.683248,5541
379410733.00535,1791
379410745.006723,6215
379410751.106176,3913
379410764.779979,1460
379410779.643436,11599
379410787.848193,4010
379410800.357318,13230
379410815.823048,3284
379410841.941774,605
379410855.355552,5266
379410867.684471,8701
379410880.540637,13355
379410897.335201,13329
379410909.084993,13889
379410931.436795,5887
379410937.843192,1592
379410955.684077,13471
379410977.348086,13425
379410989.31346,11235
379411004.23195,13561
379411015.769668,10244
379411026.88972,1064
379411036.220437,257
379411043.737311,13500
379411057.166914,1514
379411066.498199,9495
379411088.347636,13652
379411102.246737,13641
379411115.920252,551
379411128.714164,182
379411146.955483,816
379411154.396016,11597
379411168.730609,5635
379411173.691783,1778
379411186.038631,13704
379411197.947345,9863
379411208.499164,1432
379411219.358332,7432
379411236.336898,14049
379411246.831485,6473
379411267.121755,1472
379411286.040245,3401
379411298.365847,1394
379411321.831765,182
379411332.836755,254
379411345.120936,1383
379411361.066935,8815
379411375.714132,657
379411392.785345,13951
379411412.795715,14036
379411422.36454,14009
379411439.684428,12336
379411462.605983,13984
379411479.065965,14006
379411495.7129,5770
379411506.523743,547
379411525.98454,13847
379411538.673386,14093
379411548.281099,13864
379411563.643741,13833
379411569.805065,138
379411589.723523,13813
379411604.603405,8255
379411614.411265,13803
379411622.154878,1051
379411639.28809,1021
379411648.199848,13787
379411672.077482,14114
379411680.158417,2371
379411701.912051,261
379411711.049704,1168
379411727.547935,1634
379411736.328472,13654
379411759.387741,12139
379411778.925051,1481
379411797.280566,8135
379411812.973943,13480
379411821.377185,1780
379411837.109633,13521
379411844.602934,8580
379411857.378315,9838
379411873.055498,13457
379411891.498531,6345
379411898.795676,13389
379411908.867716,13372
379411919.41088,13494
379411929.614336,1167
379411951.500958,5291
379411957.574132,1494
379411969.327233,7312
379411990.550194,13939
379412003.537693,11411
379412016.212404,13201
379412026.552295,12599
379412041.705015,118
379412054.131736,1448
379412063.559474,13143
379412073.503158,339
379412080.279286,4887
379412089.961188,13122
379412107.497419,13199
379412119.96078,1465
379412133.111381,4200
379412137.587139,10497
379412146.855145,6334
379412160.370294,13469
379412180.201047,13248
379412191.522361,1584
379412199.18336,2496
379412214.937962,7612
379412230.846608,152
379412242.869721,177
379412265.968787,13360
379412281.558241,1428
379412298.833606,10090
379412303.02158,289
379412313.466074,13305
379412332.188116,13531
379412345.350599,1471
379412357.196336,13565
379412364.008472,1458
379412376.727877,813
379412384.907367,13551
379412400.724394,254
379412416.46343,5285
379412426.668748,8155
379412435.849834,1450
379412444.073573,3412
379412451.123283,13678
379412470.434235,1211
379412488.107166,1655
379412496.473945,9173
379412512.960872,423
379412530.741525,13758
379412558.233392,6661
379412576.157684,6641
379412602.366074,7981
379412616.481422,13868
379412630.508523,189
379412647.715971,408
379412661.471554,12252
379412676.350934,13915
379412684.805148,6153
379412693.888146,4686
379412710.155547,3027
379412722.537402,1525
379412742.964576,316
379412755.901949,548
379412770.931699,7128
379412777.481648,1227
379412798.49177,394
379412816.486437,167
379412833.750825,14064
379412843.965126,2231
379412861.081191,7528
379412883.875915,1440
379412902.840254,13857
379412922.25776,1592
379412930.078534,1061
379412946.714319,13776
379412964.418064,13676
379412972.394744,325
379412995.473847,13649
379413010.586505,2772
379413023.321084,13666
379413032.616268,1527
379413042.847042,4997
379413052.362898,10334
379413066.566062,13666
379413079.940314,13913
379413090.761527,7257
379413108.787557,3180
379413123.52756,10443
379413137.482891,11898
379413145.714111,5366
379413160.991314,9847
379413166.472515,1415
379413185.729919,13457
379413204.461032,3034
379413216.172666,4680
379413236.36264,265
379413244.547609,13351
379413262.865395,4376
379413272.147864,10225
379413289.594858,13336
379413301.257677,13710
379413315.087682,8569
379413330.905566,1797
379413353.605158,13232
379413363.847778,13180
379413371.498069,13784
379413386.601023,10955
379413395.069122,13213
379413410.86325,13198
379413423.955846,13131
379413437.148195,1931
379413453.709848,13266
379413462.776428,5173
379413476.197226,592
379413492.675765,13349
379413504.465708,13350
379413517.765309,1462
379413528.030061,826
379413550.127873,13915
379413561.932957,2301
379413574.210569,9503
379413597.738278,13441
379413606.088375,1489
379413624.743851,298
379413634.203949,770
379413647.569134,13454
379413666.564294,5792
379413683.21354,13819
379413698.018028,13581
379413707.389232,14024
379413723.70394,9651
379413730.259838,12117
379413743.046904,13665
379413750.326939,5561
379413763.250976,13630
379413779.861095,8323
379413790.034276,1464
379413808.367045,13762
379413822.462942,1448
379413840.89247,184
379413857.410904,8882
379413865.191195,13962
379413879.912146,2427
379413903.669704,6273
379413916.54522,14049
379413931.609706,2157
379413941.399646,12256
379413965.188643,9854
379413976.46362,2564
379413994.44466,2400
379414009.36864,9914
379414029.561647,14092
379414041.390755,1543
379414050.276031,1275
379414063.775069,1489
379414078.155402,6348
379414090.362826,14078
379414106.351331,14028
379414119.16346,4534
379414140.233101,6316
379414151.481797,569
379414156.477836,13937
379414164.836813,8400
379414174.064641,5726
379414195.646016,13822
379414208.308644,489
379414222.566682,13854
379414234.231847,10631
379414246.742892,13860
379414259.247803,10243
379414269.197508,13516
379414291.373762,8302
379414307.868988,1484
379414322.83426,2902
379414336.303312,13711
379414349.536404,2811
379414378.802887,13645
379414390.130192,10462
379414410.709256,7260
379414412.784611,6123
379414425.056387,13576
379414436.357377,13549
379414444.602081,1442
379414455.086409,223
379414475.959899,4635
379414488.519145,13657
379414495.031715,2922
379414510.584151,1485
379414529.883313,13472
379414536.538171,257
379414550.594905,12205
379414563.301924,1499
379414579.497965,13301
379414587.65661,115
379414596.250612,13406
379414613.440698,12187
379414623.159021,13562
379414635.325707,1148
379414650.302312,1106
379414666.089488,9387
379414683.196552,13182
379414696.365757,282
379414705.826418,2753
379414720.729188,12559
379414732.683193,13210
379414746.538016,13188
379414762.80588,10406
379414781.925224,4605
379414792.757296,11125
379414805.290572,162
379414815.277112,13206
379414833.541273,13375
379414852.034292,13356
379414865.340703,1386
379414884.378252,13361
379414900.323805,13401
379414918.230226,7486
379414934.275018,11837
379414959.374505,1124
379414974.288485,4282
379414987.575388,2710
379414997.103793,13463
379415014.01417,1541
379415025.155092,113
379415036.615834,13573
379415052.950236,13597
379415061.752133,13646
379415076.138389,2240
379415091.706557,13629
379415108.509263,6493
379415127.13173,7239
379415135.635623,2336
379415149.157248,1488
379415155.24017,13807
379415173.011815,824
379415180.145177,12389
379415191.88127,1639
379415204.459973,10638
379415216.098431,13839
379415232.612069,13890
379415250.214239,7814
379415257.47545,1411
379415270.048975,13915
379415284.590291,228
379415303.798349,7488
379415318.913356,176
379415336.260766,1503
379415349.263784,14013
379415357.24748,6537
379415367.598266,14072
379415377.621109,1468
379415394.594106,9034
379415407.945243,14061
379415420.273275,1382
379415432.209866,1025
379415451.239394,142
379415463.522336,4331
379415481.271403,5386
379415490.866214,13993
379415509.998716,13945
379415530.837006,1726
379415539.020255,1494
379415559.241388,14226
379415567.635958,13806
379415586.995442,2515
379415613.353228,13725
379415628.079344,215
379415633.910831,1445
379415648.223,240
379415654.342511,13737
379415679.196313,1065
379415684.948258,8705
379415703.260469,13682
379415714.806123,13536
379415725.39853,13553
379415747.944061,1449
379415768.360156,13708
379415782.625297,13616
379415793.789555,5395
379415809.229079,13975
379415817.089552,175
379415830.168718,13465
379415848.362165,2793
379415861.800004,2251
379415870.695216,4671
379415889.066704,1908
379415895.040833,13333
379415915.199282,1261
379415931.814046,358
379415954.245252,13284
379415965.219003,2750
379415983.738219,4969
379415996.573605,958
379416016.306649,13161
379416021.90867,535
379416039.178233,13184
379416052.048942,13189
379416074.925668,733
379416092.082017,13339
379416106.503755,1491
379416119.78472,8500
379416142.363784,13269
379416153.63727,7059
379416165.319546,13244
379416173.998209,13248
379416189.791832,13975
379416204.811327,13324
379416211.661372,227
379416222.283779,13571
379416234.644909,13377
379416251.563209,527
379416263.509734,13386
379416274.130829,3140
379416289.176357,120
379416300.91074,9379
379416316.196675,9944
379416327.81414,10648
379416342.386473,746
379416352.591495,649
379416365.910957,13522
379416377.325846,1511
379416388.565172,931
379416393.860582,13599
379416410.471096,1053
379416424.164363,1510
379416438.50847,13010
379416458.015224,13822
379416469.056957,14225
379416469.555302,13737
379416477.967459,6730
379416503.488054,2915
379416519.766974,13717
379416527.496767,3226
379416544.865663,14011
379416557.570762,13985
379416574.39006,1483
379416585.227911,1536
379416603.870779,9134
379416616.594613,1233
379416626.710582,526
379416639.575328,11535
379416647.892723,13897
379416659.748957,13977
379416675.601194,12590
379416684.64224,14099
379416697.015133,9176
379416707.303617,5058
379416723.844844,9103
379416733.66215,123
379416753.916243,14018
379416761.797827,13945
379416785.991668,13852
379416802.997485,1517
379416811.495131,5579
379416821.201596,13997
379416847.72279,1512
379416862.112109,4107
379416869.81073,13933
379416886.814066,13821
379416899.314303,12662
379416914.152353,10839
379416935.341398,13770
379416957.50499,13728
379416967.599011,13495
379416981.625922,8423
379416998.826261,5526
379417010.069162,4389
379417033.19709,13626
379417054.826936,11156
379417063.808131,13543
379417075.331285,8157
379417089.260112,9693
379417101.673897,6404
379417111.632536,13656
379417128.185964,11794
379417139.869757,574
379417156.8208,378
379417166.772514,894
379417174.799604,13412
379417187.396394,14199
379417206.500519,13345
379417215.105032,2289
379417230.361244,2385
379417247.032661,7654
379417260.202067,13312
379417277.197737,1479
379417289.658676,112
379417302.972507,1333
379417314.147452,5806
379417324.34706,10279
379417350.183644,13223
379417355.164852,4338
379417368.223546,13121
379417373.043665,13197
379417387.22843,2635
379417395.992416,13113
379417409.222033,320
379417417.863152,13205
379417436.325752,136
379417455.940644,13309
379417468.899589,1670
379417486.138521,416
379417495.557413,14244
379417521.134839,13371
379417531.606197,6611
379417551.938567,4695
379417559.829024,13398
379417572.555669,6903
379417595.525503,13604
379417607.439901,13456
379417614.957785,13487
379417629.125372,5739
379417638.159465,8286
379417648.490652,9269
379417659.908011,13536
379417682.029324,1682
379417705.61286,13552
379417717.377287,7523
379417735.535651,7453
379417748.294753,13746
379417759.356175,11178
379417774.19987,7819
379417791.655557,3344
379417814.441777,1516
379417822.187509,13716
379417830.158292,13705
379417847.873485,1455
379417864.017471,7281
379417872.187846,9492
379417884.942581,1427
379417897.527706,7002
379417907.740951,13453
379417921.279553,544
379417931.45227,13632
379417940.44894,13850
379417950.128144,6411
379417966.213891,6634
379417975.512625,13999
379417984.581712,287
379418000.350641,13935
379418018.02073,1412
379418039.70256,14062
379418051.897397,10605
379418067.043991,14079
379418083.789388,13979
379418105.292714,13914
379418121.813719,9738
379418131.375926,2060
379418146.949749,8215
379418161.742146,9061
379418172.871902,13120
379418180.565469,13848
379418186.131177,209
379418200.076925,13922
379418222.858279,13813
379418236.36264,13835
379418249.823593,1357
379418258.49347,7431
379418277.819097,6527
379418296.228656,13903
379418311.827139,13717
379418324.520312,1226
379418337.241357,14012
379418352.451553,1035
379418369.421303,13615
379418375.884967,13563
379418391.703889,399
379418396.686673,2252
379418405.963244,13593
379418420.834353,13692
379418440.247805,13452
379418452.416792,13536
379418464.874378,13497
379418488.075592,13486
379418508.138118,2669
379418516.559183,13403
379418536.465045,12110
379418539.890624,14110
379418550.374303,13424
379418566.812513,13330
379418583.17324,13356
379418595.764719,13520
379418611.046264,8237
379418621.850467,533
379418631.815184,1524
379418648.608294,253
379418657.344258,6332
379418667.943877,1191
379418686.952609,195
379418696.035584,13671
379418710.617384,14153
379418725.007997,13245
379418743.739174,13174
379418754.028546,13159
379418769.930859,336
379418791.62367,1729
379418803.251465,1149
379418819.349681,13332
379418833.576876,13341
379418844.279477,1490
379418857.420919,13303
379418874.031362,14073
379418890.008045,7389
379418896.726627,13397
379418911.333345,13631
379418929.896524,11534
379418937.354125,13435
379418957.165507,4540
379418975.298236,138
379418989.720703,470
379419001.579365,14041
379419020.665328,3752
379419047.751297,5657
379419059.339939,9906
379419073.670341,1473
379419088.728646,2164
379419098.786656,4395
379419100.456489,1329
379419113.994398,13706
379419130.161125,6906
379419144.811856,13184
379419151.910687,1465
379419164.766224,5598
379419173.858098,1751
379419186.43434,1550
379419202.559464,7503
379419218.411748,13831
379419233.881056,1446
379419245.823913,13872
379419260.142422,12482
379419274.724365,10538
379419287.932324,1479
379419304.491199,705
379419317.791431,13930
379419335.00751,257
379419352.941976,5510
379419365.803399,1103
379419379.928355,14060
379419393.645693,1486
379419406.955755,9478
379419414.452465,5688
379419427.181311,13984
379419437.204336,1312
379419450.655275,5926
379419459.126121,752
379419476.097453,13893
379419491.326617,8372
379419502.05757,13836
379419509.868045,1194
379419526.920279,1628
379419541.63366,13876
379419557.258238,6165
379419571.788086,3422
379419593.09521,947
379419608.81502,4335
379419627.560754,4347
379419648.12597,9985
379419665.664741,908
379419677.073706,14144
379419688.209851,13531
379419692.240856,8175
379419705.656594,5900
379419726.570994,13539
379419732.913844,13526
379419753.836038,245
379419764.610483,13551
379419773.699871,1295
379419784.9648,8605
379419791.069324,13791
379419804.579203,8155
379419815.183498,10485
379419830.851898,2189
379419838.494054,12116
379419846.318795,6872
379419858.772313,6711
379419871.930038,9927
379419885.828298,13622
379419901.933893,13282
379419915.819047,3371
379419924.057819,13836
379419935.005975,1507
379419944.929083,325
379419961.766867,9407
379419972.463511,13275
379419987.352127,7994
379420001.698392,13145
379420014.525161,1912
379420035.451331,13197
379420049.967783,1990
379420065.778747,7491
379420082.508589,758
379420095.86113,13249
379420114.839477,13663
379420135.958381,13415
379420151.961844,1909
379420170.011058,9732
379420186.98225,5920
379420201.861972,13406
379420211.183724,13403
379420228.040803,13367
379420240.610318,13396
379420258.531239,2515
379420270.541333,5722
379420277.747597,1488
379420295.713943,1628
379420321.546619,14179
379420333.943515,13553
379420341.670857,9669
379420356.276265,1423
379420365.507319,1510
379420377.842577,5966
379420386.496987,13624
379420402.008019,7537
379420419.607847,1538
379420430.11757,1476
379420443.866591,13690
379420468.57571,1510
379420479.768643,13764
379420485.779956,9822
379420498.986782,8080
379420518.229675,13743
379420532.517606,1183
379420551.822522,13822
379420565.290905,13906
379420576.992227,13931
379420592.795438,13876
379420604.796205,9738
379420620.362934,4934
379420640.974796,1447
379420648.770362,7915
379420663.499964,6538
379420675.295763,14025
379420689.268027,14031
379420702.628615,5388
379420713.802402,6599
379420718.191723,13681
379420727.927251,1469
379420744.715946,6417
379420756.294576,934
379420766.187468,13951
379420778.356415,356
379420786.747143,501
379420798.371685,5289
379420809.648806,13861
379420824.472508,2924
379420845.633155,11543
379420859.511054,9457
379420867.380311,14122
379420885.263771,1749
379420911.766815,2746
379420928.881601,13738
379420935.155864,13809
379420948.754183,9806
379420956.406035,10506
379420973.541051,2551
379420982.870401,269
379420999.296023,760
379421014.1071,2073
379421021.05371,2389
379421043.405656,8239
379421055.462259,13572
379421063.821679,13549
379421074.502956,437
379421086.786943,13589
379421100.977544,13505
379421114.996642,13516
379421128.982859,13546
379421135.518862,4626
379421144.229347,6610
379421164.163967,13389
379421175.068598,2047
379421197.042612,13867
379421213.39969,9402
379421225.069899,9267
379421237.595225,11583
379421259.313588,3675
379421283.785352,13234
379421288.534501,13221
379421301.820414,13252
379421319.478161,13223
379421335.056132,14257
379421345.872897,440
379421364.004844,13091
379421379.429785,13385
379421403.046828,13192
379421416.782122,13277
379421429.454164,2269
379421448.202573,10275
379421452.324766,272
379421468.018425,13306
379421484.085605,11059
379421511.568446,7908
379421532.920932,9836
379421547.308814,13358
379421568.435762,13500
379421578.368821,13643
379421591.548437,4582
379421610.513825,13964
379421623.063765,2503
379421642.179448,13870
379421651.89057,13531
379421667.967989,182
379421679.369122,3693
379421692.970768,13546
379421704.293366,14183
379421714.833819,1453
379421732.791503,12960
379421746.017303,13779
379421756.773494,13692
379421767.549597,9845
379421783.250667,1211
379421793.544128,14085
379421810.286911,131
379421826.615119,13794
379421844.342757,13797
379421860.429161,13811
379421872.3264,13810
379421880.187679,2480
379421895.109782,13868
379421904.891707,13872
379421914.843072,642
379421930.265977,12635
379421945.700977,4635
379421952.149012,526
379421958.991181,4298
379421972.138498,12017
379421979.037567,776
379421993.030748,1722
379422003.742751,14005
379422025.320581,14114
379422044.140593,14070
379422050.615002,539
379422060.422263,12226
379422073.085362,13987
379422087.194679,277
379422111.688828,13879
379422115.322958,13956
379422125.959379,7665
379422133.55342,789
379422148.604398,4394
379422164.319315,13867
379422170.886127,877
379422183.946828,1613
379422194.322659,1499
379422206.659251,13808
379422212.988053,13855
379422218.04168,3337
379422226.382452,5501
379422235.171757,13734
379422247.747325,1002
379422260.691522,13723
379422270.930405,477
379422282.839346,1564
379422295.429505,9620
379422309.647418,13735
379422322.259277,1473
379422330.208584,4200
379422339.085298,11810
379422343.583499,13551
379422348.102802,2221
379422361.254366,13498
379422367.90592,9487
379422376.150263,13626
379422380.613422,13607
379422389.025571,13787
379422396.086805,13633
379422411.282025,5974
379422417.955003,4874
379422425.097396,2848
379422440.070349,1541
379422452.359576,14167
379422462.076408,11579
379422471.812854,1447
379422491.312906,7980
379422505.724667,13364
379422521.958946,14176
379422533.111827,13358
379422541.193996,3479
379422547.493245,13849
379422557.847406,8396
379422569.732562,11499
379422578.919902,6893
379422587.993714,10710
379422599.157453,8414
379422610.147606,12138
379422623.243946,13534
379422631.917982,7111
379422644.084215,3181
379422646.44813,1536
379422653.666246,1478
379422665.835085,914
379422669.490016,5865
379422689.190719,13140
379422704.406635,13276
379422712.51749,13258
379422719.745888,13207
379422728.680488,13384
379422733.325328,14257
379422741.668956,13215
379422745.200273,13285
379422750.891827,9526
379422757.685434,701
379422770.905067,6634
379422777.67131,10288
379422784.280114,5931
379422796.208187,1395
379422803.058014,13476
379422808.170028,814
379422824.788643,13445
379422833.1704,13329
379422848.757643,1741
379422862.918615,13424
379422872.403862,13404
379422884.236646,11897
379422890.991267,1418
379422904.827611,9029
379422915.097471,8974
379422929.574224,4501
379422942.174449,883
379422947.492979,3501
379422962.820991,8081
379422974.673121,145
379422984.422727,5097
379422997.482261,13568
379423005.316469,13750
379423025.500866,4931
379423040.28525,13620
379423045.889918,12879
379423055.14645,13645
379423060.404286,217
379423072.262039,5848
379423082.774098,2604
379423090.920632,849
379423098.930011,1811
379423111.100618,5561
379423121.908816,929
379423131.454764,2305
379423143.434838,409
379423150.555358,13824
379423161.330527,13786
379423168.731322,1481
379423180.917629,13807
379423187.113245,178
379423200.282907,13280
379423214.927118,13865
379423223.2958,12879
379423231.264078,1008
379423245.954173,13916
379423250.448734,13890
379423260.186699,9414
379423268.594047,13918
379423279.182674,13932
379423285.202074,2371
379423291.973454,12197
379423300.322243,2312
379423305.748512,6225
379423313.069318,13988
379423322.416108,14021
379423326.976156,3394
379423343.256109,14010
379423353.426639,14068
379423367.57393,13996
379423375.06596,14120
379423388.937191,3237
379423402.653222,13955
379423413.866948,13953
379423430.431931,7131
379423441.085441,10676
379423451.345784,13970
379423468.058525,13899
379423490.451451,6523
379423496.657363,8532
379423510.363331,13811
379423529.010936,13571
379423543.713467,5199
379423554.380066,13791
379423569.574059,13783
379423579.355001,6422
379423597.274246,1442
379423615.930985,13713
379423636.505854,12735
379423650.570595,4699
379423662.044216,1726
379423674.896608,13571
379423686.392163,4907
379423700.197109,8981
379423709.183008,10614
379423722.627338,13502
379423732.600502,13526
379423746.015901,13617
379423751.977131,13451
379423752.139332,1165
379423763.562877,14111
379423768.419981,9314
379423778.355399,13498
379423785.282069,13557
379423798.7209,8688
379423813.108613,7690
379423825.123758,12204
379423834.721542,2215
379423845.273197,12235
379423861.614818,6728
379423871.278421,11208
379423885.375376,10261
379423898.701352,1715
379423911.830836,4390
379423924.952219,13239
379423940.227504,5060
379423951.602083,200
379423969.763466,13224
379423985.974864,1426
379424006.822377,1454
379424021.927088,3572
379424039.265237,1485
379424051.073955,13182
379424062.12079,13338
379424077.330155,13516
379424089.017524,1950
379424101.6424,1433
379424109.936488,13278
379424127.128815,8504
379424133.969492,10937
379424147.084563,4294
379424156.898022,13338
379424161.858489,4999
379424181.525723,1190
379424192.549109,201
379424215.353977,4468
379424224.311979,2420
379424237.411237,1513
379424243.247034,11851
379424253.968795,14001
379424263.374307,13518
379424278.157368,13484
379424293.186694,10150
379424303.571008,949
379424315.433995,844
379424332.732486,7009
379424345.30685,13599
379424360.203408,1290
379424373.306614,11403
379424392.926388,11273
379424416.62484,7265
379424426.705275,13672
379424437.280668,3906
379424444.968498,13749
379424455.572963,1465
379424467.870207,735
379424476.181808,1615
379424490.14076,13796
379424503.047716,13777
379424515.045809,5223
379424518.294464,556
379424531.417428,13812
379424536.110115,6554
379424556.158203,117
379424569.643627,1480
379424578.058662,2205
379424588.84973,1442
379424602.660468,7135
379424608.750105,5365
379424630.448793,14019
379424646.124037,374
379424665.764218,7569
379424676.867804,14021
379424684.370563,797
379424702.811,13994
379424714.545925,1473
379424724.856378,13923
379424735.134117,1150
379424746.949399,13969
379424759.051347,291
379424765.449634,10424
379424773.536352,9261
379424780.328387,13342
379424798.024659,9234
379424810.977947,7111
379424817.249536,13467
379424829.28123,4174
379424844.914046,13795
379424854.044867,2110
379424866.938868,7455
379424870.971769,2890
379424878.504036,13990
379424882.85939,8606
379424897.145524,1097
379424904.973526,6021
379424919.52451,13765
379424926.215373,3561
379424941.228088,13655
379424956.607619,3832
379424966.457325,13608
379424983.420968,6167
379425004.981152,6186
379425019.05673,13555
379425029.783845,2912
379425040.844184,459
379425050.561108,13552
379425066.994837,13550
379425090.939315,3444
379425103.376988,150
379425116.757699,1478
379425156.297069,1199
379425168.433754,13665
379425175.148472,3555
379425189.38982,5993
379425200.188671,13311
379425236.911723,7887
379425241.486831,10336
379425248.508467,1705
379425265.631905,13220
379425278.308757,7594
379425292.820136,3865
379425305.593126,1540
379425328.562003,11962
379425348.971709,13180
379425360.083311,13310
379425368.999276,13801
379425378.544834,2116
379425396.383187,13166
379425409.898539,1497
379425439.060091,555
379425452.158426,4347
379425465.022424,1490
379425477.951925,6551
379425489.041494,5363
379425496.873768,13989
379425503.712556,385
379425513.713135,13479
379425530.520586,13589
379425549.661174,13186
379425565.248911,4393
379425587.699804,5788
379425605.724362,2674
379425613.925262,198
379425629.244481,2699
379425638.396787,2233
379425652.546952,166
379425664.11541,13689
379425670.341247,12619
379425690.788311,8029
379425699.65425,12025
379425718.206114,480
379425733.891917,6261
379425747.948659,13632
379425758.730049,13963
379425771.021064,13750
379425783.551567,5277
379425795.274257,13797
379425805.123025,3959
379425814.100078,733
379425834.420058,6720
379425850.155061,13791
379425869.119699,532
379425874.886108,1510
379425885.336318,3680
379425901.229608,13918
379425917.50459,3597
379425925.615081,227
379425943.179215,1416
379425952.155056,9745
379425967.572361,14217
379425980.872367,299
379425992.177728,3193
379425997.374604,13967
379426005.780805,4721
379426016.308914,391
379426026.911593,803
379426050.433559,1409
379426057.133998,13960
379426068.936769,13944
379426081.855463,14079
379426096.758913,1515
379426110.340916,6063
379426124.216287,13841
379426133.740561,3395
379426147.313868,12228
379426153.699491,13868
379426164.072001,246
379426174.885222,1442
379426189.594425,2650
379426201.721538,715
379426209.801212,557
379426225.230144,2165
379426232.593129,14001
379426247.817454,13697
379426261.607002,13653
379426272.316063,6983
379426278.118394,13701
379426295.717587,166
379426305.3202,13650
379426324.155772,1509
379426336.821815,13874
379426346.955254,13657
379426359.614746,1769
379426371.303656,13565
379426384.376889,13590
379426397.116905,13556
379426411.05774,3307
379426427.430353,6716
379426450.707864,10158
379426461.920069,13427
379426473.582604,6040
379426483.330949,13638
379426493.907006,1008
379426507.622581,10480
379426526.609856,5976
379426537.113054,1374
379426548.82941,6562
379426563.192598,836
379426568.047964,9897
379426580.739333,182
379426595.210828,13323
379426614.11976,13282
379426623.890994,2607
379426644.190148,3004
379426651.304438,2092
379426657.067373,13188
379426663.860535,6114
379426688.680261,1506
379426697.916999,11902
379426708.238023,7578
379426719.636246,3087
379426727.016521,8390
379426739.581846,13902
379426755.862611,6898
379426771.541345,1413
379426778.141558,13323
379426786.414873,2041
379426797.352454,5461
379426806.264293,14120
379426818.070533,13342
379426831.27576,1458
379426847.878258,5134
379426864.676555,11999
379426876.937858,161
379426893.565704,6010
379426903.440337,170
379426915.919993,13671
379426931.989612,13496
379426953.734715,6034
379426963.815516,13554
379426983.42988,4566
379426995.482098,569
379427011.408141,6062
379427021.680748,13800
379427031.793679,1475
379427042.847574,13681
379427057.429553,729
379427066.357468,4446
379427079.67218,3045
379427085.572855,1462
379427099.188555,8144
379427112.980939,390
379427123.3635,11028
379427138.052977,11542
379427155.654859,2924
379427160.811912,408
379427167.079682,11262
379427174.987687,13947
379427183.542573,1410
379427194.969708,13910
379427205.431165,316
379427217.899647,1451
379427223.684934,6591
379427228.2053,8750
379427244.15979,7406
379427256.38346,2613
379427268.843259,4244
379427291.875717,2928
379427293.225591,477
379427308.711575,1472
379427315.498054,8772
379427329.669859,14043
379427345.146085,12770
379427356.893591,13996
379427363.986805,6286
379427379.295294,10760
379427397.22627,14020
379427408.550312,13953
379427427.901217,13933
379427445.270347,9977
379427455.269458,779
379427465.303269,12666
379427478.224818,13868
379427487.467775,9242
379427512.688312,13738
379427520.079737,14204
379427537.469947,1503
379427551.596718,13611
379427556.739949,13752
379427570.664573,4072
379427585.91232,13712
379427602.822832,13744
379427620.087356,13652
379427631.5524,494
379427645.337144,3565
379427653.323722,1398
379427666.27371,324
379427675.214348,10815
379427691.420153,10603
379427707.171186,1371
379427715.215211,13465
379427729.69948,13517
379427742.931574,4828
379427754.605925,12033
379427763.928238,4993
379427774.186256,13928
379427785.130303,1469
379427800.189981,13444
379427807.983156,13546
379427816.91314,13670
379427831.787399,10643
379427843.012681,13319
379427848.604002,1202
379427862.492508,13353
379427883.052343,691
379427896.181708,13278
379427908.933506,4862
379427920.662597,6127
379427932.638595,13247
379427948.872158,6424
379427964.131152,13532
379427984.779389,3755
379427995.835154,9621
379428005.341998,13190
379428011.964989,978
379428023.471687,5421
379428041.769285,11417
379428064.644718,333
379428077.713987,10982
379428089.437901,12278
379428098.87844,13318
379428108.76843,396
379428117.215939,12491
379428127.780943,1779
379428144.441787,5272
379428155.261246,1403
379428170.384866,759
379428185.536671,4811
379428187.975061,416
379428201.737131,2990
379428209.919094,1478
379428222.317031,133
379428232.382181,5286
379428238.826595,13520
379428248.795922,13461
379428262.470839,561
379428280.692552,3526
379428290.13676,600
379428297.643936,14125
379428307.46565,1452
379428320.505047,13561
379428328.805145,13647
379428342.592284,5202
379428353.660568,13621
379428359.093632,152
379428371.469481,13606
379428383.167996,13619
379428386.912166,3320
379428403.913272,6976
379428422.696756,751
379428435.390614,1007
379428444.921191,12027
379428460.366902,13783
379428470.773213,13741
379428481.598008,13811
379428489.327995,695
379428506.418935,5453
379428521.676539,666
379428527.987064,13875
379428545.860948,4545
379428549.958885,7699
379428570.3606,13836
379428574.603089,14011
379428585.647957,12015
379428594.523737,10562
379428600.016121,14045
379428610.955506,11500
379428622.908702,1892
379428632.252148,11395
379428642.577958,2427
379428662.363426,13976
379428680.536402,7825
379428692.294533,14001
379428702.944676,3734
379428718.177156,13967
379428726.309829,13986
379428741.949395,4844
379428764.137757,13926
379428777.773206,305
379428786.58626,13847
379428799.860976,699
379428809.225547,5919
379428819.28501,7666
379428828.492995,10985
379428839.751335,227
379428850.235236,1501
379428860.261757,1965
379428868.036829,13724
379428880.220775,10594
379428893.143536,14052
379428900.388304,150
379428908.065071,569
379428921.00122,7401
379428930.066359,13639
379428940.192865,13642
379428949.903508,12351
379428960.303614,13678
379428973.637388,1509
379428980.43643,6588
379428991.93344,144
379429009.942942,1514
379429015.684454,13496
379429014.949052,293
379429013.752014,1445
379429013.460136,14217
379429014.944518,6691
379429024.509906,121
379429045.432709,604
379429051.082728,13489
379429067.862251,4522
379429086.572209,12018
379429096.475237,13490
379429113.581465,9032
379429127.783941,9156
379429140.588369,10030
379429166.665789,3358
379429177.282399,13560
379429197.305026,13343
379429207.228049,1596
379429218.849361,1565
379429229.511671,2065
379429237.978395,14188
379429252.186584,5189
379429258.540121,13270
379429266.275447,13175
379429278.19166,9763
379429284.833159,13204
379429293.224714,1722
379429301.907189,10736
379429311.425623,14002
379429317.969055,118
379429326.680232,145
379429336.137263,13169
379429345.448884,12630
379429359.407629,1628
379429371.552359,13169
379429372.557615,13647
379429391.715293,13460
379429405.235034,7236
379429417.108295,13173
379429428.942562,13235
379429441.694972,12165
379429445.122664,156
379429453.262567,2047
379429465.513285,1438
379429477.670181,140
379429482.694415,3084
379429491.778944,13368
379429507.060686,592
379429518.792882,12541
379429535.687218,10231
379429550.106261,4960
379429571.280351,1152
379429586.388954,9606
379429605.495721,1460
379429620.254092,13659
379429626.999687,13955
379429651.801539,2796
379429665.169205,10539
379429678.604983,13623
379429690.712995,1515
379429703.120649,1454
379429713.370828,3850
379429723.455337,6484
379429732.641229,3843
379429741.220908,7748
379429752.031302,13730
379429763.088814,736
379429773.293456,9095
379429790.566726,13777
379429809.74851,3337
379429818.424888,235
379429824.936756,13915
379429830.369946,13874
379429834.779636,12101
379429844.281117,13883
379429851.421931,1925
379429865.965811,888
379429882.716827,4470
379429906.749377,777
379429923.057893,9251
379429943.541377,1262
379429954.949012,13969
379429975.118903,277
379429984.589624,806
379430000.035804,14062
379430018.582815,1026
379430031.405099,14074
379430042.316763,13936
379430053.360176,1451
379430065.219427,2080
379430074.586808,3579
379430088.743156,11566
379430099.400972,5991
379430114.613722,13952
379430124.497092,13821
379430139.071796,13816
379430152.271557,13806
379430172.388837,13810
379430188.383088,305
379430198.12174,1479
379430211.078553,13881
379430217.2575,2997
379430236.747492,4463
379430248.77682,13661
379430260.702121,13710
379430276.563753,2315
379430285.16331,13605
379430298.615989,13635
379430308.819496,13563
379430319.726368,1532
379430331.212074,9626
379430353.6908,2912
379430364.68026,12959
379430378.989267,13565
379430394.457661,13481
379430405.160517,2467
379430418.40526,13504
379430424.892666,5060
379430425.230459,6740
379430430.175457,2960
379430442.99686,872
379430449.40054,4558
379430459.770087,7691
379430472.642472,1480
379430476.782489,5073
379430482.284929,14073
379430493.429399,893
379430511.932695,13348
379430523.449218,14102
379430537.707762,13408
379430549.55606,13296
379430564.127406,9671
379430578.434542,7022
379430591.468207,881
379430625.953626,13195
379430646.601698,13196
379430661.36968,13256
379430685.256109,13176
379430693.518161,4164
379430706.055382,13260
379430725.013533,1514
379430741.746982,13348
379430748.821091,13359
379430765.270294,5996
379430782.172739,6965
379430791.988206,369
379430808.398378,6827
379430818.918704,439
379430835.90597,197
379430850.671077,13418
379430863.947464,4319
379430876.225778,1410
379430888.865069,1396
379430903.962693,1745
379430918.499383,1459
379430933.554618,13573
379430950.220251,2807
379430969.62833,13654
379430981.897869,1495
379430994.05569,1164
379431006.903481,7220
379431032.501022,14166
379431041.140571,8589
379431049.996485,4903
379431065.901734,10455
379431072.797429,2497
379431095.002902,4832
379431115.457619,293
379431127.858318,12374
379431135.384687,1466
379431153.552742,13825
379431164.049619,819
379431177.902544,13849
379431196.126464,135
379431208.257819,13912
379431223.544786,13923
379431235.896212,299
379431246.476404,5194
379431258.306479,13933
379431276.197976,12878
379431285.789801,945
379431297.076109,119
379431303.877833,1460
379431325.271211,218
379431337.170352,14072
379431348.006377,13987
379431364.701461,4684
379431374.771154,207
379431380.896027,11245
379431396.084086,9591
379431404.685339,8592
379431413.645317,2334
379431428.147979,5589
379431440.567613,728
379431448.714075,1553
379431464.173837,701
379431477.055826,13824
379431484.418139,757
379431488.69266,14037
379431496.496886,1986
379431511.722312,14079
379431515.664248,13795
379431529.053067,2202
379431540.004021,13705
379431551.380728,4657
379431562.479071,638
379431568.23129,5077
379431572.395086,14005
379431581.989302,1597
379431591.578429,1854
379431599.168852,496
379431612.484877,1508
379431623.097776,1624
379431629.714827,1270
379431641.449774,13809
379431658.196033,2705
379431678.45417,6798
379431691.562838,13532
379431705.595809,7990
379431712.202595,11515
379431742.096785,5772
379431752.271608,1568
379431765.943104,13472
379431774.476074,13958
379431785.079374,6830
379431796.841393,8694
379431816.076298,623
379431823.237818,137
379431829.872471,1737
379431855.550858,1421
379431880.319534,5349
379431886.333761,9014
379431906.618291,13324
379431919.007937,1502
379431937.103505,1449
379431948.741637,8969
379431966.322418,13184
379431980.727588,7014
379432000.01437,1491
379432015.603836,12646
379432037.800596,13674
379432054.382571,13376
379432065.177518,7252
379432074.890851,483
379432087.81663,13296
379432094.966348,1522
379432102.93208,13287
379432121.433389,12142
379432137.110095,1027
379432155.268067,13880
379432166.474936,13467
379432179.134792,5704
379432189.959299,13438
379432206.98742,9160
379432216.378574,13431
379432229.633545,13481
379432250.057762,13263
379432266.34933,1979
379432276.012668,1419
379432282.622232,1406
379432298.177584,162
379432310.547753,4834
379432322.807104,1479
379432331.991562,13657
379432340.904047,12004
379432347.146578,13621
379432359.878958,13685
379432371.567474,1224
379432392.684999,13859
379432407.864026,8386
379432414.543263,1326
379432429.289044,13738
379432444.978699,13804
379432453.853342,1545
379432462.557266,14203
379432472.741445,13962
379432487.710286,9446
379432495.785836,1132
379432510.212029,2942
379432521.575679,14046
379432537.358548,13844
379432551.839472,8803
379432563.63132,2526
379432574.855707,13956
379432585.941614,11058
379432591.27098,11816
379432592.435274,13990
379432596.700854,7921
379432613.134627,14017
379432632.345378,14177
379432642.922527,4007
379432654.138858,1500
379432661.536077,13983
379432681.007251,416
379432698.113807,1231
379432710.467191,13955
379432726.228248,8704
379432737.995817,1286
379432757.125957,13968
379432772.491068,2440
379432790.652387,9425
379432793.597912,1465
379432816.394005,6822
379432832.516802,283
379432846.128678,4797
379432862.938819,4209
379432876.283306,894
379432887.571793,971
379432898.848798,2118
379432912.320315,13697
379432927.961799,11135
379432935.416351,8045
379432941.987489,9427
379432947.443615,14158
379432953.082288,13655
379432964.441788,198
379432966.525325,4714
379432972.372088,10562
379432983.151009,13574
379432995.987447,5451
379433014.578569,5163
379433025.552537,717
379433043.814338,13460
379433058.449774,5549
379433064.886079,1464
379433073.796495,377
379433091.401747,1208
379433104.715943,13429
379433117.874235,6674
379433135.140776,5785
379433144.271858,14090
379433158.20674,13423
379433172.133837,1659
379433185.094992,8969
379433202.24664,313
379433229.183755,3878
379433238.533236,13257
379433247.375313,13170
379433259.355927,4137
379433275.633105,12687
379433290.859685,5192
379433298.597111,13165
379433313.341666,571
379433333.605072,1493
379433346.700878,13217
379433362.480323,13275
379433383.754632,13258
379433390.828107,193
379433402.220195,13862
379433409.195794,1930
379433420.931378,3014
379433434.235239,6148
379433445.009187,1889
379433456.233333,3426
379433461.124098,13534
379433475.84443,2606
379433495.601354,13388
379433508.108177,13433
379433515.16616,122
379433529.665488,13451
379433542.255991,4820
379433556.388037,6691
379433568.17666,476
379433588.81498,13794
379433606.033555,2663
379433618.507418,13293
379433627.080543,10741
379433637.233246,4169
379433654.750499,1472
379433670.655582,5133
379433679.450527,6419
379433692.64931,13746
379433705.746042,13627
379433719.68468,367
379433733.480547,9108
379433751.687811,8438
379433763.240931,13822
379433774.417571,10140
379433794.623611,1518
379433810.30527,239
379433822.436676,2992
379433830.409693,8826
379433847.180176,1491
379433859.952185,10871
379433882.115044,13890
379433893.232184,334
379433910.723309,5278
379433921.295473,177
379433951.174816,5606
379433973.20482,13314
379433984.125681,3739
379434003.011753,10901
379434011.16633,13961
379434023.983876,7327
379434034.817713,12983
379434053.812852,12072
379434068.255044,13266
379434082.756798,14039
379434091.592758,1445
379434104.371195,13893
379434123.037644,6991
379434136.771473,11982
379434147.122666,1313
379434159.522275,13793
379434179.432462,3505
379434194.016135,219
379434206.485788,13810
379434219.644467,13653
379434233.87741,13732
379434245.621926,13696
379434260.785317,13880
379434271.925299,1479
379434284.391996,13634
379434299.791848,1481
379434312.788392,4682
379434323.654274,13417
379434339.331379,1578
379434350.174879,3893
379434361.518378,9637
379434372.88498,13525
379434385.038441,875
379434401.957498,13468
379434410.705523,4070
379434426.214353,2721
379434439.908451,893
379434448.205348,9783
379434460.109135,9501
379434471.866485,1477
379434490.619877,860
379434511.795538,13275
379434517.96849,1466
379434544.544682,1473
379434557.929897,9416
379434564.709906,3662
379434579.987629,13523
379434588.576886,13207
379434604.270801,5341
379434614.144833,651
379434621.864796,13787
379434639.320945,8307
379434650.689428,1624
379434670.908334,5666
379434691.540431,3286
379434707.792297,309
379434717.42772,10477
379434726.247479,13754
379434739.418508,1937
379434753.685215,577
379434766.40827,224
379434779.22319,13374
379434789.930979,614
379434791.343483,1530
379434806.66332,13408
379434824.387223,1644
379434832.469931,13484
379434850.857761,4955
379434861.262006,7593
379434871.535555,1441
379434882.160556,14234
379434893.98054,13576
379434904.462663,808
379434924.317551,13920
379434940.301701,1114
379434950.035966,4592
379434965.45398,2139
379434972.545699,13632
379434979.115864,13697
379434988.890668,13632
379435001.79309,1439
379435016.571989,13721
379435032.799851,158
379435047.368962,13691
379435053.033048,9153
379435068.350221,9885
379435081.350399,13733
379435094.404648,13760
379435106.910196,235
379435126.970995,13809
379435147.977792,1511
379435169.276779,915
379435178.261342,3174
379435194.807855,11544
379435205.392004,208
379435214.413996,4080
379435233.562639,13983
379435257.621936,14052
379435271.38341,13970
379435277.906002,3764
379435294.155739,5476
379435308.171782,14187
379435329.916533,7378
379435345.301569,14054
379435360.064775,171
379435379.862656,1654
379435394.545407,10635
379435401.637497,13887
379435409.760334,567
379435427.605094,13954
379435449.345232,6429
379435465.64237,5553
379435470.629319,1448
379435486.708529,325
379435497.742256,13948
379435514.521509,2529
379435524.891322,13707
379435541.325568,13730
379435556.09483,13727
379435565.360907,13647
379435577.697932,1504
379435597.858028,13645
379435613.962416,10462
379435621.958568,1447
379435635.592525,489
379435655.159131,354
379435671.027313,11986
379435684.91769,11029
379435698.891859,1516
379435713.738146,4440
379435733.874249,934
379435744.018785,445
379435755.656466,13435
379435768.593196,2051
379435782.839462,1430
379435796.318674,13352
379435813.449695,13360
379435827.850562,9543
379435842.447767,13389
379435858.754243,2836
379435866.630421,1002
379435872.193936,831
379435884.126876,1438
379435901.023531,3717
379435912.245431,13200
379435927.517712,1491
379435936.052783,13162
379435947.774358,13160
379435967.68934,13252
379435981.661125,1358
379435990.59114,408
379436004.012266,3835
379436017.599447,4477
379436021.756214,13178
379436033.928027,210
379436056.230092,13272
379436065.410134,13232
379436072.39451,12430
379436097.926671,5542
379436107.140892,13351
379436116.824386,1472
379436123.259331,13372
379436133.253705,13399
379436148.283749,13408
379436159.782633,13940
379436170.370988,13389
379436191.305149,13522
379436197.240235,13442
379436211.386399,12958
379436225.377407,3643
379436240.619043,10319
379436247.476925,848
379436260.55147,1490
379436269.029287,740
379436278.36793,6981
379436288.557657,10106
379436296.860341,14114
379436313.154557,10626
379436319.478222,1452
379436341.782197,3619
379436347.514332,3041
379436353.788705,233
379436362.533311,1477
379436370.521591,7230
379436382.889691,1492
379436392.876994,13753
379436402.730663,249
379436411.485175,13742
379436424.217109,10082
379436432.323162,1822
379436447.389128,13859
379436467.913268,7972
379436482.810319,13774
379436489.321793,1018
379436509.199532,1425
379436514.729091,13497
379436525.970687,13927
379436540.813922,5178
379436553.648943,1442
379436564.117317,4130
379436574.389618,5296
379436590.125031,4847
379436598.419075,803
379436613.834747,14071
379436633.614005,1276
379436649.584822,3803
379436672.920364,3377
379436684.154089,7186
379436690.811262,4025
379436711.252884,14002
379436722.46272,1803
379436740.450435,9766
379436757.451406,13860
379436775.089941,14172
379436789.196529,1499
379436807.275253,9576
379436824.15992,822
379436837.529517,7847
379436859.162742,13769
379436872.332733,440
379436883.389069,1136
379436900.090668,341
379436921.796217,9154
379436932.158357,1451
379436951.618864,2850
379436956.388912,13613
379436968.045958,1666
379436979.262114,13556
379436988.381262,774
379437003.393456,1088
379437014.396669,1106
379437027.411978,11494
379437038.129358,3544
379437047.890831,478
379437061.665184,13482
379437070.573673,5242
379437077.353214,4405
379437091.176884,13377
379437107.928131,11925
379437113.48465,4934
379437125.295351,12340
379437141.649636,5343
379437166.143341,14164
379437174.498166,1610
379437182.990509,5213
379437194.334028,2502
379437209.569007,5363
379437226.204962,12026
379437240.957334,13207
379437251.665311,1939
379437258.362347,13169
379437272.956826,13658
379437284.44916,13102
379437291.90054,1121
379437308.233788,13708
379437322.470706,4884
379437338.666102,13297
379437350.753263,13004
379437367.45671,5507
379437375.094617,517
379437385.382628,6742
379437404.235611,13355
379437417.133309,2756
379437427.789452,4582
379437437.978809,13953
379437450.80471,5430
379437462.566246,13403
379437472.360374,14066
379437485.73653,227
379437498.218611,11955
379437512.545384,14199
379437522.68215,11981
379437541.56209,7494
379437547.023188,297
379437564.596914,4592
379437581.131992,13607
379437598.704091,5555
379437616.142047,1504
379437629.303005,13655
379437643.863638,13635
379437654.74405,13667
379437661.030851,14137
379437668.892173,1226
379437677.947239,4797
379437686.347985,3169
379437692.077012,873
379437703.873564,566
379437707.882481,12386
379437721.423968,14158
379437731.142796,1691
379437750.133521,439
379437765.537385,1321
379437777.784757,181
379437789.971011,9603
379437799.847646,3246
379437813.233806,381
379437823.401492,13865
379437835.467989,3962
379437846.413584,2723
379437855.800233,7338
379437876.077834,6674
379437891.053556,10389
379437920.490682,13966
379437928.684051,14016
379437945.258184,2171
379437955.877811,9897
379437972.204482,12172
379437983.500408,13939
379437997.275899,14052
379438005.671846,13883
379438009.617527,451
379438018.157388,1230
379438032.034154,9626
379438051.236783,2700
379438055.217169,465
379438065.920039,6336
379438080.964462,533
379438084.797038,2071
379438094.583094,5002
379438103.40919,9290
379438112.195948,13924
379438130.646867,2165
379438141.55001,6291
379438151.229456,13936
379438155.92787,13930
379438167.264012,1486
379438178.048746,3539
379438185.774983,423
379438196.635772,3135
379438208.516304,474
379438217.835711,10151
379438229.070901,364
379438240.949068,10867
379438249.464949,13888
379438256.583218,13669
379438274.320109,13562
379438281.89102,11928
379438290.508609,1850
379438305.741394,1481
379438318.138705,14178
379438329.913891,6861
379438340.782822,13506
379438358.569729,1408
379438373.119264,782
379438385.539851,13473
379438393.752973,13571
379438410.244589,13389
379438429.874601,13375
379438436.743987,6300
379438454.771877,13340
379438463.653412,2153
379438475.250503,10897
379438485.274469,5351
379438491.295666,1159
379438502.411409,3064
379438518.506932,6821
379438530.955569,246
379438547.426018,1465
379438557.446505,13214
379438565.848239,13187
379438573.681208,13253
379438596.898599,7377
379438611.987421,5082
379438627.184458,1740
379438634.510007,13907
379438639.493957,13192
379438649.028801,2868
379438668.836486,13236
379438676.209451,8202
379438686.804905,5846
379438698.053895,849
379438717.106446,13287
379438729.796749,13312
379438749.357202,418
379438759.022803,896
379438773.574401,13302
379438780.56748,13424
379438791.397397,752
379438801.79462,7971
379438813.495093,3550
379438828.636232,14142
379438839.71738,14041
379438851.21366,4074
379438864.36963,1495
379438882.035088,13140
379438897.631418,2184
379438914.815083,2134
379438933.284184,296
379438944.826524,13609
379438956.08284,7630
379438968.756186,1476
379438983.76272,7977
379438992.843749,13647
379439002.842707,697
379439023.599573,3345
379439042.178237,1391
379439056.770649,9823
379439069.446817,13949
379439081.222925,5918
379439098.306663,3806
379439108.161724,13877
379439115.243561,13831
379439131.66374,2726
379439145.899645,1659
379439175.117427,426
379439189.210809,412
379439192.071827,389
379439200.805161,1468
379439210.950245,2146
379439227.856557,9574
379439241.313603,14002
379439253.998752,14071
379439269.063345,14054
379439282.926676,5533
379439287.731696,14079
379439297.074818,13944
379439305.419903,8775
379439321.696992,242
379439335.995706,13548
379439353.843055,4378
379439368.671012,12576
379439379.133274,13979
379439389.885671,10879
379439404.573677,2347
379439415.251452,11530
379439422.919284,13813
379439432.006661,13813
379439444.678352,10353
379439453.172188,13908
379439466.745635,436
379439478.336838,8940
379439490.277858,13699
379439499.132192,13723
379439513.08627,1461
379439523.927708,1032
379439534.499773,10832
379439558.125268,13606
379439562.399482,13619
379439570.417906,13619
379439575.016225,11578
379439586.258578,5403
379439604.937811,13625
379439620.444979,876
379439628.202715,7795
379439641.396054,5840
379439658.415139,13583
379439677.684056,5016
379439691.842662,889
379439701.233928,13558
379439706.021641,7335
379439723.254432,8327
379439741.037514,8129
379439748.992095,1489
379439765.488565,2191
379439784.743602,12446
379439791.87529,481
379439800.82733,13322
379439810.686223,13306
379439819.585811,13440
379439833.421438,13269
379439851.945159,13941
379439865.424977,7474
379439882.717079,13157
379439889.613628,1840
379439896.328721,3161
379439904.482389,5734
379439919.219585,9274
379439927.087753,10372
379439935.137418,1006
379439942.030164,3248
379439955.216626,13181
379439962.362477,2990
379439975.695079,1447
379439989.81013,2574
379440002.309501,13241
379440009.999797,4966
379440028.607538,13292
379440033.340954,4713
379440038.824111,6197
379440049.213833,1701
379440062.073486,1505
379440075.124485,1853
379440087.489001,511
379440102.854468,2421
379440114.938197,1422
379440132.864002,13439
379440142.937106,1462
379440151.422474,13661
379440162.155326,13451
379440177.631194,6708
379440200.722574,10853
379440210.543417,13572
379440225.914112,1481
379440236.349963,1487
379440247.226078,4000
379440262.771172,13519
379440285.562906,9200
379440293.22463,13661
379440313.92717,13620
379440323.594405,13696
379440334.931445,9588
379440345.544364,3003
379440355.190765,334
379440363.989645,1066
379440379.328263,6503
379440385.918945,2661
379440403.494434,5261
379440419.591122,8466
379440432.565247,13850
379440444.857662,13800
379440458.702812,13927
379440468.398101,13862
379440484.122547,13877
379440492.954403,13885
379440504.97235,1725
379440511.879794,665
379440524.989506,1495
379440543.337369,12318
379440548.011818,10563
379440557.646441,9791
379440566.252513,2421
379440582.523569,13956
379440593.468661,1418
379440607.566643,1435
379440633.553775,14056
379440649.7704,1541
379440663.614852,6119
379440672.542126,13974
379440700.093884,10958
379440720.005459,115
379440732.279792,13912
379440753.090586,13794
379440769.133315,14192
379440772.486354,3615
379440787.848783,13839
379440800.436346,1549
379440813.97466,1104
379440826.62512,13698
379440834.327965,4856
379440843.45179,6425
379440845.011355,1675
379440856.560149,5261
379440869.097373,212
379440874.762977,115
379440883.09152,1473
379440895.450396,13720
379440907.351379,1606
379440913.619101,13620
379440918.991983,13600
379440936.478761,1464
379440950.223543,1620
379440955.81469,10671
379440970.342535,393
379440980.403996,7012
379440989.522707,13943
379441012.329286,6148
379441025.012163,227
379441038.963348,13481
379441047.974177,13415
379441056.758374,1494
379441065.783629,8006
379441083.555948,13351
379441090.901336,9925
379441102.156767,13353
379441114.482408,4971
379441122.579013,13319
379441135.664372,1058
379441144.192074,1614
379441157.122685,3051
379441168.434801,9984
379441182.76024,408
379441189.936863,1874
379441202.943286,3748
379441212.439038,10244
379441224.131622,150
379441233.98269,13672
379441245.475201,1529
379441269.060795,9842
379441282.89965,13145
379441294.728756,13971
379441307.871953,3412
379441321.227305,8143
379441341.871326,930
379441346.390341,13311
379441354.5391,856
379441361.057046,9989
379441383.146386,10849
379441394.390416,303
379441403.67409,4655
379441428.127617,4027
379441440.009416,1500
379441449.144737,8682
379441459.638989,507
379441479.748357,565
379441488.234633,11271
379441503.311549,11431
379441506.845713,737
379441531.631721,13510
379441541.810625,13559
379441549.618873,13612
379441559.030861,3157
379441565.974172,4531
379441584.580879,9536
379441605.077978,1518
379441617.819461,260
379441633.655068,13603
379441648.551227,3247
379441658.647519,4841
379441673.880934,7909
379441681.101122,2637
379441695.409088,4875
379441706.798877,13721
379441723.297791,2803
379441727.770354,10686
379441735.200599,1486
379441751.938344,5135
379441763.282533,5144
379441769.249423,14065
379441783.384092,13821
379441791.537117,1360
379441801.013398,11051
379441815.197464,5916
379441824.972264,13713
379441848.84058,13939
379441862.455238,1411
379441870.646459,3299
379441883.501354,6096
379441891.025832,14119
379441904.619795,7404
379441915.452301,1022
379441927.089531,14046
379441938.035342,1528
379441951.308428,9120
379441962.800684,13847
379441979.35911,9488
379441994.868005,14040
379442009.589517,6478
379442022.487483,195
379442038.183014,11966
379442049.214259,7449
379442061.938868,1463
379442077.429025,14182
379442087.275089,14222
379442104.661962,5789
379442124.178369,11534
379442132.980779,14043
379442148.258911,13720
379442153.989776,14151
379442162.685506,13642
379442173.423997,13733
379442183.212696,3322
379442193.087682,13638
379442202.301358,398
379442207.73327,8425
379442220.163613,3403
379442233.956168,10001
379442248.978243,13962
379442260.822647,13631
379442270.84803,12468
379442290.444691,4994
379442304.193454,713
379442311.160225,3348
379442317.0435,1986
379442322.366449,2448
379442327.503345,3898
379442344.090081,14196
379442356.445616,1470
379442359.115904,13998
379442373.012007,4582
379442385.733609,167
379442396.317975,367
379442404.76234,9170
379442411.430068,7205
379442425.105244,4121
379442439.393228,2146
379442458.893919,13321
379442464.924774,1602
379442481.364585,10309
379442496.28717,13234
379442511.422696,5575
379442528.514685,13289
379442538.327684,13277
379442562.443259,12126
379442580.95909,13191
379442594.47955,4000
379442620.067377,6933
379442635.746267,997
379442646.449171,9138
379442662.794216,13699
379442679.027014,13317
379442695.742523,13316
379442705.443134,1808
379442723.007075,13348
379442746.427432,13321
379442760.201718,13379
379442777.655198,13366
379442797.87873,277
379442814.432665,11592
379442825.182557,2001
379442847.883942,13682
379442852.069252,13518
379442865.216418,1386
379442879.828558,2756
379442892.505625,10895
379442905.320696,10159
379442916.404577,6971
379442931.482727,9215
379442951.094675,1204
379442963.733073,4355
379442973.312061,6359
379442984.327924,13714
379442999.27778,8050
379443013.752718,13754
379443031.786401,826
379443047.149531,13797
379443059.77754,11946
379443072.054722,560
379443089.359458,5993
379443102.134913,591
379443117.24293,4572
379443127.742519,2222
379443139.77371,1468
379443151.157216,9923
379443162.999837,914
379443176.941675,13996
379443191.662014,13944
379443201.944723,14161
379443219.021714,895
379443229.814097,1095
379443248.280137,1121
379443256.379208,962
379443269.908521,1751
379443279.606972,8368
379443293.13121,8368
379443305.327486,13966
379443317.7577,13930
379443324.426595,1536
379443335.854627,2316
379443347.0285,14059
379443363.577962,13871
379443377.586248,4031
379443387.432999,4065
379443396.952004,13918
379443414.39222,1475
379443435.250359,11252
379443456.244046,1339
379443466.374174,311
379443478.898837,971
379443490.344395,13690
379443513.855747,13700
379443523.435161,330
379443544.368371,1684
379443558.20483,13693
379443573.657944,2056
379443582.333224,7927
379443591.728673,9077
379443603.002543,8618
379443612.873352,785
379443623.406354,6275
379443639.716406,2466
379443655.834593,1505
379443662.299406,7101
379443667.835647,805
379443675.111662,4628
379443696.25161,1084
379443708.70533,9100
379443725.074382,1851
379443733.665626,13497
379443745.892802,1549
379443759.415896,1291
379443772.671955,13397
379443787.894841,10288
379443802.109929,13318
379443814.261542,113
379443828.780797,4350
379443839.522469,8149
379443853.193744,4356
379443863.782467,690
379443868.091352,139
379443880.033798,10894
379443890.349421,11556
379443907.316291,5798
379443918.22629,2425
379443937.947015,13875
379443959.874315,1461
379443976.684,455
379443990.053165,13852
379443998.161233,2300
379444012.308423,13406
379444022.613704,13356
379444026.620792,1261
379444039.85447,13284
379444050.354447,8419
379444058.695872,2066
379444078.130544,1394
379444096.695532,405
379444107.086706,1737
379444117.441141,13588
379444127.570508,4974
379444148.538319,13452
379444154.226916,13571
379444161.178535,13440
379444181.075177,13492
379444190.210571,11711
379444198.729865,122
379444208.664557,10540
379444216.214333,13662
379444226.583826,13503
379444234.833706,1406
379444245.45906,9397
379444263.383882,1775
379444281.98212,14199
379444291.049136,4625
379444309.545483,14008
379444321.543068,14157
379444335.305588,13729
379444345.601531,13725
379444355.014255,3538
379444368.334924,13778
379444376.124368,13732
379444383.552672,2065
379444388.803761,7943
379444397.063343,588
379444409.62355,13901
379444422.888729,124
379444432.272938,13939
379444441.78427,6088
379444456.072298,7474
379444463.395619,3695
379444480.425623,11741
379444500.528634,1506
379444508.582622,7645
379444522.423786,6384
379444539.762135,14062
379444554.444404,503
379444569.614559,1522
379444592.16996,13978
379444605.033331,3847
379444622.050582,13462
379444636.684813,8120
379444651.097504,3623
379444668.633619,808
379444695.133091,5505
379444702.773041,14162
379444712.384524,2642
379444728.625385,13849
379444745.728787,6455
379444751.392954,9604
379444768.037008,11295
379444781.284687,13834
379444793.274761,3223
379444810.057058,3016
379444821.103662,2679
379444834.861376,9252
379444843.813713,13649
379444851.022637,1729
379444862.671866,13724
379444869.733813,523
379444879.527388,13713
379444904.231241,13601
379444913.679269,13605
379444929.703566,1267
379444936.451346,588
379444953.925429,1515
379444969.522347,1506
379444984.086975,13833
379444993.279067,254
379445009.01274,1529
379445016.918959,503
379445035.917488,3014
379445050.064862,194
379445063.04343,6918
379445072.587962,5383
379445079.082361,10058
379445093.637297,13481
379445110.58046,534
379445126.448325,2021
379445140.153656,6900
379445153.472719,13309
379445159.5307,1673
379445169.768226,13311
379445183.539528,12890
379445197.19149,13222
379445210.923282,5945
379445233.070434,694
379445253.658096,13224
379445269.74363,559
379445279.370887,1332
379445293.540426,8640
379445307.512681,275
379445320.902303,659
379445331.410383,260
379445345.058882,4233
379445364.175858,13283
379445372.588817,286
379445387.799604,7778
379445414.035093,13334
379445422.916929,13399
379445432.670731,14219
379445441.695766,10643
379445455.936982,2705
379445472.107972,148
379445482.710407,14054
379445498.926302,13515
379445513.580127,222
379445528.795955,938
379445542.511582,2089
379445553.590021,13687
379445571.186673,4673
379445577.043395,10753
379445591.599373,13662
379445603.921041,13596
379445615.512873,13630
379445630.139776,1282
379445636.886493,3471
379445652.658415,9052
379445662.338196,13749
379445682.030494,273
379445702.6195,13741
379445716.25128,13863
379445724.791805,380
379445747.531131,923
379445762.468207,13860
379445771.12753,1500
379445790.687573,14091
379445805.087595,554
379445819.47879,373
379445840.372394,6684
379445856.647245,13945
379445866.82829,14020
379445889.59184,6891
379445900.168107,14107
379445916.789074,167
379445931.710027,5841
379445945.046283,14023
379445963.545353,13892
379445983.242431,1929
379445996.274303,13180
379446008.504546,13870
379446013.784063,8667
379446018.064879,7415
379446030.139798,13846
379446040.07344,13888
379446058.082186,1373
379446073.493321,1514
379446097.724196,1640
379446107.726138,1404
379446118.428664,2790
379446133.111967,11888
379446139.903355,417
379446164.178121,13693
379446177.594282,13944
379446192.074626,267
379446210.568465,2414
379446224.528536,1473
379446239.448862,13613
379446249.694076,14226
379446261.210224,450
379446278.703757,379
379446290.681024,6979
379446309.508371,5566
379446317.326839,13547
379446335.667068,13451
379446347.364291,5517
379446354.939876,13486
379446367.676007,371
379446383.243335,13643
379446397.292967,12122
379446405.059467,13335
379446419.618654,248
379446426.434486,2906
379446437.738575,1474
379446448.90555,13337
379446461.08837,13614
379446479.737199,13448
379446489.916685,3340
379446500.468883,13439
379446507.220586,13759
379446513.372113,5260
379446532.420815,117
379446538.480344,13303
379446546.357282,13189
379446555.359567,13191
379446567.280781,800
379446586.239582,149
379446596.536167,12987
379446603.939048,13241
379446613.708826,397
379446625.755231,13208
379446636.207583,6051
379446650.401258,12761
379446656.837256,10714
379446671.642184,170
379446681.445335,217
379446701.157784,9086
379446712.224198,252
379446726.807873,13425
379446737.226173,5651
379446747.894914,1322
379446770.087045,13485
379446781.77252,9907
379446788.431261,10537
379446800.17432,11507
379446807.950443,2460
379446818.710808,1611
379446840.930124,9585
379446858.305613,13551
379446875.3256,1480
379446888.339591,2372
379446901.541917,13583
379446909.025103,1062
379446916.640311,13616
379446925.627126,5738
379446943.717492,8845
379446954.856987,14122
379446971.69235,13666
379446977.268435,1523
379446989.227847,13743
379447002.465803,13707
379447023.498491,1430
379447033.937269,2013
379447047.705106,13810
379447064.663094,4869
379447072.744691,13807
379447076.445327,1243
379447094.299496,10775
379447105.799149,10789
379447121.067578,13920
379447132.503095,13868
379447142.611215,464
379447157.07416,1480
379447167.483523,6133
379447180.22042,13959
379447191.537213,527
379447207.79577,14048
379447225.205803,14045
379447232.100579,14076
379447252.492177,13961
379447262.768283,12765
379447270.810809,1499
379447288.566734,1864
379447300.84716,7396
379447318.7393,2125
379447332.471956,10428
379447344.033701,3467
379447352.732479,13233
379447371.805009,278
379447385.377458,9611
379447405.146906,3464
379447415.57771,4528
379447433.162366,8506
379447441.224308,14108
379447454.21238,5994
379447463.982999,13775
379447477.782524,13737
379447509.482648,1500
379447529.800931,3428
379447550.244489,1680
379447565.786788,13569
379447584.674673,1195
379447590.516439,1771
379447606.267371,13610
379447620.882569,13521
379447634.517051,13460
379447649.131647,13482
379447657.093007,3643
379447671.366109,13456
379447682.833575,4232
379447693.656487,13419
379447702.668091,1542
379447712.504232,13349
379447721.165485,151
379447737.825557,8397
379447754.641219,10338
379447764.679648,13949
379447774.954866,10294
379447782.667565,1494
379447798.951968,1501
379447814.960346,13802
379447833.005083,2966
379447847.254249,1159
379447866.285332,13265
379447880.122695,9727
379447899.098734,1051
379447910.430144,1451
379447921.257969,770
379447949.080773,11789
379447957.729992,3691
379447970.836258,1796
379447990.52726,13303
379448013.860114,1405
379448024.615076,272
379448041.419313,11167
379448051.752373,6725
379448074.075706,13338
379448093.168669,5193
379448103.918748,1485
379448120.850256,1422
379448133.257585,1083
379448147.006448,5503
379448165.75183,10417
379448178.699981,10913
379448188.982971,6026
379448198.905245,13829
379448213.029047,2528
379448217.711933,4247
379448238.719923,13648
379448251.646302,13628
379448256.261925,13686
379448266.444487,7174
379448282.839586,8176
379448294.651064,10139
379448304.200091,13699
379448319.594615,482
379448336.865814,12624
379448350.519977,13896
379448365.482542,1476
379448377.901796,13834
379448394.436146,13807
379448408.705441,1470
379448424.605775,7814
379448433.233937,13954
379448455.467512,4453
379448465.292927,1923
379448482.696283,10721
379448503.814514,5975
379448513.51258,187
379448528.695177,155
379448542.076387,2501
379448558.564117,14046
379448580.074752,8914
379448595.254119,6614
379448605.226362,14045
379448618.043533,1528
379448630.940814,14106
379448648.635037,13925
379448662.119599,1670
379448672.753885,5953
379448680.282104,13908
379448692.790221,5672
379448706.332551,13863
379448721.670303,1485
379448731.667052,13867
379448742.434417,234
379448757.545458,1513
379448770.28138,9913
379448782.44056,6838
379448799.238638,13709
379448814.7038,3169
379448828.342607,13560
379448842.195359,4763
379448855.170562,10148
379448868.234949,1438
379448894.973109,2452
379448906.978638,1506
379448917.52758,5548
379448931.63888,13540
379448937.659848,14232
379448947.42543,1963
379448963.376864,13485
379448976.083695,300
379448986.464254,3093
379448997.420875,13485
379449011.802832,228
379449020.963302,3480
379449032.194369,13382
379449037.287852,1494
379449045.143249,2627
379449064.195695,163
379449069.803943,8392
379449082.85075,4883
379449088.847992,13276
379449099.146087,7627
379449116.212157,13272
379449124.12582,11022
379449139.306667,4212
379449144.289697,13322
379449156.079673,13513
379449167.602242,13265
379449182.562443,8025
379449199.675734,2080
379449210.095759,4656
379449221.931726,1328
379449229.652542,434
379449239.285303,13206
379449247.080719,2771
379449252.113226,13206
379449262.932758,6484
379449273.008022,175
379449278.174913,332
379449286.817706,13435
379449296.266133,8603
379449307.255387,13323
379449315.736894,1287
379449322.540721,574
379449332.863366,6060
379449345.49286,1470
379449355.146421,13363
379449368.477132,13312
379449375.65784,1060
379449385.318462,4256
379449389.860075,1465
379449399.92886,13397
379449404.977526,7707
379449414.096424,7659
379449421.638447,2348
379449430.834238,3021
379449447.476612,10885
379449459.701537,7136
379449461.202439,13477
379449468.240874,7794
379449479.042077,13472
379449488.784649,1419
379449497.329434,5073
379449507.787922,1421
379449521.164629,3350
379449526.786209,13621
379449539.816532,5357
379449554.11202,1864
379449560.264594,13552
379449571.744374,13271
379449579.015139,13585
379449590.294798,9425
379449604.375692,2950
379449620.636767,1442
379449630.117817,8264
379449640.220953,5925
379449652.875083,14008
379449665.95241,1722
379449677.148851,12370
379449691.023516,4895
379449708.159397,1495
379449717.913293,13807
379449732.581167,1488
379449744.740759,13488
379449754.984456,7790
379449766.76656,13875
379449777.833438,13914
379449792.404386,14001
379449805.710277,6254
379449815.010591,9191
379449830.562133,1887
379449844.73763,14037
379449859.099504,13999
379449867.356977,14028
379449874.792089,8714
379449887.513975,14059
379449893.025214,1115
379449907.598584,8419
379449927.301021,931
379449937.976481,14069
379449947.746693,1155
379449964.764651,1508
379449970.73125,556
379449982.919988,221
379449987.643013,10068
379449995.743902,1761
379450006.848475,7455
379450011.454841,8909
379450022.946243,13916
379450033.220208,13827
379450045.673401,4166
379450061.090046,1526
379450078.131733,1026
379450086.505946,1488
379450098.952428,13826
379450105.715967,14051
379450114.43999,4229
379450124.34674,910
379450137.31128,13656
379450141.43461,10408
379450151.074774,1959
379450156.344111,890
379450163.155409,334
379450167.394992,645
379450178.168569,10532
379450189.083836,2407
379450193.956722,148
379450202.109604,2206
379450214.59771,13541
379450219.667314,13585
379450226.827121,1133
379450232.506795,6434
379450241.453513,2976
379450246.322649,2540
379450253.533647,7630
379450263.327681,13547
379450273.518335,10315
379450278.671702,686
379450286.556352,165
379450294.472825,12886
379450304.255462,6573
379450314.35377,5282
379450321.35559,12766
379450329.10973,1466
379450338.087212,12968
379450347.591399,135
379450356.177197,3337
379450365.389108,903
379450374.664919,856
379450381.546205,6823
379450387.274649,11568
379450392.907874,13397
379450399.084987,367
379450408.262748,464
379450419.522824,2184
379450430.823968,2088
379450443.59046,613
379450451.322988,13303
379450458.738526,12444
379450467.867347,13269
379450474.121808,13251
379450483.205362,13355
379450490.367941,13316
379450500.83737,1587
379450507.077581,6725
379450510.392257,3487
379450519.07235,13235
379450530.326296,1086
379450535.337154,2155
379450539.057429,3645
379450549.588033,1515
379450554.324207,424
379450558.614494,7635
379450567.520012,961
379450577.760796,1501
379450587.731677,13212
379450594.345779,5309
379450600.484028,1228
379450606.843012,986
379450610.98598,7796
379450621.588415,6380
379450627.445914,4671
379450634.72063,2256
379450635.632835,2055
379450645.57227,9095
379450653.083274,13250
379450662.868573,8958
379450673.48176,809
379450683.675166,12146
379450691.594372,11325
379450708.128884,12267
379450718.509469,13456
379450731.009949,13535
379450742.641469,3056
379450755.444137,13521
379450769.532588,13404
379450778.45236,5594
379450787.27969,7389
379450794.4254,13535
379450804.68218,5124
379450811.02828,7502
379450821.588349,5786
379450828.945674,4363
379450832.922754,13541
379450838.471646,10200
379450845.798523,8562
379450856.16275,573
379450862.295479,3510
379450868.59001,9614
379450875.69821,519
379450881.089778,1721
379450885.361048,8461
379450889.953536,9087
379450899.838645,1237
379450905.388464,13664
379450915.136679,13806
379450918.562125,11831
379450924.756775,3998
379450926.511595,12290
379450936.070132,1638
379450937.233332,10525
379450942.0791,3810
379450948.478628,4896
379450956.553715,13712
379450963.411388,13723
379450968.916291,1285
379450974.703831,1053
379450979.928088,6051
379450981.568988,13782
379450986.561534,13727
379450993.100543,13845
379450996.959597,1131
379451007.788689,2544
379451013.995834,566
379451021.571212,11435
379451026.940229,289
379451030.848568,13732
379451036.058495,11144
379451044.739319,13927
379451048.568096,145
379451055.111306,822
379451061.247453,6871
379451062.66006,1997
379451066.75025,356
379451073.281139,7815
379451076.962294,6159
379451078.471098,13948
379451087.131558,10218
379451091.053895,2461
379451099.683722,3586
379451103.257346,13579
379451107.616968,175
379451113.386543,4942
379451120.2118,13141
379451128.467529,2288
379451135.713174,2746
379451140.04179,6235
379451145.372539,14171
379451148.558619,2441
379451154.165523,9326
379451159.369018,14139
379451161.418882,3967
379451167.246601,7247
379451168.276274,1057
379451174.778497,1995
379451180.452899,640
379451184.59819,14043
379451189.128431,2695
379451196.283463,12079
379451201.10731,701
379451207.406888,1598
379451217.332365,14002
379451218.860714,301
379451220.175664,5582
379451225.248909,1335
379451232.856515,2291
379451240.511419,8175
379451243.810031,13987
379451250.427894,5913
379451254.936236,572
379451261.329603,5015
379451267.850394,13296
379451280.307204,8088
379451286.631411,1187
379451288.7316,2601
379451297.22021,13712
379451304.314209,1888
379451308.435618,14221
379451318.587108,2075
379451323.524465,12484
379451328.740433,1431
379451332.719683,13913
379451339.623267,13850
379451345.079948,2368
379451353.878477,2744
379451357.866964,13890
379451360.786381,2538
379451369.393146,5929
379451375.750706,13852
379451381.335379,557
379451386.560142,1469
379451391.906641,9663
379451394.660935,3998
379451403.588698,13733
379451407.251338,1089
379451412.612104,13761
379451422.798153,2161
379451426.121545,1991
379451431.233261,13768
379451439.476604,3420
379451446.810823,10260
379451449.118184,13975
379451458.118802,13682
379451460.891339,13729
379451469.101557,2907
379451475.095149,529
379451483.18407,4386
379451490.235529,13659
379451490.808729,165
379451499.110427,13714
379451510.032389,10535
379451521.762622,9465
379451534.342016,6473
379451540.00671,281
379451552.305674,4687
379451553.176003,2381
379451564.288399,6065
379451571.662697,4026
379451582.231966,3104
379451591.356551,12739
379451602.355608,13483
379451612.289087,10310
379451619.136156,1293
379451630.229414,10033
379451635.151734,13538
379451639.868851,6370
379451644.38252,9497
379451658.406697,4499
379451666.910207,8482
379451675.58471,3611
379451688.834686,6541
379451697.872729,5283
379451708.367054,898
379451709.398098,686
379451715.576447,5724
379451719.922612,1361
379451723.472201,13568
379451733.781408,4179
379451739.537104,895
379451746.811614,5376
379451756.909623,13302
379451764.507013,2359
379451776.070389,13317
379451780.755045,3342
379451787.40582,13304
379451795.495846,3094
379451803.278946,305
379451812.100708,9031
379451820.597086,7120
379451827.668467,8139
379451837.686251,8204
379451839.36416,373
379451848.839191,4842
379451855.175443,13202
379451857.812347,3170
379451867.425835,1729
379451876.071732,13528
379451880.026697,993
379451887.860869,496
379451896.199648,1436
379451903.822736,3389
379451909.463213,11323
379451918.097048,296
379451926.045742,880
379451931.823141,7554
379451936.298229,13242
379451938.839699,7002
379451943.651244,1509
379451948.320285,11258
379451956.427252,7082
379451965.266243,4686
379451973.999923,945
379451987.528195,352
379451992.326135,3574
379452001.346579,13327
379452008.35915,13689
379452022.549253,6015
379452024.734173,9545
379452035.289785,14043
379452043.406159,13558
379452053.735429,5249
379452063.100798,11450
379452066.819185,2677
379452070.611742,3914
379452084.910892,3432
379452094.74892,13440
379452105.73299,3682
379452118.875684,5221
379452128.319282,13652
379452135.348497,6463
379452141.457824,5687
379452146.110689,13431
379452158.035852,8788
379452168.243481,13614
379452184.387545,1364
379452190.548813,13753
379452201.198231,13555
379452218.934123,13627
379452232.192935,13568
379452241.56279,554
379452248.587401,168
379452265.876977,5421
379452278.663487,13760
379452287.966268,1655
379452295.439338,1405
379452294.222386,1274
379452301.336516,11258
379452310.778769,213
379452324.388896,13825
379452333.859684,13750
379452341.610249,13799
379452361.07189,5081
379452373.303312,10097
379452382.236963,4790
379452402.337941,14151
379452414.299749,6660
379452429.814678,163
379452448.968143,13867
379452459.76343,10545
379452471.354146,13946
379452484.915775,10425
379452501.662659,14001
379452513.772184,5887
379452526.008835,656
379452544.452038,9923
379452563.62434,1697
379452568.1149,6956
379452584.418636,2342
379452593.982238,13227
379452600.714177,1263
379452613.99226,13981
379452625.392711,8608
379452633.82688,13966
379452645.938207,1478
379452662.715515,944
379452675.470342,13903
379452696.205389,1470
379452699.464868,883
379452713.568396,316
379452733.121651,13750
379452745.789774,13796
379452749.434049,1951
379452761.765198,11702
379452776.694629,13735
379452786.705791,13736
379452803.603462,4857
379452815.181581,12220
379452823.434051,13721
379452836.647364,1931
379452847.018103,13654
379452851.818813,11486
379452867.998694,205
379452880.236281,384
379452894.638252,2195
379452904.765319,696
379452909.38679,9819
379452919.800152,1486
379452927.176149,8558
379452943.213597,13571
379452955.221266,6304
379452969.678868,13506
379452979.52273,13462
379452992.756103,13434
379453007.923078,13476
379453021.520696,13383
379453034.233875,1481
379453048.941172,13401
379453054.063238,4142
379453069.395658,6474
379453078.427995,13315
379453087.87738,13290
379453104.850658,8344
379453116.982375,13294
379453135.704408,13225
379453147.529662,416
379453160.438384,11816
379453167.527531,11559
379453188.436219,13173
379453198.319995,1498
379453216.016825,7487
379453234.404716,13249
379453250.786388,1398
379453262.64674,13217
379453275.442431,13335
379453291.197697,13807
379453307.92343,13325
379453325.617876,5501
379453338.213716,157
379453342.718047,898
379453353.430982,12628
379453360.800967,13359
379453374.570837,1514
379453384.326242,3223
379453401.523108,1402
379453421.857904,1849
379453433.13416,10973
379453451.972704,4602
379453463.144286,5263
379453472.885874,1513
379453492.22369,13481
379453502.003925,2981
379453516.104664,5280
379453525.812592,1391
379453529.762142,13712
379453544.311456,1438
379453550.141498,379
379453553.329692,1493
379453554.879136,1036
379453567.798669,1388
379453576.870959,2762
379453586.733899,6825
379453597.58797,5397
379453609.125506,3235
379453622.948263,4060
379453637.260059,1530
379453643.896154,913
379453674.810988,1204
379453690.649976,7903
379453707.570182,459
379453710.894782,8007
379453716.300742,6568
379453738.151319,1492
379453746.980648,1504
379453752.547109,13870
379453765.956329,1066
379453780.722694,3459
379453789.09791,13907
379453800.526016,1507
379453805.953397,8725
379453810.033197,3643
379453823.184538,12160
379453836.637407,14091
379453847.549789,3156
379453852.822978,5237
379453867.744171,4432
379453878.595529,9941
379453885.681161,13973
379453905.361502,1168
379453921.161694,131
379453937.868116,13814
379453950.720263,7462
379453961.932402,3724
379453971.595789,653
379453979.151464,13910
379453994.332401,11291
379454006.108838,676
379454019.492038,13884
379454034.021242,4375
379454048.624917,13845
379454054.372401,1460
379454071.016458,13733
379454089.716318,256
379454103.099648,10153
379454117.644748,13911
379454133.243256,13548
379454144.726745,14253
379454151.362892,895
379454159.222645,7548
379454166.276031,13616
379454174.699595,6439
379454189.017245,7960
379454202.226341,3491
379454219.169248,3288
379454232.224512,7217
379454241.822401,725
379454255.450081,598
379454261.289714,1017
379454273.3768,13509
379454287.053199,5391
379454296.219091,416
379454306.453313,13080
379454327.490577,1463
379454339.007157,13445
379454353.43865,13452
379454369.854469,1508
379454384.286188,13319
379454399.509356,13352
379454403.620522,10913
379454412.222182,1016
379454427.889852,13271
379454437.188207,13834
379454447.370936,13639
379454461.623715,13249
379454475.264453,770
379454484.973354,11208
379454494.93713,1528
379454500.968551,2706
379454508.585866,13160
379454524.090816,14065
379454529.520944,1779
379454539.170791,1491
379454553.76686,13149
379454566.980447,2049
379454582.449344,1433
379454598.371479,3973
379454614.960201,4627
379454623.610241,1487
379454634.084166,1436
379454652.227205,5445
379454668.036025,1562
379454675.886863,593
379454686.92899,13334
379454703.573292,1415
379454716.351723,1965
379454730.987068,1273
379454745.251299,9090
379454756.953555,1564
379454762.368512,13474
379454774.841188,4615
379454795.975034,1544
379454807.483476,13477
379454821.684084,2753
379454836.116046,6133
379454849.32574,10933
379454858.524881,13638
379454871.262798,5075
379454889.204695,1767
379454909.37719,453
379454913.749608,2621
379454920.20924,313
379454939.629715,13745
379454958.091363,12573
379454971.143118,2254
379454989.294336,2587
379455000.903552,145
379455010.447898,13888
379455014.497824,1900
379455024.174772,13832
379455036.504078,1427
379455045.355852,13804
379455055.350425,220
379455066.585852,13884
379455076.837264,1317
379455096.314241,5604
379455101.450285,2552
379455117.246554,2176
379455126.197104,1652
379455139.500268,13984
379455149.554139,13986
379455156.522593,13943
379455172.111303,179
379455185.50107,797
379455202.849424,6657
379455215.895061,1467
379455222.452166,4851
379455228.642026,12647
379455243.566171,523
379455251.694747,1404
379455260.190608,3089
379455266.805622,9494
379455272.314417,13977
379455280.194197,13878
379455293.701579,13923
379455309.228088,13857
379455315.270635,455
379455338.246184,1508
379455346.215077,647
379455352.806224,13861
379455371.880106,13741
379455377.832242,13778
379455387.185377,8057
379455400.494503,4234
379455417.365158,1486
379455428.569999,13770
379455440.705768,6361
379455449.541088,13755
379455460.470482,1313
379455476.676152,1183
379455484.255618,13643
379455510.829686,3815
379455522.445027,13579
379455532.532497,13641
379455545.317779,780
379455565.6686,13541
379455579.23583,1524
379455592.136153,407
379455601.123162,13484
379455611.003007,1548
379455623.930999,13445
379455642.049097,7735
379455657.43288,12132
379455668.213139,13446
379455680.085406,13380
379455695.861138,1469
379455703.066395,12483
379455710.480196,13857
379455715.801872,1975
379455719.723886,240
379455733.845133,7296
379455746.870872,13290
379455752.176962,13346
379455761.319051,13298
379455778.261925,11650
379455785.211021,4378
379455797.921981,215
379455812.668234,6571
379455820.320185,1294
379455831.94264,10946
379455842.767793,13238
379455859.209549,409
379455873.108405,1487
379455889.117393,13133
379455895.649344,693
379455902.76533,5510
379455917.89333,13262
379455927.68569,375
379455937.358779,13365
379455947.313892,189
379455962.749746,8371
379455970.630016,1018
379455982.882188,7110
379455997.846354,13370
379456007.955992,10216
379456020.172308,13441
379456031.314137,13439
379456041.917635,13497
379456050.719328,5109
379456063.331043,564
379456068.17178,13589
379456077.837803,13461
379456088.028153,9903
379456100.448812,7520
379456119.460114,12429
379456128.135679,9026
379456138.888967,1491
379456141.318105,1511
379456156.630575,13574
379456172.599855,7524
379456181.802036,9796
379456198.085963,13669
379456206.524602,13307
379456223.478639,10953
379456235.171113,13675
379456250.544627,14138
379456266.256459,3472
379456272.301327,7596
379456283.832172,2651
379456292.599597,10787
379456309.532883,9652
379456328.714782,4928
379456339.823324,281
379456352.676837,13867
379456366.879388,3952
379456374.053104,6441
379456382.748885,14004
379456399.72099,6048
379456414.761954,13977
379456427.226516,13912
379456437.107407,13887
379456450.096045,13945
379456456.714876,14059
379456469.272291,13950
379456480.426339,13313
379456492.61746,1449
379456507.590412,10799
379456520.374647,1472
379456526.892977,11660
379456541.247348,14031
379456562.934214,10763
379456573.280383,10152
379456581.951036,768
379456595.254675,8050
379456601.060506,1476
379456612.782744,8052
379456625.572765,5814
379456634.180682,334
379456643.883157,1444
379456655.415143,5457
379456662.602952,315
379456673.167229,2527
379456682.539175,1424
379456693.590639,256
379456701.707167,14014
379456709.244085,1584
379456716.577032,193
379456732.263275,5706
379456749.112466,1535
379456756.491358,1445
379456769.893376,7156
379456785.449783,6507
379456802.550881,1462
379456810.442818,10690
379456816.579948,13787
379456824.878116,6780
379456832.733443,1485
379456839.917746,502
379456852.108979,1488
379456864.356731,5893
379456874.975088,10158
379456884.947551,13654
379456891.271788,2459
379456902.900823,12543
379456912.339052,13578
379456924.154675,133
379456929.056771,8099
379456942.197098,13509
379456954.696556,4956
379456958.63233,12771
379456968.017698,9909
379456976.934313,124
379456985.389935,13483
379456999.714113,13463
379457006.070523,13401
379457018.001848,13357
379457029.895394,8404
379457034.417804,201
379457047.125485,13472
379457055.520111,13336
379457059.136328,13368
379457065.675284,321
379457080.11718,655
379457085.736698,1537
379457100.376144,3035
379457107.122635,8848
379457120.545546,13559
379457134.397642,1572
379457143.174688,13183
379457160.289286,13475
379457173.523081,2635
379457189.963291,13058
379457197.988269,4925
379457210.826229,2168
379457219.891225,13366
379457229.85218,168
379457237.928072,13310
379457251.584386,13694
379457262.176304,13317
379457271.762581,13339
379457283.211854,13255
379457290.003054,13348
379457307.106817,13329
379457328.82269,13326
379457334.631025,13348
379457350.88423,6948
379457369.370736,9558
379457379.782045,4682
379457387.580605,6008
379457401.751626,1500
379457413.021302,1491
379457421.809817,449
379457436.099846,13529
379457447.335132,13478
379457468.904032,13670
379457474.615741,659
379457484.783182,328
379457495.135702,1621
379457507.550991,7519
379457524.246004,1471
379457535.380917,134
379457543.840055,6066
379457565.206452,12177
379457572.104289,1348
379457584.793928,13704
379457593.369249,1445
379457600.456137,13762
379457610.323831,7827
379457624.908765,1092
379457648.94829,4795
379457670.126489,3314
379457686.591799,10989
379457697.217705,2576
379457711.379606,1436
379457722.104527,4055
379457728.945157,2018
379457740.823985,6043
379457750.873085,13946
379457762.064987,1380
379457777.142276,290
379457785.906222,4884
379457798.157109,13972
379457810.697728,2491
379457821.320519,13987
379457832.783993,5975
379457853.242861,7037
379457858.600261,1509
379457864.773835,203
379457883.644756,13938
379457889.78874,4108
379457909.150992,13423
379457923.051676,13940
379457939.135289,13855
379457953.149051,526
379457959.743138,13877
379457971.06603,7520
379457976.39021,13900
379457985.7657,1933
379458001.813051,14210
379458004.222274,744
379458010.811907,5045
379458019.910772,4344
379458028.126056,1454
379458046.202592,13768
379458050.825472,4223
379458065.560036,7743
379458076.40183,13695
379458089.002886,14214
379458112.11441,11317
379458135.29039,1450
379458149.422912,2539
379458162.732659,14034
379458178.226691,13715
379458184.817601,13654
379458202.458876,5389
379458213.008569,5455
379458232.615704,13528
379458246.117484,1402
379458261.011929,1497
379458280.792704,13494
379458288.749665,13501
379458299.968951,306
379458311.15852,13475
379458321.016845,1543
379458337.74365,2554
379458345.09655,8823
379458356.565632,13707
379458368.494233,1125
379458380.281703,13310
379458389.407322,1606
379458398.609913,4632
379458406.223603,13441
379458413.449,7437
379458419.724355,13251
379458441.047397,13243
379458458.168916,10855
379458475.153836,13230
379458490.242728,13219
379458499.505716,3184
379458509.933057,13185
379458523.01117,3138
379458529.091904,6898
379458545.189755,5016
379458555.502465,155
379458564.574228,1661
379458576.959459,13265
379458592.851238,1112
379458615.238633,13312
379458629.473408,13336
379458633.439998,1446
379458647.390091,13337
379458651.256882,519
379458664.696466,3194
379458671.779691,13483
379458684.44964,279
379458692.943009,13364
379458704.04411,13448
379458717.213897,13439
379458722.541335,13483
379458734.385493,13458
379458744.945308,13375
379458764.054225,2437
379458777.331163,6158
379458782.069453,12597
379458791.383354,294
379458804.748144,683
379458814.451532,1199
379458826.152773,1500
379458838.607676,2082
379458846.857524,7610
379458866.547452,10426
379458878.834421,13628
379458888.702488,1321
379458899.767195,13556
379458909.567586,508
379458924.80539,3514
379458946.140509,5877
379458964.153381,563
379458982.562739,623
379458994.192944,5279
379459006.606286,13060
379459019.871355,13860
379459026.599443,13812
379459036.484086,184
379459060.019266,8875
379459071.14947,2220
379459085.534291,2984
379459102.529865,13998
379459112.774524,6274
379459131.475099,14037
379459143.609475,6494
379459156.903443,1176
379459168.577727,14001
379459184.765423,14009
379459198.799511,1526
379459210.132045,13991
379459238.666488,13881
379459251.67732,12355
379459263.175346,1655
379459279.840962,749
379459287.91777,13701
379459300.568284,3161
379459304.092583,13892
379459319.703409,13899
379459344.862759,13254
379459356.302339,3291
379459375.383307,1528
379459391.384304,13731
379459408.559193,344
379459418.046806,13681
379459423.580108,8745
379459446.212779,11999
379459457.473061,1499
379459474.274881,5685
379459485.705312,2093
379459498.821994,1565
379459508.101402,13641
379459513.227338,13624
379459526.532157,2143
379459532.173676,1087
379459544.360112,498
379459566.093544,5652
379459574.174992,974
379459589.716804,1850
379459598.257424,13498
379459602.939117,13439
379459620.343477,8059
379459631.734857,8645
379459639.326,717
379459658.019464,13332
379459671.655303,1436
379459681.716706,6302
379459689.755277,6499
379459696.818457,13440
379459709.193231,13317
379459724.198141,6690
379459739.557827,2196
379459754.701037,3660
379459766.330431,3107
379459792.302008,13186
379459808.364492,6937
379459818.782006,5953
379459838.026884,3575
379459851.888254,13124
379459862.369493,283
379459874.455609,13244
379459888.262314,12503
379459901.775582,13209
379459911.7088,13512
379459917.20367,1456
379459932.294409,13306
379459950.330887,305
379459954.56283,4101
379459974.076777,13313
379459986.461926,8855
379459995.767703,10823
379460007.221405,1457
379460012.426636,3472
379460024.778683,13539
379460040.178869,1431
379460049.0841,1447
379460059.103916,1720
379460073.531359,5471
379460081.148465,5465
379460099.333111,2760
379460110.3073,13443
379460117.579852,13510
379460132.562522,13416
379460148.52562,2914
379460165.860147,13584
379460176.469665,13630
379460195.080335,9623
379460208.149595,282
379460211.871387,13678
379460219.379833,649
379460233.571131,2510
379460253.599188,2033
379460258.036146,13966
379460265.525165,12554
379460278.190102,13431
379460291.084896,438
379460305.720093,13910
379460327.584771,13809
379460340.321304,567
379460355.172163,4437
379460374.181008,13861
379460394.98991,13963
379460398.703413,8793
379460413.472955,2048
379460419.319087,1127
379460439.695713,1780
379460461.711459,14057
379460474.411456,567
379460498.932854,14081
379460508.765046,14079
379460527.927813,2542
379460534.10667,1333
379460553.60059,5001
379460565.327843,14055
379460583.561416,8030
379460593.144083,1990
379460596.71213,1506
379460614.594495,197
379460625.537145,9576
379460640.624056,13908
379460648.606253,5105
379460661.777785,10614
379460679.963012,5900
379460698.802531,9315
379460704.996801,1640
379460718.471224,3281
379460735.096822,13773
379460746.793592,333
379460763.978699,13640
379460770.17585,13665
379460785.87295,13999
379460803.33565,13160
379460814.000702,6485
379460832.936038,13732
379460841.302161,13609
379460849.692301,201
379460851.819229,13775
379460862.169078,2145
379460867.908722,7604
379460878.055802,13516
379460896.195763,13499
379460904.803345,7106
379460917.568724,965
379460931.827044,12992
379460943.080465,458
379460954.806252,13415
379460963.328524,13465
379460987.586995,1492
379460997.168163,650
379461013.36962,12310
379461026.076394,13366
379461035.631856,13844
379461053.366255,4563
379461072.440971,5908
379461082.105361,845
379461094.164081,13287
379461105.133885,14132
379461119.323602,13167
379461136.455381,13019
379461145.947466,1502
379461161.29824,13185
379461177.813144,1263
379461193.605593,6617
379461209.830138,575
379461222.466074,2700
379461228.304305,6960
379461233.437365,13283
379461249.925217,13297
379461261.214416,1158
379461269.878449,9963
379461286.283924,181
379461303.647808,13298
379461316.191628,13514
379461333.1897,13460
379461349.232836,8756
379461357.806727,13378
379461369.843073,2249
379461380.490809,13468
379461389.76378,5197
379461405.058296,191
379461420.098319,1512
379461435.576831,13476
379461447.465329,1427
379461462.63315,12492
379461473.388861,5271
379461490.839957,13640
379461499.448229,981
379461516.564023,431
379461529.180907,13599
379461541.663414,1466
379461550.883962,2364
379461559.533807,6507
379461564.330114,1473
379461578.53473,13652
379461591.063607,13856
379461602.018412,13947
379461615.780634,13930
379461630.124547,11691
379461641.626429,5156
379461657.709504,13775
379461666.610779,1771
379461682.93491,6340
379461693.944511,140
379461712.181147,13973
379461725.106756,13882
379461733.673003,428
379461744.910413,12698
379461756.906267,13897
379461768.163378,375
379461785.509584,14025
379461797.364061,14057
379461810.470402,6395
379461826.81874,5019
379461835.407269,14036
379461847.223501,13989
379461865.688048,12104
379461873.744601,12939
379461892.696814,8778
379461908.088188,1438
379461918.236074,556
379461943.682041,1518
379461947.744546,1870
379461966.534644,1469
379461975.8009,1016
379461988.695638,3153
379462001.912647,1894
379462014.59135,4915
379462028.839163,6451
379462041.826465,13745
379462063.752942,13783
379462073.068143,14243
379462089.215118,1319
379462101.582319,10765
379462110.801358,7314
379462120.778095,1445
379462142.100591,13981
379462153.224835,13613
379462161.459116,217
379462172.591003,13617
379462184.689267,435
379462202.654363,1350
379462229.018591,200
379462239.040516,13484
379462255.08778,311
379462265.213251,12441
379462284.47122,3425
379462291.369291,12218
379462304.289283,13818
379462322.489732,1193
379462335.285496,1481
379462349.389972,306
379462360.523356,4909
379462380.963551,13259
379462387.018761,1482
379462395.76923,1471
379462403.851834,13251
379462413.992527,3851
379462421.115097,815
379462440.64356,955
379462452.534244,1884
379462467.252958,2061
379462470.420525,6121
379462482.183828,13353
379462499.368033,4944
379462510.334954,581
379462520.557761,1466
379462532.079923,13794
379462543.987219,7345
379462556.553361,493
379462569.342493,13281
379462585.969599,223
379462595.662857,5496
379462604.586788,1524
379462615.822911,5792
379462625.724621,13344
379462638.053821,3156
379462652.048117,13428
379462660.23849,825
379462672.698313,5913
379462687.177998,3843
379462694.35622,13203
379462702.645611,3364
379462714.008269,13419
379462720.787277,3628
379462740.881711,13417
379462750.080557,1504
379462759.949137,3095
379462767.633474,1466
379462781.868747,2582
379462800.58421,1478
379462813.663248,316
379462825.184142,13565
379462833.867824,7948
379462854.827948,13852
379462870.153759,13666
379462886.061632,13666
379462894.249533,13713
379462908.622075,2583
379462923.41924,13704
379462927.421737,13755
379462940.895442,801
379462948.171745,13724
379462952.672772,6085
379462960.850346,13752
379462975.036588,13765
379462989.329933,13738
379463002.04275,6332
379463020.216994,11895
379463029.940031,1729
379463054.995738,13884
379463061.427281,1779
379463073.182879,8457
379463084.318019,13941
379463102.288805,14004
379463113.75122,14018
379463127.875824,13229
379463135.139878,7611
379463160.619995,9454
379463167.682709,13996
379463181.230587,13983
379463193.852468,13984
379463205.489365,13969
379463219.049973,1425
379463228.182741,13954
379463246.92096,5313
379463253.104925,7859
379463266.794487,394
379463291.55219,13896
379463303.74372,13836
379463315.481784,13780
379463326.141006,400
379463334.002413,4906
379463358.807576,11992
379463365.988387,13745
379463379.432415,4329
379463392.502594,13668
379463398.437277,8106
379463410.756197,13704
379463439.063613,13651
379463457.859745,1300
379463472.22339,4669
379463487.72324,14192
379463500.948176,9026
379463512.126065,1027
379463525.487585,1487
379463542.866709,1911
379463554.992515,1455
379463567.976462,6792
379463579.70103,13463
379463592.2801,5272
379463609.141946,5504
379463617.236566,9512
379463631.505616,1531
379463647.250443,3825
379463652.027831,8303
379463664.429356,13391
379463671.701069,3167
379463680.001102,13271
379463691.678857,13283
379463705.526435,13337
379463727.710608,2952
379463751.275829,13264
379463763.230328,10542
379463773.718041,7106
379463783.883564,13150
379463799.198766,13196
379463817.255377,13174
379463833.899155,5938
379463846.264843,13248
379463863.716046,256
379463875.870549,13272
379463886.135699,587
379463900.294003,206
379463911.355811,2920
379463922.941705,13307
379463936.986231,13420
379463958.585132,362
379463963.973454,14071
379463987.544691,12102
379463996.046101,700
379464007.894271,6020
379464015.40975,1611
379464036.554763,6433
379464047.924093,5323
379464055.022439,185
379464073.128789,224
379464085.160861,1938
379464101.277541,13501
379464114.314104,1236
379464129.143842,1008
379464143.450759,13683
379464153.495434,13605
379464167.147911,1501
379464182.11688,1108
379464197.537441,6392
379464203.926854,13697
379464218.523255,5429
379464239.646369,1520
379464256.960253,2219
379464275.668517,13735
379464289.579513,136
379464296.912637,7503
379464303.403136,13899
379464313.993869,11166
379464326.078467,781
379464338.888236,360
379464356.334635,1494
379464376.423524,1079
379464391.69662,13957
379464406.43484,8435
379464417.821694,819
379464437.644575,1547
379464450.255288,1028
379464465.757365,11206
379464472.402931,14027
379464484.941712,1589
379464497.933563,432
379464514.928481,13940
379464520.745303,3799
379464530.596784,4698
379464548.374798,242
379464558.737398,1369
379464570.85761,13930
379464582.686577,1659
379464598.156445,223
379464612.310628,10123
379464624.769177,1521
379464641.867566,1606
379464658.532726,5991
379464671.276703,11573
379464690.732294,13787
379464707.660448,1465
379464724.062803,356
379464746.33069,246
379464760.380193,13622
379464765.762084,1413
379464776.172981,1419
379464796.237802,13581
379464814.993516,13579
379464830.850037,3270
379464839.873173,13537
379464849.74752,2946
379464862.727949,13531
379464875.155632,13585
379464886.071025,13588
379464903.261752,1409
379464912.396109,3395
379464928.689443,10215
379464945.168344,13354
379464956.592804,129
379464967.990695,5095
379464989.11604,1463
379464994.101034,429
379465012.383119,211
379465026.07149,3735
379465040.432376,13310
379465050.959179,553
379465057.832243,13922
379465068.499698,1441
379465083.345608,13283
379465096.489904,1278
379465105.690342,13191
379465119.83378,1824
379465128.018471,2017
379465141.11085,13331
379465165.126691,4580
379465177.316469,13213
379465191.824648,188
379465214.27848,1012
379465224.578203,4656
379465233.478106,6396
379465244.360118,13217
379465260.771555,7659
379465268.498878,13358
379465286.631444,13307
379465297.946361,11440
379465307.815837,13845
379465322.378302,111
379465342.845927,13468
379465361.803036,6977
379465380.501881,1740
379465401.20129,13507
379465414.916952,7089
379465428.029528,10707
379465444.210572,5388
379465464.681231,4851
379465472.488065,7018
379465483.679431,13598
379465498.242911,10040
379465507.289068,13639
379465517.649825,4438
379465532.290613,13717
379465550.474513,925
379465568.283302,4071
379465579.821376,13741
379465583.363579,7388
379465597.368832,5706
379465606.587871,4448
379465617.138367,1496
379465632.906336,1154
379465645.768468,7812
379465651.827357,165
379465667.316267,13966
379465676.851034,2692
379465688.923314,6093
379465705.032298,13890
379465723.761559,13964
379465734.863414,11295
379465756.49423,2363
379465772.806673,2678
379465787.302991,1430
379465794.50409,14062
379465808.376458,6620
379465819.851915,14025
379465834.673544,7102
379465849.312226,14165
379465865.624812,14015
379465877.632949,14170
379465894.355359,13711
379465905.327712,162
379465921.381392,1233
379465927.109364,957
379465931.600709,1432
379465949.295307,971
379465962.590809,1363
379465986.045719,13815
379466004.828389,5910
379466029.121985,13738
379466037.524995,13736
379466059.859939,13043
379466064.776054,5322
379466072.162902,5565
379466089.667353,5171
379466103.000541,13617
379466115.576308,13628
379466129.678778,11258
379466138.709226,1513
379466148.841951,13674
379466155.523016,3669
379466174.921345,13586
379466198.797608,13517
379466212.386192,201
379466230.613448,135
379466241.025821,13511
379466253.467162,4878
379466266.088358,1080
379466272.481372,3002
379466286.605433,6436
379466306.515741,13365
379466319.29492,13321
379466334.760448,515
379466343.406622,13291
379466355.810367,13349
379466367.348637,8553
379466376.138138,13766
379466398.465205,1538
379466416.784641,686
379466436.205507,10292
379466452.453291,13175
379466468.750967,1456
379466483.687597,4529
379466491.208317,176
379466500.472504,1024
379466510.359552,2851
379466517.12479,7524
379466538.548167,13276
379466554.167899,365
379466561.865349,11795
379466575.907396,1466
379466590.185662,13338
379466602.805517,13341
379466616.809785,10644
379466631.81346,10175
379466650.721444,1468
379466654.470055,10937
379466667.845057,1321
379466687.090396,14174
379466700.176224,439
379466719.154041,13537
379466735.537727,11646
379466748.844749,442
379466755.721089,13560
379466773.70149,2555
379466788.111351,5355
379466798.532415,1650
379466820.909964,167
379466831.09498,13724
379466837.504072,801
379466847.686593,1907
379466860.963438,1377
379466869.496636,13625
379466878.740931,13646
379466885.435416,13284
379466902.108114,3756
379466928.043393,4241
379466943.668542,3107
379466951.364503,6539
379466960.019579,1535
379466981.043725,13776
379466992.483644,13842
379467008.882563,10414
379467018.088646,1471
379467037.286945,3281
379467045.298476,10065
379467058.043402,7927
379467067.465128,7009
379467077.765375,1726
379467093.910314,13994
379467113.01922,1545
379467127.993362,14045
379467147.068151,2647
379467156.595432,6750
379467175.273094,13956
379467191.376574,4971
379467200.714419,13991
379467209.709495,13957
379467220.711078,168
379467230.095894,1435
379467250.128878,5848
379467269.087294,13032
379467281.649065,13892
379467293.945937,13795
379467305.294307,2898
379467315.073894,11594
379467338.193566,13750
379467355.343856,6324
379467362.542838,13776
379467373.562662,13759
379467385.734725,1396
379467391.295837,13733
379467411.68393,13433
379467423.953553,13652
379467443.786318,2259
379467455.115139,13633
379467472.424512,8570
379467488.546012,1473
379467501.545281,1480
379467519.383048,371
379467531.018669,12046
379467548.398369,570
379467564.620566,13561
379467575.619217,8195
379467591.566595,13390
379467606.499092,3333
379467619.527976,1570
379467629.769709,1233
379467638.517258,12909
379467648.564119,310
379467659.492092,13377
379467663.338665,2360
379467668.239844,3762
379467678.41403,13297
379467695.135901,13281
379467701.986556,13401
379467718.874907,13512
379467734.181239,13187
379467746.486255,11894
379467757.389731,13235
379467769.72836,1681
379467777.328315,4335
379467799.288766,13184
379467815.570918,1451
379467825.980161,9724
379467842.622206,13220
379467854.039077,11311
379467872.040397,13297
379467886.600687,1420
379467893.395748,13331
379467910.381132,13307
379467923.487584,4639
379467936.776142,13287
379467957.574101,1410
379467970.371127,1433
379467979.352081,1488
379468000.227072,8750
379468023.067073,8245
379468031.431904,13531
379468053.363887,580
379468063.815345,13506
379468079.560997,447
379468092.848119,13598
379468108.922148,13636
379468127.447224,9653
379468140.620146,393
379468154.25272,2297
379468163.886627,13671
379468185.257529,1512
379468196.457046,10875
379468204.482954,216
379468228.546803,1437
379468232.269425,412
379468247.756087,13769
379468265.034508,4272
379468287.048762,3239
379468297.908678,7841
379468312.144521,3672
379468322.018046,13110
379468332.517691,9967
379468338.035141,13926
379468346.284418,9421
379468363.069074,13865
379468374.023544,754
379468384.032399,13890
379468396.003981,123
379468403.912547,14026
379468431.872824,235
379468442.924192,14080
379468464.962053,2106
379468474.188248,8644
379468488.144012,13641
379468500.739175,7872
379468517.159277,1251
379468532.772885,6910
379468550.230792,8881
379468560.704562,13947
379468579.926772,4454
379468593.708135,2018
379468613.142336,1471
379468639.376316,8579
379468659.570312,1446
379468667.833867,443
379468673.718162,9610
379468685.798886,1542
379468710.445562,5960
379468729.901516,14249
379468740.672336,7787
379468753.196921,5589
379468763.404866,523
379468776.683218,3129
379468793.632536,1456
379468809.074669,13472
379468820.920458,10733
379468827.571722,617
379468839.44049,11629
379468845.913813,156
379468861.397584,13543
379468876.632755,384
379468891.767784,10259
379468908.276507,3389
379468917.725756,13442
379468930.325888,5254
379468945.730001,1147
379468954.031815,14211
379468965.147913,7629
379468981.584057,13414
379468990.679436,9522
379469001.018174,1535
379469014.106964,11980
379469021.247141,304
379469034.657732,308
379469049.119173,13418
379469059.870584,4161
379469074.056428,13229
379469085.901974,13176
379469105.123195,13148
379469114.757274,1423
379469125.242634,13219
379469134.346766,13921
379469143.481601,1028
379469153.751015,7291
379469170.015802,4059
379469181.081728,13356
379469194.422398,13249
379469208.03821,1464
379469221.463007,683
379469228.968204,8366
379469256.995142,943
379469269.483112,13433
379469282.544095,5716
379469305.163498,14202
379469314.777035,13427
379469325.202096,11474
379469332.257692,11496
379469339.41887,13495
379469348.022591,13445
379469363.55133,8912
379469376.439538,142
379469389.85218,1443
379469404.743212,4874
379469423.136236,1458
379469428.514717,13519
379469447.012942,13666
379469457.71189,10819
379469474.719401,475
379469484.602655,13784
379469496.48338,8545
379469523.192186,1284
379469540.126166,13738
379469564.702958,8376
379469577.829621,13762
379469595.165096,10066
379469615.153804,5755
379469620.868333,13891
379469637.517451,13989
379469651.134769,13809
379469669.139063,14001
379469682.859887,2865
379469691.203038,13965
379469712.049431,13950
379469725.391059,5697
379469738.612369,14040
379469752.277578,14007
379469770.450578,1303
379469785.330411,1130
379469803.656148,2691
379469819.607753,5145
379469830.407123,2922
379469842.632269,12742
379469863.026716,4612
379469879.608442,13906
379469888.498932,3027
379469904.041064,13959
379469919.941299,10262
379469943.890829,13828
379469958.5338,1468
379469978.731555,13764
379469993.859584,2258
379470009.293482,8798
379470017.768298,13691
379470035.33112,845
379470055.868122,13710
379470066.392995,938
379470079.222011,10352
379470096.080051,440
379470103.700478,13679
379470113.9319,13615
379470118.024441,1436
379470134.891558,13634
379470146.105418,14228
379470163.811165,13527
379470177.741289,12973
379470197.311457,13720
379470208.004598,3819
379470226.015763,879
379470226.555576,6860
379470237.707206,1660
379470249.035994,4349
379470256.510297,3243
379470266.275254,13381
379470275.949767,675
379470286.787816,13324
379470304.549182,13501
379470323.491655,419
379470336.413926,4078
379470344.039914,3995
379470361.433746,788
379470364.629272,13275
379470375.490462,13272
379470388.329106,614
379470402.406917,273
379470416.83477,8333
379470436.796619,13235
379470458.701374,9507
379470473.484604,1506
379470493.837603,350
379470501.803426,13239
379470510.660004,13236
379470530.978914,628
379470542.53588,13309
379470553.051948,5714
379470563.408075,1399
379470584.774581,9137
379470596.631885,256
379470610.557155,13532
379470620.476724,13367
379470633.006018,10118
379470654.745749,11963
379470667.822054,13411
379470691.224987,5898
379470694.805234,13528
379470710.947418,3900
379470715.944447,13507
379470737.990628,13358
379470746.925202,695
379470759.211517,3119
379470774.335183,1489
379470783.458033,7559
379470800.47812,541
379470818.978619,13693
379470846.838462,6550
379470861.761033,14009
379470880.062707,13716
379470895.264451,13737
379470908.640026,1086
379470920.831931,3274
379470932.887719,3994
379470945.540998,13816
379470958.677178,13833
379470970.137461,13809
379470983.844524,13890
379470997.134929,1514
379471019.668648,6134
379471039.551898,1508
379471061.47944,13971
379471078.459028,1491
379471088.985314,8480
379471102.097896,2888
379471122.489703,13982
379471129.457218,2024
379471158.493889,358
379471181.968322,6839
379471196.93235,13888
379471214.428415,13908
379471226.754619,14098
379471242.295979,1431
379471248.168982,3929
379471261.841694,13843
379471273.864046,6442
379471285.827606,177
379471290.061017,1502
379471300.556409,1646
379471330.663152,13813
379471344.917456,6061
379471355.389359,14217
379471370.031637,13661
379471384.190041,13679
379471400.60393,973
379471419.160325,13607
379471432.517451,13569
379471442.231634,298
379471446.305902,10534
379471465.602897,1533
379471477.940139,5876
379471485.055457,747
379471498.286552,11473
379471515.041489,1072
379471527.781191,1462
379471538.215404,13457
379471554.791053,14181
379471574.07251,14143
379471588.284669,13407
379471601.48073,2639
379471616.244561,13362
379471633.19404,13308
379471647.212277,2254
379471672.640454,284
379471683.358963,1076
379471694.330866,13316
379471702.904649,361
379471713.684513,2930
379471724.329865,772
379471735.412452,335
379471747.040958,738
379471761.484841,13170
379471773.248386,13162
379471782.956178,13127
379471801.767559,235
379471819.507382,10318
379471828.28054,2595
379471844.178251,13255
379471849.508111,9404
379471869.433598,13221
379471883.094249,13240
379471904.270569,499
379471925.821947,1475
379471939.243077,1730
379471947.500977,9253
379471957.192186,13516
379471972.693929,13450
379471991.27758,8919
379472000.758601,13547
379472016.13236,3235
379472028.433836,2957
379472046.208773,12747
379472056.598018,13612
379472064.441356,13623
379472072.293042,12065
379472072.710433,13516
379472074.511763,13593
379472086.563186,10854
379472105.875415,13592
379472113.519815,13562
379472128.22362,13818
379472141.43263,13624
379472154.243898,3286
379472173.247026,13895
379472189.102992,3142
379472207.109489,1023
379472224.934209,8548
379472234.234209,841
379472246.390551,13819
379472269.687088,13883
379472290.713998,13838
379472305.555513,4527
379472314.444365,13388
379472333.747759,1811
379472350.371406,4215
379472354.098047,2517
379472361.559195,3021
379472374.205985,249
379472390.419515,153
379472409.90648,1503
379472425.258418,259
379472440.25006,8723
379472451.420843,14051
379472470.966717,2967
379472488.659499,1458
379472505.631044,1547
379472524.392,13891
379472542.401035,1409
379472560.600274,2041
379472573.222685,4212
379472589.530704,7835
379472616.197596,12765
379472641.261377,1630
379472653.361762,1482
379472664.556428,13717
379472675.516162,2879
379472694.025892,1497
379472706.981699,13757
379472720.206025,1209
379472735.530673,6151
379472755.611458,13705
379472771.847827,1602
379472784.205081,14191
379472799.533964,13536
379472813.533009,13492
379472831.96639,2987
379472849.715908,197
379472875.356834,10957
379472878.42178,13478
379472886.70212,324
379472898.361189,1479
379472908.900369,240
379472926.443453,13453
379472934.14326,7483
379472951.000082,198
379472960.213426,9148
379472972.331079,1496
379472985.205732,4717
379473001.102128,13248
379473012.300456,6788
379473025.372653,10516
379473037.341727,13892
379473057.228796,845
379473078.997596,13735
379473094.124328,13623
379473107.536074,13203
379473118.181611,1484
379473128.572905,3584
379473140.245,1514
379473153.071571,7038
379473166.086015,13213
379473170.561097,730
379473180.943694,1639
379473196.854912,1478
379473208.825864,13294
379473223.582248,13297
379473241.908145,11715
379473251.956778,613
379473265.069302,14133
379473282.746759,13424
379473294.110072,1235
379473319.482814,5666
379473337.311757,6783
379473350.29635,10326
379473363.090672,347
379473384.758409,13567
379473396.991872,646
379473411.125517,11214
379473418.347962,3611
379473434.048384,13648
379473447.20368,7678
379473465.942972,3162
379473472.19598,133
379473487.166267,13675
379473496.271491,13668
379473510.392506,13669
379473523.759961,334
379473528.786942,13770
379473541.568764,6281
379473554.563249,13941
379473569.474992,868
379473580.287103,13902
379473591.312967,819
379473609.810021,13814
379473618.420303,1498
379473635.0183,13904
379473650.918565,11334
379473670.200475,13916
379473681.776474,13920
379473699.776871,751
379473707.433593,3815
379473720.867524,14093
379473742.032026,3773
379473754.324388,14010
379473766.994184,1490
379473782.124922,1566
379473798.631066,13987
379473814.451268,1423
379473833.024466,304
379473861.259024,13909
379473885.442603,1321
379473897.63977,13810
379473913.063232,1176
379473925.251828,8578
379473936.104034,4636
379473948.933344,8300
379473957.69725,13811
379473980.088084,12327
379473987.208377,5955
379473995.800867,13742
379474005.366403,1511
379474017.296161,8131
379474035.175416,548
379474046.722774,117
379474053.89579,372
379474071.401223,433
379474086.131483,11098
379474099.742381,8432
379474110.242056,4509
379474121.839573,13549
379474147.276333,10835
379474161.246031,9961
379474184.670657,9823
379474203.267039,8004
379474229.759811,3911
379474240.134662,13455
379474259.593588,1373
379474275.04921,2587
379474292.525115,13338
379474298.586756,1493
379474322.908207,13309
379474329.291173,934
379474340.326173,12180
379474355.70661,13713
379474368.104772,12907
379474385.541931,13241
379474394.369888,13195
379474414.39599,4827
379474427.045251,8123
379474434.879913,526
379474465.239648,13304
379474475.647304,1487
379474482.675492,5775
379474497.228441,1206
379474507.74697,14253
379474526.000126,1309
379474536.693307,9139
379474545.153613,13925
379474554.859169,1755
379474565.798899,2605
379474578.188269,1564
379474587.08493,10709
379474601.363919,1441
379474611.021371,1693
379474621.283904,13415
379474631.107114,3504
379474633.681376,10649
379474636.107921,13385
379474633.73387,1894
379474637.223593,13969
379474635.165447,13492
379474654.964304,13481
379474662.633586,2728
379474672.672702,13472
379474698.714422,13493
379474716.188777,13537
379474726.127544,334
379474735.825355,5090
379474752.629758,13849
379474769.141456,4602
379474795.922253,3603
379474811.98479,13649
379474823.483513,910
379474836.5426,1430
379474846.876259,8261
379474860.418335,1563
379474873.490968,3866
379474886.320953,1008
379474902.880493,497
379474918.253248,13802
379474933.360539,1518
379474953.924489,729
379474961.480734,6156
379474969.855985,13898
379474982.731139,1519
379474994.516144,12616
379475009.387787,1482
379475020.305864,8758
379475030.321694,3079
379475054.462348,14082
379475060.7787,13990
379475070.517602,10214
379475087.189224,9869
379475114.762943,13983
379475124.06852,11494
379475134.644117,1472
379475143.953434,810
379475160.489229,13925
379475166.971862,4655
379475178.632029,1509
379475194.020919,148
379475209.580951,2142
379475225.618619,14029
379475238.993792,13857
379475256.44813,3971
379475284.863385,13820
379475299.024098,1366
379475310.679052,157
379475343.063813,13685
379475356.345325,1464
379475373.659843,8552
379475392.246497,11767
379475398.821935,4965
379475418.924213,13643
379475435.662195,11795
379475451.053739,13574
379475465.164111,142
379475475.829439,1368
379475491.156315,13542
379475503.752049,4863
379475512.861752,1824
379475523.18236,5057
379475539.942325,4906
379475552.818023,3919
379475565.385808,13359
379475581.411091,13417
379475599.012508,368
379475615.521339,13387
379475625.368094,7983
379475638.521637,13344
379475652.388755,1490
379475674.375237,10673
379475688.688637,10849
379475702.584897,4945
379475714.558403,8461
379475726.149211,13307
379475741.239579,814
379475762.614092,12974
379475771.404226,554
379475789.364564,13221
379475796.063823,13238
379475811.301531,3327
379475833.681572,978
379475849.528509,544
379475855.648195,1441
379475864.943472,13379
379475867.293226,8807
379475865.837309,116
379475876.820451,13310
379475891.620021,13327
379475902.840243,13398
379475914.752192,9798
379475926.492901,6334
379475933.383666,13379
379475956.112676,1476
379475972.693885,1464
379475992.915589,13640
379476002.273315,13481
379476022.911492,2204
379476036.976291,13692
379476045.554527,145
379476063.056708,1474
379476076.862056,13594
379476092.227166,13592
379476103.518009,8639
379476117.507604,13805
379476125.838252,9771
379476140.327341,1522
379476153.524036,13698
379476167.132829,9752
379476175.601741,1902
379476188.125755,4764
379476209.486821,8644
379476223.01973,13832
379476231.861193,1531
379476248.978377,13784
379476260.92452,13843
379476271.998748,1124
379476284.062611,1526
379476295.805452,10621
379476306.054399,1583
379476322.299165,8447
379476329.135501,14012
379476343.776608,159
379476362.16773,10755
379476378.44322,9239
379476396.36923,3921
379476416.873781,14056
379476432.365092,14054
379476444.716788,1541
379476463.760025,13252
379476471.911257,170
379476491.137119,8532
379476506.517727,145
379476528.791471,2110
379476536.748477,1554
379476546.941421,13936
379476558.945127,13884
379476577.187079,13866
379476595.140357,13783
379476607.49984,674
379476626.555374,119
379476637.11675,13729
379476659.207267,329
379476673.360865,12406
379476689.319003,13605
379476706.733021,13643
379476711.405585,14047
379476716.242264,8689
379476736.148218,4342
379476749.580713,13612
379476759.660192,13606
379476768.419798,10719
379476771.751015,13833
379476787.054359,1003
379476800.035687,13636
379476813.10515,1514
379476821.659202,354
379476831.328135,1344
379476836.714463,11151
379476859.362349,5637
379476872.565787,14057
379476883.358962,5786
379476899.621741,1448
379476916.633709,236
379476934.984803,4977
379476956.599757,10186
379476968.617502,1495
379476983.60474,7174
379477001.988518,4436
379477015.618291,13273
379477025.635636,2836
379477030.901446,13271
379477042.956654,12127
379477051.670321,5874
379477069.083917,9821
379477074.186813,8404
379477092.067669,1502
379477107.435637,5916
379477121.776718,13200
379477147.965715,8570
379477158.045122,12511
379477168.885539,11630
379477179.032093,13322
379477203.073395,5239
379477213.076735,169
379477224.191321,13830
379477236.046492,1498
379477247.23985,1568
379477265.586276,13360
379477281.003201,1483
379477299.521748,250
379477311.566181,4084
379477329.440746,1505
379477344.417373,2676
379477356.250547,4175
379477371.803295,1496
379477387.222404,13553
379477413.008564,13660
379477423.40195,7872
379477431.371632,9101
379477441.636205,12624
379477450.382956,1635
379477458.290362,13696
379477474.392275,13666
379477484.468082,8019
379477498.19273,1453
379477517.149298,13781
379477524.812296,13810
379477540.288446,6480
379477552.8537,2568
379477560.019812,209
379477579.537057,13803
379477596.884239,14030
379477605.520867,13033
379477616.273027,180
379477627.974564,13827
379477654.060715,1535
379477675.470695,4791
379477696.394521,6383
379477707.9543,390
379477723.611192,2238
379477739.760892,13995
379477747.677205,4354
379477760.942933,1962
379477775.040335,3283
379477790.936198,3232
379477812.774087,182
379477828.105171,13952
379477853.645009,10107
379477873.100185,899
379477892.7903,2713
379477906.02531,14037
379477915.646528,11607
379477929.438278,8678
379477932.754386,8210
379477941.686566,5698
379477962.482738,8550
379477975.308185,13701
379477983.309396,2213
379477991.142353,6642
379478016.90099,9044
379478027.754595,7042
379478039.770808,1477
379478061.1151,11685
379478063.270777,13622
379478072.636965,13647
379478094.872504,11789
379478114.432343,6166
379478120.719945,13565
379478131.551862,11258
379478142.411669,274
379478156.306623,6035
379478166.762349,9180
379478183.481538,117
379478199.758205,4586
379478215.795595,11614
379478228.190725,630
379478244.013965,13417
379478255.521468,2348
379478269.183781,1168
379478288.95141,13129
379478302.483744,3378
379478313.338861,1499
379478324.162766,1114
379478346.634087,13094
379478366.327931,265
379478377.271048,6879
379478391.308868,1427
379478408.216291,13339
379478423.714389,8188
379478441.289268,13852
379478446.316178,13264
379478456.378138,13188
379478474.7495,2288
379478485.238452,1477
379478498.799409,13331
379478507.883747,1478
379478523.788707,13434
379478542.451104,13449
379478552.582116,3053
379478567.853565,158
379478577.986456,407
379478597.338106,13421
379478609.876971,1481
379478620.588427,3627
379478632.124632,12735
379478641.80515,13725
379478651.09479,13523
379478667.98904,1040
379478672.311171,13580
379478690.669847,6038
379478708.801718,13556
379478722.752491,10011
379478735.511966,13520
379478745.37355,13714
379478758.33533,1520
379478773.287221,3470
379478794.364078,3882
379478812.417503,369
379478837.213761,3126
379478848.598679,13783
379478860.79582,13728
379478875.35773,1462
379478882.520358,5758
379478894.458225,13808
379478911.867624,10155
379478926.551257,13931
379478936.778186,1483
379478946.063184,6213
379478960.316847,13829
379478971.188887,1517
379478985.49675,13994
379478997.88836,230
379479014.860636,2711
379479038.939208,13969
379479040.691101,880
379479051.100087,8566
379479065.561891,1485
379479071.203096,12021
379479083.153487,14061
379479098.39908,2930
379479112.506552,4793
379479125.561241,14086
379479141.2622,13980
379479153.098816,2360
379479166.346747,13963
379479178.977077,4121
379479193.758658,286
379479215.984451,13813
379479233.360649,5374
379479250.833628,9639
379479256.849799,759
379479270.969591,6586
379479276.861197,6887
379479293.332134,13690
379479312.815667,13759
379479328.589018,12291
379479334.827382,7524
379479356.885828,13655
379479372.679949,1370
379479379.736299,1514
379479394.27737,13778
379479415.063795,13753
379479431.459353,162
379479445.464842,13546
379479458.554726,12304
379479472.50027,421
379479484.152194,1488
379479499.63108,13455
379479510.141495,13489
379479524.407025,1505
379479536.02188,13670
379479550.070638,13409
379479567.922175,4823
379479578.311677,1488
379479603.662871,1446
379479608.731088,914
379479616.483178,1396
379479646.675677,4490
379479671.655167,13177
379479683.305308,2130
379479696.676215,13132
379479713.471825,13201
379479720.376932,13128
379479724.833244,5196
379479739.134527,4999
379479755.984156,2056
379479769.739143,11229
379479786.076349,13256
379479796.987227,13172
379479815.85421,13300
379479835.531675,5510
379479846.208916,13245
379479857.610205,2770
379479866.540752,13389
379479884.617089,5320
379479903.116647,13541
379479912.127944,148
379479923.917612,13343
379479930.52704,13402
379479943.15489,13457
379479953.077695,132
379479968.759288,13377
379479985.020315,322
379479999.17035,6314
379480013.076381,13639
379480035.69155,2709
379480057.661945,1503
379480073.609109,166
379480087.000441,6888
379480100.446015,6505
379480108.788516,586
379480115.330081,300
379480128.806236,2236
379480137.990119,4763
379480149.410503,349
379480169.689389,2075
379480188.065202,11300
379480201.5729,5732
379480211.586593,13812
379480232.281448,1438
379480236.219281,13894
379480251.335644,8382
379480259.629823,1506
379480274.759423,4565
379480283.68327,13871
379480300.801171,1471
379480311.747351,13978
379480326.740891,1470
379480341.171069,7619
379480356.622414,14063
379480369.29841,7279
379480382.072447,1726
379480393.7573,3594
379480407.795785,3793
379480418.538689,2986
379480432.41987,13983
379480444.314516,210
379480463.976687,13963
379480469.621502,13986
379480483.565459,1455
379480497.13992,9007
379480507.016153,13907
379480519.553717,2378
379480538.679199,892
379480550.991388,1445
379480560.443316,1485
379480569.237898,295
379480587.771667,7539
379480602.656076,13805
379480612.84025,1004
379480622.135182,12416
379480631.471803,4130
379480651.663425,13644
379480666.119198,13652
379480678.842105,13659
379480686.441067,5931
379480705.456432,5002
379480715.190023,10275
379480730.007413,14046
379480747.950509,13307
379480757.471478,13626
379480768.609479,9148
379480775.559267,1524
379480790.195063,13783
379480804.969157,13465
379480817.315022,8562
379480828.909369,12115
379480841.62757,13829
379480854.724356,6467
379480862.001773,2060
379480875.587838,4196
379480884.431612,3588
379480893.035607,13361
379480900.321322,5385
379480909.072588,937
379480920.974714,5890
379480933.493466,456
379480943.218031,2051
379480948.518843,4704
379480962.621321,2712
379480978.274862,1045
379480987.09958,13036
379480998.70617,2607
379481018.226731,9521
379481026.108926,936
379481034.986167,3379
379481047.286481,13115
379481050.871143,8503
379481055.786615,4187
379481061.316519,1777
379481069.227797,919
379481074.441479,2018
379481084.647248,1127
379481094.697723,425
379481102.887309,1480
379481108.878755,13224
379481119.20886,2795
379481132.168316,296
379481144.918269,13229
379481159.182717,1387
379481167.406844,750
379481177.010552,1458
379481184.670994,401
379481195.486054,640
379481208.027057,1489
379481212.185128,12783
379481219.676598,13365
379481235.736564,157
379481247.864047,10058
379481261.330042,7371
379481276.186981,4642
379481285.584864,13476
379481295.83079,1530
379481306.038867,4789
379481314.224741,377
379481331.264541,10337
379481339.17339,537
379481351.884593,1444
379481366.820508,13490
379481374.921916,1790
379481381.864066,11601
379481392.981434,1454
379481400.015456,13617
379481407.743757,13646
379481423.661071,13638
379481435.068891,1483
379481442.537599,3311
379481454.74573,13687
379481468.220575,1970
379481474.555624,11956
379481482.712121,7446
379481488.822901,937
379481498.456964,13707
379481507.549724,13774
379481510.436855,1760
379481522.664528,1338
379481526.610444,825
379481543.831599,1334
379481548.879095,280
379481558.175629,3829
379481565.772731,112
379481577.895065,13701
379481585.662771,13862
379481592.355571,1257
379481608.339437,5154
379481617.916905,12107
379481625.059534,13928
379481636.672356,13941
379481644.567452,1638
379481655.78655,2546
379481664.200058,2085
379481677.388547,11856
379481685.488069,14048
379481695.809384,1578
379481704.460469,4400
379481718.015576,7905
379481727.537847,14014
379481740.832289,1586
379481757.092594,3003
379481770.607669,1527
379481778.920177,14151
379481790.576343,356
379481806.7379,10819
379481809.454136,274
379481818.126676,884
379481826.778105,4163
379481827.859435,1945
379481843.27338,12871
379481852.732863,548
379481862.436483,554
379481873.681439,137
379481889.973591,2462
379481901.552739,13778
379481908.681729,6865
379481916.281396,1528
379481930.781701,1064
379481934.428028,142
379481941.297109,14196
379481947.878534,3651
379481953.19225,2786
379481961.174923,12476
379481971.981123,4229
379481977.244449,1533
379481986.369399,1455
379481993.093636,13676
379481996.776177,4304
379482009.326652,1540
379482015.132737,4090
379482024.000372,10997
379482028.38364,1421
379482042.554205,423
379482048.601567,13567
379482061.48959,13565
379482070.508603,345
379482084.199412,961
379482092.895768,1225
379482105.57469,13520
379482114.886335,13521
379482122.885861,9785
379482131.761753,1484
379482141.027949,2393
379482157.695454,13407
379482159.850166,2445
379482167.602334,8528
379482174.838328,6658
379482188.418678,13610
379482193.335671,5331
379482202.296156,6806
379482214.965489,9809
379482222.314172,533
379482228.779775,523
379482242.047915,13329
379482247.661411,373
379482266.804473,13320
379482280.082954,142
379482295.71797,8892
379482304.495687,882
379482320.927566,1313
379482329.502399,13380
379482335.007104,133
379482345.671655,1508
379482354.696009,11070
379482364.005943,9327
379482374.714749,13201
379482385.403144,1432
379482391.056782,13191
379482406.17411,533
379482413.568133,13619
379482423.786878,13713
379482429.590084,11044
379482444.569128,13183
379482456.108837,730
379482462.70889,1504
379482472.667311,13292
379482489.223074,1863
379482496.358469,13289
379482503.242598,13315
379482514.281732,426
379482519.452145,565
379482528.623169,13388
379482541.625136,8806
379482546.694582,13402
379482554.553601,13354
379482562.437926,13404
379482569.990619,9033
379482578.54245,1508
379482596.660122,7237
379482605.368358,8002
379482613.184249,13954
379482626.769179,153
379482637.308874,2858
379482653.312713,1527
379482661.008948,13509
379482667.741027,1375
379482677.825411,741
379482690.70962,1059
379482701.505071,971
379482711.77787,1558
379482723.438954,1553
379482736.990607,386
379482747.721462,853
379482762.320819,2970
379482767.586077,9176
379482783.039129,1425
379482795.208194,2678
379482813.180221,1488
379482830.059595,1562
379482836.592016,7549
379482847.190297,13748
379482852.718346,4322
379482872.581715,13854
379482893.278489,13797
379482902.689544,4929
379482911.159574,3519
379482918.510282,1316
379482929.709866,129
379482945.517631,1677
379482958.558186,10590
379482965.923266,205
379482974.856677,1469
379482991.220639,6227
379483004.396284,4745
379483015.023219,803
379483025.879172,968
379483034.147113,508
379483042.891539,14006
379483049.180499,2898
379483056.365792,12689
379483066.745201,7213
379483079.054732,13997
379483090.641973,792
379483100.525089,14060
379483107.341008,13085
379483119.335947,351
379483128.72091,8116
379483141.197305,6536
379483153.245363,13879
379483160.945316,13902
379483168.14894,13886
379483176.690783,5305
379483182.713365,4392
379483200.212474,11071
379483204.761066,13511
379483210.268802,1128
379483219.545692,2254
379483231.214978,14031
379483237.327241,1514
379483246.935094,13807
379483250.168554,3191
379483257.965146,2247
379483264.602437,9370
379483280.971439,850
379483289.116042,9613
379483298.552687,7309
379483306.131325,4307
379483312.179368,13760
379483322.474086,1144
379483333.59572,11070
379483341.683109,13638
379483345.300545,1145
379483354.661324,568
379483361.731195,383
379483368.577566,1416
379483379.888292,3249
379483393.824363,11171
379483400.278843,204
379483405.07937,1276
379483412.401107,4539
379483417.129187,1666
379483424.44817,1925
379483432.362058,962
379483443.098075,2336
379483450.907526,587
379483461.31405,1230
379483466.644039,1409
379483476.289496,13589
379483486.980004,14006
379483494.861231,5489
379483501.010147,13384
379483502.216175,2595
379483507.279629,562
379483518.993457,1828
379483524.482652,114
379483527.264858,161
379483536.520169,8260
379483541.246703,373
379483550.70442,5385
379483557.49858,13349
379483559.21189,13322
379483564.490801,11163
379483569.540629,13405
379483575.089967,13361
379483580.198332,13445
379483589.630771,11582
379483594.625228,6847
379483599.591773,141
379483600.846716,683
379483613.143385,2022
379483616.679778,629
379483621.807469,806
379483629.441662,1329
379483637.527689,1504
379483648.062172,13218
379483654.792209,464
379483658.924169,1502
379483666.843155,13164
379483673.119004,13220
379483681.198392,1008
379483684.9274,7923
379483693.782898,493
379483699.504071,672
379483705.812075,643
379483713.744191,1746
379483719.332352,4349
379483726.474758,6845
379483731.555424,13192
379483737.072809,3434
379483742.357831,467
379483752.145996,2517
379483757.011317,2332
379483765.409473,1187
379483771.746522,4335
379483775.739359,2797
379483782.446133,2508
379483789.493646,431
379483792.500944,8701
379483797.689621,248
379483805.870573,1122
379483811.137358,5890
379483815.872835,11350
379483821.232258,2701
379483831.355581,1571
379483838.416593,13380
379483847.116402,13677
379483850.90098,13304
379483857.137219,133
379483865.66443,13656
379483870.297624,2901
379483875.85841,3523
379483880.594608,190
379483884.247927,2230
379483894.44783,249
379483899.486414,3401
379483903.597031,13460
379483911.640031,13515
379483918.699103,8116
379483927.468958,3550
379483931.532407,8243
379483940.675446,1759
379483943.315544,221
379483951.796329,13483
379483953.476348,362
379483958.939201,2087
379483963.833985,1474
379483967.450814,157
379483970.166122,1254
379483977.561318,645
379483984.876814,13534
379483988.092865,13566
379483997.987438,783
379484001.947127,13577
379484004.635469,1237
379484009.768269,2259
379484015.411385,5538
379484018.270478,2697
379484020.482622,1147
379484031.964341,3171
379484034.480464,610
379484040.168528,279
379484042.848062,730
379484046.893536,7866
379484049.795158,492
379484058.323027,13644
379484064.917138,859
379363653.754437,1383
379363660.83136,926
379363665.569483,4752
379363667.19464,1102
379363670.739621,608
379363676.727495,1651
379363681.41513,726
379363687.183165,1468
379363689.713704,430
379363690.634513,12882
379363694.326994,13194
379363695.919156,3241
379363698.514123,1530
379363704.731152,2715
379363707.734356,813
379363711.113574,4484
379363717.202874,6558
379363719.024224,480
379363721.62802,7015
379363728.887514,111
379363731.172158,13127
379363732.923021,205
379363738.897077,796
379363741.345735,3811
379363742.001935,3606
379363745.947316,7348
379363748.714888,6421
379363753.091869,2439
379363755.32855,5924
379363761.883327,13119
379363764.114295,1963
379363772.08705,2888
379363773.674673,784
379363779.505533,6771
379363782.209192,5239
379363784.189862,566
379363790.222903,11060
379363792.204982,917
379363796.03437,13081
379363801.67875,1368
379363802.933681,8968
379363805.872812,10847
379363808.734994,529
379363810.962411,414
379363816.471496,13303
379363819.23676,680
379363820.607133,8394
379363827.735647,2002
379363828.965421,388
379363831.296336,12294
379363834.182382,13004
379363836.796961,12321
379363838.691945,973
379363842.11853,4111
379363848.080619,5428
379363846.278126,593
379363849.382921,3478
379363853.551761,3046
379363856.198666,282
379363856.624634,1822
379363863.270523,1836
379363868.827829,1748
379363869.009933,371
379363873.239475,1490
379363875.047549,12937
379363877.853983,1121
379363880.888788,2023
379363883.928538,2102
379363886.069791,701
379363888.443854,7010
379363891.03184,266
379363894.260558,295
379363895.914799,3314
379363902.127571,4114
379363902.154428,12973
379363904.406716,651
379363908.345658,1738
379363910.564143,533
379363911.883065,428
379363914.707192,2039
379363917.531726,2282
379363920.610228,4166
379363922.073603,523
379363927.100181,4868
379363929.392284,4136
379363932.685917,452
379363935.699019,3015
379363941.37663,346
379363939.864545,3104
379363945.773207,1582
379363948.142646,10297
379363951.92348,7841
379363953.193117,8359
379363958.64645,1767
379363958.676558,6308
379363962.448344,378
379363963.106469,12951
379363964.332189,10053
379363965.755526,12869
379363968.304896,5050
379363970.966771,1765
379363975.378742,1155
379363975.966714,13079
379363979.295875,1224
379363981.448281,370
379363988.697559,2381
379363988.210785,12238
379363990.894698,12800
379363993.127875,4285
379363994.52103,2299
379363998.130238,1452
379363999.887221,11514
379364002.933597,8582
379364005.384996,5292
379364008.793771,1078
379364011.808812,10949
379364013.408146,11394
379364015.527915,6454
379364018.757511,2704
379364022.129241,1764
379364023.431542,1801
379364030.141734,650
379364033.213282,12697
379364036.532035,217
379364040.035234,1444
379364041.153894,948
379364045.620973,1271
379364049.928081,416
379364053.670286,2238
379364057.118173,2248
379364060.562444,1686
379364066.39026,2003
379364071.124068,10431
379364075.918047,1110
379364079.517252,2484
379364080.655356,3013
379364083.663076,677
379364089.39875,309
379364098.040146,358
379364095.965371,1224
379364101.40843,12659
379364106.169752,9837
379364109.194333,856
379364114.547172,3325
379364119.719428,12463
379364123.822182,12629
379364127.040726,2651
379364133.199458,12643
379364134.808288,1297
379364138.158439,4925
379364140.7302,166
379364145.698831,221
379364151.579891,7284
379364156.085901,1552
379364160.060675,12617
379364163.682036,3760
379364169.863409,3008
379364174.951599,12321
379364178.401303,260
379364182.598605,1472
379364184.281289,4470
379364191.014334,109
379364192.234821,12216
379364197.855575,12531
379364200.806873,12549
379364203.395062,134
379364208.739658,12686
379364213.973035,2546
379364216.066774,8272
379364219.66064,201
379364223.788667,4405
379364230.437398,133
379364235.44689,12493
379364236.94132,414
379364241.732626,2531
379364250.311927,12554
379364256.025812,1366
379364257.709347,2332
379364264.2491,11840
379364265.320679,878
379364267.759184,10821
379364274.958797,12482
379364278.371772,12453
379364282.809014,12414
379364285.961142,2011
379364292.588054,1607
379364295.35526,1466
379364300.459814,1511
379364305.065804,90
379364307.229172,12444
379364314.984844,670
379364319.72571,10838
379364325.43821,526
379364329.769164,1561
379364334.051107,4670
379364338.294041,12417
379364340.079021,6620
379364344.083967,6931
379364347.072089,12426
379364348.563517,1744
379364354.24184,10302
379364362.672485,1461
379364362.507791,4013
379364364.891936,670
379364367.111898,452
379364369.586946,1275
379364375.192065,3790
379364376.958797,12506
379364383.640814,2359
379364388.685196,3885
379364389.926247,3588
379364396.677105,10948
379364398.12124,303
379364403.710078,8623
379364408.172377,2263
379364412.495076,8099
379364414.582938,619
379364417.765482,10657
379364421.98183,1807
379364425.755836,5926
379364427.601006,4108
379364432.423041,9964
379364433.857267,117
379364436.368779,8807
379364442.733119,10746
379364446.862206,411
379364449.606484,2479
379364454.408353,12741
379364458.767369,10171
379364462.968102,12561
379364467.212137,2761
379364467.514024,3327
379364470.98925,10458
379364473.9166,2407
379364479.572741,104
379364477.875683,2409
379364480.9309,90
379364484.092738,12384
379364486.326132,604
379364490.74532,5496
379364490.868253,3691
379364493.889992,3512
379364495.996232,863
379364499.006802,2017
379364502.537315,1124
379364508.728834,7638
379364508.960203,190
379364512.395773,13285
379364513.392611,12666
379364514.909286,4104
379364519.158045,964
379364520.624971,6590
379364526.907769,1379
379364529.50884,9070
379364530.866056,4232
379364535.260065,483
379364538.197932,332
379364541.385575,8077
379364543.777026,376
379364543.253866,6445
379364547.948901,2062
379364548.241119,4453
379364551.036949,9553
379364555.447806,12013
379364556.509022,966
379364558.853698,178
379364559.617418,2976
379364561.266674,2702
379364564.029737,8338
379364567.712134,985
379364567.74593,912
379364573.001518,445
379364573.807907,5759
379364574.145788,12994
379364574.074214,1752
379364578.535186,9227
379364579.162605,364
379364579.772387,13371
379364583.793695,1717
379364585.250423,2525
379364586.351376,4352
379364588.985747,1243
379364591.596372,7855
379364594.001292,1999
379364597.36631,671
379364595.481575,8799
379364599.907091,448
379364598.422151,3012
379364598.219948,5349
379364601.118115,3888
379364603.605086,12953
379364606.559506,1072
379364609.20908,1457
379364609.350862,1555
379364610.476225,854
379364613.708188,2440
379364615.942536,12803
379364619.13655,5362
379364624.642672,2897
379364627.497942,2291
379364630.237984,282
379364628.598558,3387
379364631.259088,1463
379364634.226345,1900
379364638.757568,855
379364640.107713,6757
379364643.515232,1556
379364645.222832,1495
379364647.178755,1453
379364651.308965,764
379364653.607008,12808
379364655.593476,4078
379364659.149631,12940
379364660.433765,599
379364664.699851,773
379364667.094242,1407
379364666.543693,669
379364669.562085,12835
379364671.431557,186
379364670.863987,103
379364677.366307,2650
379364675.965849,12863
379364682.6788,767
379364681.005689,12849
379364687.772433,12848
379364687.391371,1559
379364691.516213,5097
379364692.687704,6811
379364694.950195,4316
379364697.551815,1537
379364701.135555,7918
379364706.471056,364
379364706.671596,519
379364712.444043,254
379364715.967978,939
379364723.252391,7921
379364731.073393,1669
379364738.30767,262
379364741.789007,1442
379364746.133467,495
379364751.619312,7093
379364755.413277,455
379364757.511091,5488
379364760.522781,852
379364762.400172,276
379364765.47258,2909
379364771.007516,1447
379364770.245475,1072
379364774.365326,1437
379364776.040976,3704
379364779.355701,9508
379364782.350598,3905
379364786.805285,3339
379364787.406862,1017
379364788.816175,1000
379364792.227689,2867
379364793.89922,2552
379364796.133316,6620
379364796.556203,488
379364798.82092,3207
379364805.015351,845
379364805.079351,1017
379364806.104421,5366
379364810.446491,189
379364812.61277,1346
379364814.149092,571
379364816.823122,648
379364820.088212,11145
379364820.673381,13018
379364821.208877,2510
379364825.909514,5187
379364826.983954,4351
379364829.814959,13055
379364830.587426,259
379364833.083512,13430
379364834.193718,147
379364838.148717,9030
379364838.934687,3463
379364840.542046,510
379364844.244951,1973
379364846.333378,526
379364844.471703,1420
379364848.554628,1486
379364848.833653,8999
379364851.477873,1232
379364850.801656,825
379364855.353308,152
379364857.925143,351
379364861.0094,406
379364863.478593,3148
379364865.310746,294
379364869.735297,7459
379364870.830302,1953
379364874.886535,3442
379364874.620376,720
379364876.873907,133
379364879.495659,1162
379364880.828349,682
379364881.571641,880
379364885.431707,1305
379364884.284138,1756
379364887.346466,11567
379364890.038286,7165
379364892.246291,307
379364894.747127,2651
379364897.388425,2099
379364899.659961,1034
379364903.698487,5059
379364906.043009,410
379364909.362036,1679
379364911.187302,1581
379364909.848605,561
379364913.166596,1943
379364915.999906,385
379364920.711881,362
379364922.33765,582
379364924.788932,336
379364926.364376,2550
379364932.153376,2665
379364933.111251,7632
379364937.61102,1040
379364938.984174,13193
379364943.341452,127
379364947.46732,13192
379364945.900391,4292
379364948.569153,1799
379364952.829535,6656
379364955.409399,3563
379364958.512883,13185
379364960.878506,1977
379364962.384544,146
379364966.273824,1342
379364964.642585,451
379364967.816551,2761
379364971.347841,1354
379364974.07755,151
379364974.966856,7626
379364981.148733,13256
379364983.082698,7159
379364987.07343,107
379364988.336954,456
379364990.129599,13215
379364995.142359,185
379364997.500455,937
379365000.091658,332
379364999.44334,10540
379365000.756544,1759
379365005.455207,357
379365007.429109,13208
379365011.83382,798
379365012.876715,178
379365018.387668,2293
379365020.005795,2159
379365022.343406,13317
379365025.240789,902
379365026.397676,656
379365033.870375,2504
379365036.334647,296
379365038.902568,239
379365040.558957,2398
379365043.63279,2161
379365044.743545,584
379365051.183598,3747
379365055.410307,1813
379365057.634842,2080
379365063.966655,7928
379365070.235431,970
379365071.362601,13130
379365078.765338,2315
379365082.752472,1636
379365083.634992,2439
379365088.408009,6968
379365089.109057,2943
379365095.396795,13063
379365096.628053,2685
379365102.827594,2865
379365104.744834,4069
379365108.953782,13234
379365112.412252,602
379365116.0076,1548
379365119.32076,7050
379365119.99029,185
379365125.805434,3079
379365128.267993,91
379365135.112038,13064
379365137.129195,13155
379365139.676746,842
379365143.89707,816
379365148.154888,656
379365149.627051,1129
379365155.59441,217
379365157.892115,13394
379365163.386504,9551
379365165.392612,12713
379365168.914589,896
379365173.738806,3099
379365175.915436,2051
379365181.196501,617
379365183.358762,8046
379365187.279224,12962
379365189.239133,4785
379365193.233619,3448
379365196.17152,2480
379365199.67788,9433
379365204.773488,581
379365208.361763,199
379365213.168387,13051
379365214.929802,5106
379365216.829739,2685
379365222.567966,289
379365226.606256,5844
379365232.551759,2352
379365233.958964,1728
379365237.066614,2204
379365244.894127,12843
379365249.190409,540
379365252.194878,4579
379365253.62866,3393
379365259.177752,1096
379365262.45081,5739
379365270.50775,972
379365271.531478,1409
379365277.40821,5519
379365279.879365,12881
379365282.388652,2593
379365285.179372,6314
379365288.852587,4115
379365291.573409,1129
379365295.186206,12852
379365301.193557,1455
379365304.477242,2504
379365309.061846,12770
379365311.332297,1522
379365313.102961,12806
379365318.56911,7175
379365322.628694,12801
379365323.922166,12842
379365328.156784,1840
379365333.859922,420
379365339.344329,1417
379365341.147846,12906
379365346.186607,5800
379365348.870819,2188
379365352.152068,12758
379365354.619257,9929
379365361.633021,7007
379365362.728709,146
379365366.170678,1678
379365370.043771,3294
379365375.191769,10142
379365378.730701,2727
379365382.153185,439
379365387.139622,12701
379365389.66021,12971
379365391.256579,1689
379365396.477671,306
379365399.627136,2951
379365401.416795,3844
379365407.534113,10787
379365412.065642,12663
379365416.058443,757
379365417.05947,1496
379365420.964223,12788
379365429.028327,554
379365436.211113,1587
379365440.101313,1110
379365445.627116,1524
379365451.628,7666
379365457.102441,9332
379365461.593382,613
379365468.711127,13394
379365471.498096,11596
379365474.088022,2859
379365479.572107,3240
379365488.527002,105
379365489.952618,112
379365490.864031,596
379365495.490249,1421
379365497.201927,1256
379365504.327457,12561
379365508.275215,384
379365514.76196,12843
379365519.682069,710
379365525.40862,3156
379365528.340588,916
379365531.670386,4824
379365534.826104,738
379365536.971756,7402
379365545.038449,3086
379365546.469473,11426
379365550.28519,957
379365555.883291,12986
379365558.278636,12486
379365563.797225,12457
379365565.128072,12475
379365568.173532,12484
379365571.570972,149
379365575.816935,1500
379365578.155425,10737
379365581.160614,2809
379365582.860664,7727
379365585.823353,13267
379365590.588913,12435
379365595.675339,12517
379365597.969602,9148
379365598.562467,12484
379365605.574338,6069
379365608.412019,853
379365612.585902,7249
379365621.645357,424
379365621.438234,936
379365625.68633,822
379365625.810696,10224
379365627.022714,1565
379365631.100845,7914
379365630.539538,12597
379365635.803482,8319
379365637.816166,9590
379365640.99437,220
379365643.002466,10786
379365647.242434,3701
379365648.097287,3016
379365651.045831,170
379365650.571517,10536
379365654.057279,12293
379365658.784508,4073
379365662.04325,12452
379365665.309018,12753
379365670.154067,12437
379365671.800143,12691
379365678.267349,5687
379365680.274922,103
379365681.781604,802
379365685.124535,12441
379365687.831948,271
379365691.041773,3143
379365696.418744,404
379365699.24984,8123
379365698.913614,800
379365704.740761,12701
379365706.299159,223
379365710.028748,12522
379365712.956503,12454
379365714.883762,12604
379365715.81102,141
379365719.027298,111
379365723.168371,12478
379365725.554266,5825
379365727.704622,5387
379365730.605225,1479
379365731.767073,381
379365735.699586,7075
379365737.769813,4286
379365740.920648,113
379365742.532022,90
379365741.531848,1294
379365746.263869,1754
379365746.62824,11847
379365750.052945,7484
379365755.810065,877
379365758.716632,12500
379365757.567338,1103
379365761.354561,1586
379365765.10722,10508
379365767.489797,901
379365771.35353,7251
379365773.24947,12645
379365777.399642,9791
379365778.757938,9301
379365782.087675,2717
379365786.776661,12561
379365788.511012,12939
379365792.099445,6919
379365795.356906,11133
379365797.241154,2838
379365796.339356,3147
379365803.258652,12560
379365805.942949,6039
379365808.830143,3397
379365806.658768,12607
379365809.95249,1666
379365813.956228,7317
379365814.857769,8618
379365817.848252,12914
379365820.217228,1771
379365823.410549,2304
379365825.894612,6278
379365829.549377,3361
379365832.107366,10128
379365837.525007,12641
379365840.052482,13053
379365841.551811,2477
379365844.211383,10004
379365850.108244,12024
379365851.278046,3040
379365858.135935,9195
379365860.542188,6134
379365865.512357,12644
379365868.06459,12131
379365871.445535,8666
379365875.187761,12874
379365879.048687,2329
379365878.782799,5320
379365881.311433,9547
379365882.435864,6846
379365885.029764,13376
379365888.750564,1854
379365890.940483,12645
379365893.764688,10407
379365896.182903,1897
379365898.83881,9118
379365900.610077,5977
379365907.512631,3914
379365908.101675,4302
379365914.154888,3998
379365916.184836,8566
379365918.645163,5233
379365920.844811,1542
379365924.722936,686
379365926.279194,3042
379365933.467283,13405
379365935.478858,1631
379365936.862686,8597
379365941.176708,11576
379365942.595747,10493
379365948.038497,127
379365950.642828,12802
379365953.394788,1599
379365956.947785,12783
379365956.614639,8681
379365962.126192,1559
379365964.720001,12769
379365966.407785,183
379365968.021874,846
379365972.376747,1782
379365975.173971,3179
379365977.783748,8252
379365981.945045,1750
379365984.027355,1076
379365984.449487,3496
379365988.742381,11712
379365989.901729,12862
379365992.668782,8774
379365996.444392,282
379366001.04732,2884
379366003.904324,226
379366002.343019,10133
379366005.215662,1068
379366010.316278,9997
379366012.136922,12856
379366016.255209,2390
379366018.564884,624
379366024.586419,396
379366025.913936,12879
379366028.675407,822
379366033.357766,526
379366036.604748,4773
379366039.047943,12904
379366043.685522,13021
379366050.662517,1482
379366052.366995,233
379366057.714852,12900
379366060.523979,2552
379366065.320026,1049
379366070.91339,12974
379366074.505589,3327
379366078.253259,1932
379366083.397614,10342
379366088.780828,2763
379366090.36504,11695
379366093.712599,2616
379366096.539145,13260
379366101.226835,12960
379366105.541192,767
379366108.493277,4681
379366117.387138,12990
379366119.086077,13133
379366121.427063,1558
379366123.699969,1015
379366132.154564,8495
379366135.556033,1224
379366140.989694,13011
379366141.522548,590
379366151.25846,12995
379366151.136357,13027
379366153.985753,13075
379366159.302069,2774
379366160.997736,13050
379366165.052469,7964
379366167.552209,5684
379366170.014371,13023
379366170.739194,1487
379366171.388728,5508
379366178.019367,2143
379366177.864343,2587
379366178.372528,13252
379366182.417449,6227
379366184.382069,9638
379366186.817283,98
379366191.54171,1170
379366196.447699,3446
379366201.096353,13067
379366199.677091,1503
379366206.147795,1478
379366209.068458,1495
379366208.280311,2835
379366212.115348,84
379366215.728243,7649
379366215.970483,4099
379366221.948142,13128
379366222.707699,1177
379366226.742449,432
379366228.073556,5822
379366233.876759,6983
379366237.936242,199
379366237.005814,9660
379366238.263831,13172
379366245.739111,13136
379366243.426313,121
379366247.702532,1882
379366248.607612,4501
379366251.830377,3428
379366253.845297,832
379366254.302425,3495
379366261.135881,13159
379366261.536729,1864
379366265.952552,3534
379366268.717916,1805
379366271.617758,830
379366272.251465,1617
379366278.624085,882
379366280.438796,1515
379366280.972755,1571
379366285.526296,1458
379366288.489976,8874
379366293.809637,122
379366299.024317,13197
379366301.824852,13218
379366305.241489,13177
379366307.374154,8124
379366308.572662,5844
379366309.662286,3724
379366311.151763,13371
379366317.601099,8122
379366320.156665,12096
379366322.447182,1771
379366324.323435,4959
379366328.972032,9046
379366331.332556,1982
379366335.084237,93
379366336.22016,3673
379366338.191206,2491
379366340.894268,1688
379366342.052292,5179
379366349.24422,4632
379366350.431526,9765
379366356.736621,13142
379366358.211059,13162
379366362.412356,6758
379366365.499058,3721
379366372.496627,10025
379366373.201388,1586
379366379.421033,13165
379366381.945604,10839
379366387.97559,9390
379366389.266175,3317
379366395.087344,167
379366401.257013,5112
379366401.860356,12561
379366406.577177,10169
379366412.071219,13106
379366413.439515,102
379366415.963122,2756
379366417.496715,374
379366424.063746,3294
379366426.835201,13093
379366432.529848,13075
379366434.203445,2587
379366439.638837,13027
379366441.492958,13059
379366445.211557,4679
379366447.119293,7493
379366451.922745,13053
379366457.08474,4325
379366459.247461,13071
379366466.321166,12076
379366468.618754,13376
379366469.823254,11363
379366472.728236,5476
379366477.202925,5918
379366480.653982,2935
379366485.007479,4732
379366488.781008,12069
379366491.232723,6374
379366496.135564,9442
379366499.191993,2659
379366502.320521,7826
379366507.832288,2268
379366508.598736,1738
379366510.149039,2947
379366515.240051,6340
379366517.985729,566
379366523.709743,7444
379366524.763442,9437
379366529.279933,4531
379366534.982171,12892
379366538.366614,13197
379366544.321275,12896
379366545.861272,12921
379366548.057648,3638
379366550.852251,133
379366556.790764,133
379366557.926355,3668
379366564.874866,12658
379366569.717133,6483
379366573.045901,1447
379366576.683405,8365
379366583.402101,135
379366590.594432,12970
379366595.47728,2678
379366597.604318,1461
379366603.535026,12846
379366606.106174,12875
379366612.349484,5229
379366615.755806,1509
379366617.928283,5381
379366621.326942,1148
379366625.461683,1517
379366628.918485,746
379366631.921992,7456
379366636.58626,2088
379366642.981728,13317
379366645.982354,6428
379366647.532131,9792
379366653.550557,12182
379366656.17843,324
379366659.465066,1479
379366665.439999,11988
379366669.957193,11241
379366672.655201,9144
379366677.141597,1513
379366685.072273,12781
379366686.801138,1527
379366690.959668,12760
379366696.967617,12707
379366698.299295,9163
379366704.12595,12835
379366706.876604,3114
379366707.169787,2502
379366710.93581,2885
379366712.330585,1715
379366715.928957,136
379366718.385134,5192
379366717.971453,3599
379366723.126974,3669
379366726.273222,6787
379366726.990032,611
379366729.193429,4550
379366730.996763,3705
379366733.019259,13101
379366733.872784,12725
379366734.759816,1456
379366739.614517,460
379366742.119318,12668
379366741.596445,735
379366742.842803,1960
379366747.411362,640
379366748.181002,386
379366748.512498,554
379366751.646173,1637
379366754.9364,12653
379366756.438268,9685
379366758.63024,9369
379366761.850669,12718
379366767.310819,2500
379366769.787324,9810
379366778.681756,3060
379366785.278795,7793
379366790.36035,95
379366794.654163,1489
379366801.999877,3210
379366802.440039,669
379366809.806206,12625
379366810.507857,1108
379366817.398144,3112
379366822.264411,12565
379366830.668763,12610
379366835.084055,12512
379366839.786999,2445
379366845.225385,2310
379366851.032962,613
379366858.456295,2932
379366866.818256,5974
379366873.742103,12660
379366884.389388,12446
379366898.964596,12466
379366904.077497,12434
379366910.416248,138
379366917.657974,1272
379366926.892393,11010
379366930.289876,2373
379366938.387276,819
379366949.637052,5327
379366954.474696,3561
379366955.71617,872
379366963.254028,1493
379366963.538377,7902
379366969.402108,1657
379366971.407252,12149
379366977.043011,7053
379366980.173661,3666
379366985.25898,12404
379366988.814516,12414
379366992.686048,9641
379366995.698888,3579
379367000.649245,4785
379367004.963513,3506
379367010.052592,6729
379367010.626238,1498
379367013.803864,2982
379367016.082759,12437
379367018.5097,748
379367022.145002,2256
379367023.693445,8142
379367024.998971,12490
379367028.309373,4467
379367030.961681,4639
379367031.028324,2222
379367031.581054,725
379367034.234839,344
379367038.662338,408
379367042.268053,106
379367044.004532,1245
379367046.644645,2798
379367051.757826,1407
379367053.400226,3480
379367057.676028,12504
379367062.728671,4874
379367067.174988,1764
379367070.18728,260
379367074.233394,6128
379367075.448822,3179
379367079.554598,254
379367086.553119,13378
379367090.640126,7070
379367095.26843,1765
379367098.48433,12199
379367102.191866,8175
379367106.350804,112
379367108.114727,5645
379367108.286323,103
379367113.846344,1507
379367116.355512,970
379367120.620592,309
379367124.06849,112
379367125.383308,2771
379367134.472372,1152
379367139.583526,9030
379367143.322324,12584
379367147.48576,1756
379367148.885022,1741
379367155.578194,12607
379367156.177485,2515
379367164.964056,1470
379367170.502234,2547
379367177.921356,280
379367184.292093,1861
379367188.169787,12798
379367192.974942,12686
379367201.217393,1474
379367206.08688,1006
379367213.216781,12692
379367227.571935,12251
379367243.549284,485
379367247.871742,12719
379367258.924637,91
379367264.969464,3807
379367274.627134,13190
379367283.945531,12896
379367292.487193,12831
379367299.45286,691
379367308.726981,99
379367315.597699,1509
379367326.529835,6800
379367334.618919,540
379367343.240576,151
379367349.077009,872
379367361.14868,7458
379367366.343306,1098
379367373.725447,2944
379367378.543594,13057
379367385.625645,6225
379367389.814786,12894
379367397.44748,811
379367401.399863,12961
379367408.630896,12913
379367416.034679,2532
379367421.192562,2866
379367432.815495,13331
379367440.000946,3322
379367446.141355,12983
379367455.866276,1476
379367465.262763,678
379367481.378422,8627
379367491.865916,2291
379367503.789838,3567
379367510.005032,13049
379367513.717319,602
379367521.582688,13108
379367522.895541,4222
379367529.392459,1322
379367535.250727,13178
379367545.520769,6292
379367551.271499,4635
379367565.326912,13173
379367582.014306,13164
379367589.116821,101
379367609.238112,1663
379367621.865978,8701
379367638.88262,5177
379367657.486501,118
379367668.596311,13155
379367673.422955,562
379367682.870954,533
379367689.579794,151
379367691.356348,3358
379367694.988816,9813
379367701.311156,6771
379367704.388727,7991
379367706.893229,10171
379367711.906757,13126
379367717.34248,13122
379367722.288995,13154
379367730.248864,3584
379367734.089709,1263
379367742.765938,777
379367744.413344,1317
379367749.836122,1406
379367754.735288,13072
379367757.845177,4147
379367759.221487,152
379367766.857248,13024
379367773.618356,2222
379367773.796292,7353
379367783.879538,218
379367794.339765,5616
379367811.927962,230
379367834.275566,228
379367838.629641,12948
379367854.034431,12940
379367867.81021,583
379367888.314996,12874
379367903.932763,12921
379367917.499672,12878
379367929.233798,12880
379367933.585128,11138
379367944.877159,12792
379367969.590014,13148
379367984.637323,13269
379368004.409776,92
379368011.982192,12831
379368029.284923,1524
379368038.950429,9843
379368057.87555,12706
379368072.185969,118
379368086.384942,13028
379368100.76797,12614
379368115.242677,12623
379368140.914985,12621
379368153.377736,11197
379368159.652277,12585
379368172.632056,11460
379368181.021751,468
379368206.558076,85
379368223.380914,6571
379368232.66709,169
379368245.214623,1501
379368258.421555,12795
379368280.465306,12697
379368303.293904,128
379368317.677407,11216
379368325.815267,85
379368341.260324,1494
379368348.167577,3336
379368355.280922,1463
379368369.651294,12468
379368386.703551,2268
379368394.253088,1413
379368407.720081,9786
379368425.304352,9135
379368434.070215,12791
379368455.773694,8001
379368465.210636,4817
379368472.684658,12926
379368487.776862,9368
379368494.92924,181
379368507.045217,1582
379368516.210195,12620
379368523.069501,1498
379368535.047113,4429
379368557.226413,9439
379368579.462159,2509
379368586.898199,5725
379368596.583276,921
379368608.187105,107
379368623.710823,12834
379368634.792765,8396
379368647.506876,11224
379368660.948134,10029
379368674.52679,3274
379368686.27249,11041
379368694.598593,1540
379368708.733988,6125
379368720.741889,12398
379368739.930741,12911
379368753.637485,13363
379368763.925597,1797
379368784.35628,5441
379368806.173136,13109
379368819.642892,13185
379368836.43811,135
379368852.191994,13123
379368868.599169,13085
379368876.253669,7659
379368889.87689,521
379368903.223695,1436
379368921.464075,13365
379368946.465314,13144
379368959.425223,8423
379368963.889408,6179
379368974.841663,128
379368994.525942,10045
379369009.773938,12565
379369020.778768,1537
379369040.210196,13151
379369050.146504,816
379369067.805093,5130
379369080.971913,13074
379369099.591565,13091
379369113.387273,107
379369119.403989,2520
379369136.845553,12989
379369140.903532,13324
379369146.371204,87
379369149.638341,2662
379369153.400106,389
379369156.04308,9693
379369160.826587,5808
379369167.138967,5868
379369168.308825,12295
379369172.653208,1499
379369175.648522,3149
379369181.18749,5606
379369182.824007,5204
379369186.234019,1908
379369189.175912,12920
379369196.05089,2375
379369199.065814,1075
379369202.647059,12929
379369207.639158,141
379369210.309168,9965
379369215.962459,12862
379369219.844767,5350
379369220.249944,849
379369231.737846,2185
379369251.603525,12863
379369259.732295,3569
379369265.697733,306
379369269.882767,1515
379369279.188253,6932
379369294.523796,9458
379369306.75642,520
379369317.019218,94
379369318.676119,96
379369321.123169,429
379369324.818537,5465
379369329.539734,11892
379369334.10983,5668
379369337.404485,1398
379369344.023763,12766
379369348.771047,10573
379369355.328329,12230
379369358.424087,2858
379369369.362961,2042
379369375.960454,1500
379369382.238661,10563
379369384.417057,13304
379369392.40699,8228
379369398.742502,5098
379369411.543079,1502
379369426.504288,85
379369446.354714,12599
379369459.308042,1539
379369472.004659,2121
379369482.419446,7237
379369490.381588,4701
379369501.868379,1745
379369511.864903,5445
379369520.911389,12402
379369531.349673,4591
379369545.276176,1515
379369556.361213,8049
379369573.636186,5123
379369589.027659,3047
379369601.450001,12449
379369615.940229,95
379369625.300801,275
379369645.611186,12787
379369651.287634,12433
379369665.27077,10835
379369681.798572,89
379369699.466115,1035
379369713.310766,1507
379369726.318673,12578
379369740.752167,3696
379369752.919484,12749
379369768.036637,1491
379369778.280716,12608
379369797.226539,12561
379369815.366139,6937
379369824.090568,1434
379369836.186326,12692
379369844.381974,12644
379369859.902637,12634
379369869.955234,8006
379369894.583544,12821
379369912.465102,953
379369929.236559,1639
379369946.101119,464
379369964.304524,8578
379369979.371603,1438
379369988.290447,12961
379370003.100601,1520
379370027.119116,579
379370036.31935,12927
379370046.585407,4488
379370054.780717,12948
379370062.656159,2600
379370077.304968,12987
379370090.851098,859
379370099.737278,6140
379370116.720163,603
379370136.082077,1797
379370155.267607,13051
379370175.168277,7251
379370195.026272,10460
379370213.2673,7532
379370227.568692,111
379370253.398619,13225
379370277.627349,13211
379370290.394987,13204
379370309.405409,13169
379370315.945369,13040
379370337.910579,13163
379370353.889191,836
379370371.445816,13106
379370385.551626,13055
379370400.498429,100
379370410.389132,1574
379370430.383577,977
379370440.206223,1207
379370454.461722,5869
379370468.126734,1472
379370488.96961,12984
379370508.911853,8155
379370525.369996,11508
379370546.553347,3255
379370563.124163,12872
379370585.73274,12884
379370596.804697,1570
379370610.477797,946
379370626.591395,1582
379370634.133484,246
379370650.177564,93
379370671.081494,1004
379370686.188676,101
379370703.099828,12952
379370721.949489,3016
379370730.360571,2157
379370747.194147,102
379370758.415815,2209
379370775.268509,2736
379370786.92066,5899
379370797.441163,12569
379370808.344203,1487
379370820.002286,8172
379370847.253894,9870
379370855.322623,12647
379370870.76007,12455
379370885.93846,12457
379370897.660091,12507
379370913.158341,111
379370922.128567,1545
379370930.560667,5426
379370942.502664,1446
379370960.170334,101
379370968.185115,12446
379370984.457939,9016
379370996.484346,95
379371013.777758,12501
379371036.312013,12486
379371052.340461,1484
379371069.674728,12513
379371092.993078,1464
379371111.962919,96
379371133.64207,13150
379371150.2966,562
379371160.150121,11196
379371179.072472,12678
379371186.870276,2974
379371199.400417,12721
379371216.709776,1508
379371228.127268,6202
379371245.08722,10291
379371265.551375,8593
379371279.696091,12853
379371298.24836,12934
379371306.566131,12868
379371332.84543,8829
379371348.664144,10212
379371367.255983,12930
379371379.37259,3711
379371392.790222,4668
379371414.621485,12963
379371432.434885,10310
379371452.027251,436
379371463.691618,1486
379371476.913566,1462
379371488.606433,12080
379371511.524824,3063
379371520.745509,11813
379371529.162407,6020
379371539.823022,2935
379371545.138974,81
379371557.46012,94
379371558.408968,440
379371567.785141,13128
379371583.695286,13198
379371592.124232,1364
379371609.932532,8104
379371625.007077,282
379371643.429803,1050
379371664.625017,6503
379371684.327857,2912
379371694.452595,2842
379371714.51158,1537
379371733.858347,164
379371746.933097,11327
379371761.587978,13018
379371772.527853,13186
379371788.699711,3056
379371808.864627,5127
379371819.068731,12990
379371835.699526,155
379371871.81959,12911
379371888.587479,12909
379371900.648475,1745
379371910.401188,12883
379371923.987155,107
379371944.009133,8090
379371958.503968,5259
379371968.68855,12746
379371990.492586,175
379372001.64553,1693
379372030.504727,378
379372045.224818,103
379372058.195483,12769
379372067.676432,1654
379372083.178427,12884
379372102.403622,3991
379372113.157112,2425
379372121.26947,12604
379372142.094297,12538
379372149.841008,4806
379372168.047529,89
379372177.480906,6770
379372180.717576,12614
379372192.779301,12515
379372203.080919,90
379372222.384778,7679
379372232.150058,12416
379372251.657377,1494
379372280.210212,102
379372292.201571,133
379372300.332813,8404
379372313.174193,161
379372321.404033,131
379372325.625845,2515
379372337.854125,12797
379372352.811405,533
379372363.90024,1499
379372372.949548,731
379372388.876076,204
379372408.028206,12601
379372419.579636,198
379372430.571102,11950
379372441.96801,13214
379372461.019154,655
379372481.469388,12688
379372497.918032,10766
379372508.686234,4387
379372521.21519,492
379372532.881194,12922
379372547.972663,939
379372562.5643,804
379372576.614024,621
379372589.405187,12771
379372609.48738,107
379372621.071143,12826
379372633.523776,9957
379372642.658862,119
379372654.075533,82
379372685.080371,1521
379372698.3729,12916
379372719.033221,12929
379372726.972484,10751
379372738.000905,109
379372758.103102,3910
379372775.50455,4767
379372790.567271,3987
379372810.316428,13156
379372820.078576,13064
379372829.363929,13077
379372844.368023,5634
379372856.484466,13390
379372875.759551,13158
379372891.633619,13158
379372914.273495,13168
379372928.827526,9993
379372946.390324,13258
379372972.485592,13206
379372989.294777,1485
379373010.888737,755
379373024.376581,6585
379373036.117939,1508
379373047.308827,878
379373065.356305,9065
379373088.41989,13032
379373102.273439,259
379373121.503676,12979
379373145.077936,1505
379373170.373206,13063
379373190.27486,114
379373207.226433,12923
379373228.131947,346
379373245.323129,2996
379373257.611436,3013
379373271.451912,4453
379373293.216427,12843
379373304.824063,1509
379373315.201196,13044
379373323.302639,88
379373335.330967,4091
379373346.656321,11572
379373356.720135,7395
379373377.181681,10646
379373380.481664,2867
379373406.407824,831
379373416.36685,12627
379373434.006166,1486
379373447.084808,1301
379373460.73528,9724
379373475.154368,82
379373485.747018,12959
379373500.904944,1349
379373516.093133,12463
379373530.389841,12450
379373552.474622,107
379373567.841617,958
379373588.905122,1444
379373600.023672,89
379373631.28167,9808
379373636.538371,12935
379373647.926575,4100
379373657.894085,938
379373676.562044,12425
379373686.751606,8696
379373698.67989,3093
379373708.95619,4866
379373718.821108,12603
379373730.323081,604
379373755.010668,1148
379373772.443955,12616
379373794.489876,1389
379373815.095975,4921
379373831.03535,10524
379373852.959148,1475
379373861.823434,12688
379373886.101701,12712
379373904.540452,12742
379373913.78444,12802
379373929.42035,12748
379373939.453661,2377
379373957.468115,1515
379373967.688312,7199
379373981.777278,1499
379374006.325907,1484
379374014.979767,12931
379374032.163587,613
379374032.172561,656
379374032.506771,104
379374046.076222,12892
379374059.471878,125
379374069.673193,13021
379374082.310314,1460
379374095.38904,13042
379374116.842715,108
379374130.219278,10570
379374135.095192,13256
379374151.490063,1883
379374164.112525,7460
379374179.361133,13145
379374208.788181,3822
379374228.985052,13192
379374238.286,6089
379374257.975306,11498
379374269.496858,6441
379374283.489577,4564
379374305.830732,5524
379374319.957665,1479
379374340.722636,3187
379374352.942682,13343
379374365.999326,1410
379374387.92119,295
379374407.987513,100
379374430.884157,13060
379374451.280526,559
379374458.455807,12990
379374471.336885,13006
379374487.764758,2057
379374508.477622,13086
379374520.287019,4308
379374536.297853,3740
379374554.428909,12843
379374555.511719,1489
379374572.170535,1469
379374590.051481,1424
379374602.181055,1355
379374619.350203,12809
379374633.183224,12889
379374649.323966,12713
379374663.437024,6422
379374681.567545,3385
379374697.740075,6930
379374709.59401,12703
379374736.938242,7984
379374745.68632,1068
379374762.933785,6234
379374780.227373,12594
379374789.692402,12580
379374811.802192,12504
379374820.689249,1504
379374853.10781,6683
379374872.00065,753
379374882.897664,12535
379374892.122163,139
379374896.543124,4563
379374910.56333,7575
379374928.560566,94
379374937.744363,1445
379374949.110723,1424
379374970.198035,12458
379374984.620735,1451
379375002.659026,3278
379375013.397449,362
379375021.467654,12465
379375030.109291,5195
379375059.793358,3595
379375072.684848,290
379375087.844257,537
379375100.682828,12579
379375118.107529,1513
379375131.812838,12477
379375133.350009,13416
379375153.308372,1921
379375162.132829,10886
379375179.102363,11967
379375190.769162,8224
379375225.174023,6874
379375234.707737,123
379375260.862572,1459
379375275.652744,1632
379375294.140508,4149
379375304.41687,378
379375312.578459,3462
379375340.984369,1526
379375355.522593,107
379375376.38177,866
379375385.584554,5479
379375394.658151,1442
379375395.774434,90
379375417.706233,1189
379375437.466113,6415
379375462.289105,1379
379375477.442958,1599
379375490.125124,9077
379375514.30457,1265
379375532.288902,1461
379375540.920598,1542
379375559.28592,2223
379375578.216195,1455
379375591.520135,1476
379375614.156176,13161
379375632.003353,3362
379375651.078255,1567
379375665.320993,94
379375679.941676,13246
379375703.219971,13045
379375715.348107,13084
379375731.20854,4236
379375744.40806,178
379375753.759555,13358
379375774.168896,491
379375791.746085,1106
379375811.376673,2967
379375825.376462,9105
379375838.666808,5585
379375854.712042,12872
379375872.698349,13097
379375888.462017,363
379375894.880289,5662
379375913.740646,507
379375932.489511,850
379375946.18629,192
379375968.212247,1669
379375984.805382,12936
379375999.962939,12684
379376013.024001,12713
379376024.812097,1516
379376046.264666,1850
379376067.447173,5273
379376078.634084,12589
379376093.206622,300
379376102.642962,797
379376115.011229,1468
379376133.086066,4089
379376142.206081,12519
379376149.572623,12975
379376163.196123,299
379376169.470636,1419
379376187.0218,9434
379376198.891373,1473
379376212.704641,12689
379376226.746787,1746
379376233.351536,5359
379376245.606078,10005
379376260.029721,12551
379376278.466232,275
379376293.744261,12427
379376299.38843,5985
379376309.237197,1400
379376324.827747,105
379376341.191643,12552
379376356.490084,535
379376369.590595,845
379376382.749481,692
379376400.023004,1011
379376412.032209,12567
379376418.670567,6097
379376429.199245,12629
379376445.313812,3001
379376462.298898,958
379376485.277141,7728
379376507.309223,10067
379376518.714774,12731
379376541.686868,3822
379376551.059025,13300
379376564.746625,3415
379376589.505062,1635
379376598.040452,9167
379376607.843099,1462
379376620.957116,12990
379376631.943124,3940
379376641.02035,12589
379376656.873259,13060
379376682.101863,8279
379376692.529885,792
379376704.455435,12900
379376712.921011,12978
379376725.350313,116
379376738.128662,1506
379376755.276624,2396
379376771.38225,13430
379376780.851837,5293
379376792.200755,6761
379376814.40027,13112
379376838.041408,13327
379376853.707334,13151
379376859.491562,13228
379376882.989525,8059
379376895.392208,5552
379376902.267018,13410
379376917.696084,4572
379376926.896731,282
379376940.225318,13227
379376956.243812,4579
379376975.31893,4954
379376984.130246,9771
379377004.712498,13087
379377021.236648,2816
379377045.634083,6826
379377054.402494,3668
379377069.383125,114
379377079.034525,13047
379377087.407313,1042
379377103.013279,3859
379377122.580986,667
379377138.534196,12968
379377149.092341,9939
379377165.69567,8222
379377188.161611,5054
379377203.734991,12895
379377217.667585,3543
379377225.681633,4973
379377238.231331,1528
379377252.664472,3212
379377266.501362,1917
379377277.533832,572
379377281.647914,12951
379377291.921697,8044
379377315.329431,1013
379377328.67689,1472
379377342.432307,5561
379377362.08976,112
379377377.076603,4808
379377395.127036,498
379377409.242732,505
379377420.330379,12867
379377430.317037,6510
379377453.822109,4605
379377467.006642,1511
379377495.628271,12526
379377507.777923,2090
379377514.631869,12724
379377525.423767,251
379377536.622886,259
379377549.813691,5431
379377562.682107,91
379377566.44603,12389
379377586.063308,280
379377599.978717,12376
379377612.515294,1297
379377623.390112,12431
379377633.42228,1063
379377647.536221,12498
379377684.773648,13068
379377700.193886,154
379377712.36543,12506
379377737.6346,12572
379377746.557269,12606
379377755.206712,923
379377759.542234,12620
379377771.843678,440
379377777.072836,1785
379377794.815245,7305
379377808.234948,12683
379377824.554671,314
379377836.652299,12732
379377839.732961,10188
379377857.930858,7531
379377873.307855,12723
379377887.155832,1702
379377895.786115,7686
379377905.171553,12954
379377920.816243,5060
379377945.281179,13066
379377963.476941,13156
379377973.833391,3169
379377995.69249,12970
379378010.174268,12903
379378018.863253,11297
379378032.294005,13112
379378040.03416,9823
379378057.62985,12988
379378066.212944,13128
379378088.720684,13070
379378101.785341,13177
379378122.235123,1441
379378139.617543,13069
379378149.313215,1434
379378162.677581,6074
379378177.250818,13089
379378189.027172,135
379378214.673231,1379
379378227.252512,6674
379378236.804482,13409
379378248.447186,7511
379378256.725477,102
379378262.675665,1272
379378268.842635,13180
379378286.06065,13167
379378299.845203,13138
379378313.118604,982
379378326.399608,4608
379378336.732481,198
379378354.362289,13238
379378379.601995,330
379378388.552002,862
379378404.532602,12990
379378418.911318,841
379378436.987232,129
379378446.281385,138
379378464.979439,6853
379378478.557873,407
379378484.612783,1451
379378501.034068,5200
379378516.842537,1995
379378530.462373,87
379378546.546134,12951
379378551.778556,8376
379378563.676331,12864
379378579.879875,12914
379378582.429749,134
379378604.479264,994
379378625.277886,480
379378642.138647,239
379378650.796121,621
379378668.935404,82
379378676.894064,12406
379378687.122916,10030
379378707.661814,12502
379378731.635898,4200
379378742.726567,472
379378750.355537,92
379378765.077557,252
379378775.9491,12775
379378798.479743,12524
379378815.996719,12519
379378826.15431,9689
379378838.090808,12624
379378848.428002,12429
379378870.014014,538
379378880.908742,12789
379378897.130737,6096
379378915.148423,2982
379378930.071009,2938
379378937.726348,1436
379378950.452888,6208
379378974.492175,532
379378975.250576,739
379378973.182742,89
379378984.715545,13077
379378997.269845,12539
379379013.473399,2694
379379029.319554,1468
379379041.201179,690
379379056.401259,10175
379379070.025309,986
379379088.298201,10784
379379098.179195,12585
379379109.609536,12652
379379124.980226,12666
379379134.929322,1100
379379140.407598,12850
379379163.194571,536
379379188.252433,12748
379379198.631013,12754
379379211.356638,1373
379379218.623191,1487
379379233.004421,7491
379379250.087291,84
379379264.272557,771
379379279.38935,13029
379379289.809749,10559
379379300.829699,13295
379379320.071949,12916
379379324.567458,12901
379379339.953277,12328
379379354.573505,13239
379379363.132945,12949
379379373.353866,3584
379379391.978457,12988
379379404.363768,4851
379379421.516858,173
379379438.056571,13210
379379446.42939,3434
379379465.142874,13104
379379474.787126,1024
379379485.69558,1468
379379505.062353,1495
379379516.615108,13201
379379530.635898,11064
379379545.526366,8777
379379562.070298,12994
379379586.407239,1425
379379603.623385,1329
379379613.436242,1456
379379625.448858,4863
379379646.877118,173
379379655.337217,13101
379379671.00466,13106
379379685.900074,10564
379379703.221889,8844
379379711.633345,1520
379379725.47214,1797
379379743.983792,10439
379379751.735014,1507
379379763.063327,104
379379777.996002,11992
379379790.924712,3171
379379809.460176,1212
379379816.277174,123
379379832.150363,967
379379853.228208,13050
379379866.216908,1472
379379881.581468,828
379379888.7872,8657
379379907.656257,12947
379379924.305769,12790
379379935.591573,9446
379379946.573864,6901
379379970.4792,12934
379380008.970545,13335
379380022.318751,85
379380035.761065,1080
379380051.715539,115
379380061.061209,12590
379380075.037876,9572
379380080.911143,94
379380100.139612,2599
379380109.349069,1727
379380122.395589,7481
379380135.461399,12562
379380152.829454,12478
379380168.582978,4677
379380178.362946,256
379380195.054942,7369
379380216.613403,137
379380227.507475,1716
379380242.501743,11942
379380263.675513,12092
379380275.484486,12459
379380294.399309,3955
379380317.116192,4382
379380341.224267,12687
379380360.270259,12455
379380369.816306,13233
379380391.20627,81
379380410.973095,4020
379380423.062089,1302
379380436.179804,3962
379380447.500984,12687
379380464.52992,13297
379380478.759118,13005
379380490.166137,4744
379380506.374796,12211
379380520.414302,255
379380539.815518,1489
379380544.019112,102
379380555.549885,91
379380558.994821,9290
379380568.282776,10568
379380591.03296,449
379380610.522987,5278
379380627.733794,1469
379380646.449527,9954
379380665.795982,5015
379380683.969872,1508
379380700.337213,12962
379380715.11487,1479
379380732.732736,12987
379380745.613489,95
379380755.805915,13148
379380768.311408,8765
379380782.088628,12464
379380793.607837,1548
379380804.105495,12920
379380812.821723,13111
379380820.207835,1448
379380838.773476,984
379380858.13885,3761
379380872.012554,2121
379380888.377157,1715
379380906.913197,490
379380925.88302,1432
379380937.967672,13211
379380955.047187,3313
379380963.706834,13155
379380980.687178,4154
379380997.367044,13238
379381017.262381,1418
379381035.418562,2332
379381062.669699,1095
379381076.517286,13010
379381096.674632,121
379381112.861689,12932
379381129.049017,12888
379381141.723468,13150
379381155.620281,13023
379381173.047175,4067
379381185.730282,12651
379381201.415445,8257
379381209.733431,12936
379381231.420234,955
379381238.221162,5084
379381252.172105,12771
379381276.816053,12743
379381292.632625,1154
379381303.390962,2985
379381320.920423,1482
379381341.368755,11097
379381354.147523,7995
379381371.831506,2784
379381388.346517,12835
379381401.827969,12017
379381416.864966,12570
379381426.59632,1854
379381443.862841,118
379381461.343881,12542
379381489.309169,12622
379381499.836551,115
379381507.527947,5527
379381517.784421,140
379381528.39579,12394
379381549.018234,12527
379381570.711453,12381
379381585.769793,12794
379381601.597514,12577
379381612.130886,111
379381628.502782,12123
379381639.256848,1744
379381652.493927,4773
379381664.859362,117
379381695.179089,12541
379381709.561883,100
379381721.58133,8708
379381734.053447,12616
379381745.750293,5941
379381761.593206,4260
379381782.3737,6252
379381802.591475,12133
379381813.387586,1750
379381828.141703,540
379381836.752396,260
379381847.988241,12768
379381862.346101,89
379381870.118028,12841
379381881.713005,13054
379381891.512314,12818
379381915.146516,140
379381916.270375,2073
379381935.474068,1457
379381962.704538,13208
379381973.217614,13108
379381991.429247,13139
379382003.820164,1436
379382021.805029,2831
379382038.282303,179
379382050.204217,99
379382061.371995,13227
379382080.224462,5160
379382095.03304,13030
379382108.25932,121
379382122.469595,132
379382136.142798,4983
379382143.280043,174
379382159.603406,13107
379382171.040512,6311
379382194.197606,1822
379382202.822703,10096
379382219.63368,1507
379382237.740177,6453
379382248.025442,1395
379382261.851451,1427
379382286.451802,5276
379382312.10213,984
379382333.776923,590
379382343.093133,1251
379382364.736518,10446
379382375.709096,2365
379382386.405287,11463
379382402.884376,13017
379382421.20505,12984
379382438.147087,4033
379382447.242303,13028
379382455.310131,12949
379382463.96543,1506
379382479.482864,278
379382486.548792,13140
379382500.249503,13003
379382524.295112,2338
379382538.143822,351
379382558.194779,1514
379382568.803826,133
379382583.188371,12872
379382594.297614,9779
379382603.545004,99
379382616.388086,10747
379382630.799016,974
379382644.696458,10190
379382662.067308,12675
379382680.691651,1452
379382701.046911,121
379382709.289068,12602
379382734.116598,12611
379382754.885293,6022
379382762.091078,13380
379382785.24109,12622
379382795.952899,207
379382809.146179,12623
379382829.694317,3852
379382836.569116,12478
379382850.716459,12429
379382867.632997,1460
379382883.044136,12415
379382895.826795,887
379382912.833816,12432
379382927.369362,1819
379382949.850699,2164
379382961.004072,12450
379382972.726769,12513
379382991.99704,1486
379383008.369481,12356
379383027.196551,5039
379383047.062476,1346
379383064.153539,129
379383069.22633,1359
379383081.664718,12609
379383098.529744,12921
379383109.397763,10723
379383121.359481,13204
379383144.429636,1481
379383149.493792,1539
379383165.402992,3382
379383180.842371,12735
379383194.710531,6130
379383204.012549,12818
379383220.139157,12767
379383235.257173,1085
379383242.499798,12869
379383260.393434,3688
379383277.336813,185
379383285.349566,4375
379383291.803614,13301
379383310.163001,832
379383325.682836,8809
379383337.068009,111
379383348.490156,103
379383358.957167,12985
379383378.93115,582
379383390.507583,5154
379383407.789446,13219
379383414.266527,10633
379383437.361057,1323
379383464.627496,13225
379383475.74171,90
379383495.456698,6112
379383519.756817,4853
379383531.590991,13215
379383539.502431,11944
379383564.178469,13197
379383586.571502,13423
379383600.103882,201
379383618.740352,5721
379383635.096721,13145
379383650.416626,9367
379383667.10171,108
379383685.039735,7538
379383697.039501,2508
379383711.680868,96
379383714.444021,13002
379383723.251812,12994
379383733.464411,1528
379383743.837848,13010
379383753.501918,3189
379383760.474843,12982
379383773.329124,1396
379383785.101105,13024
379383803.399499,12867
379383823.359298,5420
379383838.438439,1595
379383846.426979,5929
379383864.051742,12868
379383885.918847,6585
379383893.138324,12748
379383907.765526,90
379383921.078458,6452
379383934.672039,12777
379383954.162326,1460
379383968.476113,12806
379383981.631896,186
379384001.778393,1495
379384028.208258,9840
379384045.587076,12643
379384057.465134,2885
379384085.047649,12658
379384103.894845,1356
379384120.710466,322
379384132.439181,446
379384157.73767,12654
379384172.53513,12470
379384185.875554,12419
379384195.858063,12399
379384207.844318,1535
379384225.582931,12389
379384234.081916,12429
379384243.731654,201
379384260.245908,251
379384265.459092,13108
379384286.685099,11856
379384297.805279,4715
379384312.083943,13268
379384322.957348,1792
379384339.254257,7869
379384353.407024,12586
379384365.097573,121
379384381.492792,156
379384397.129076,12596
379384417.486927,12968
379384427.680728,12908
379384450.380391,2845
379384462.614648,1506
379384474.707957,12728
379384480.915939,12695
379384495.302004,95
379384504.847329,619
379384524.997092,12783
379384534.80419,1282
379384548.734087,3397
379384568.673964,12850
379384579.926383,8398
379384606.385177,1832
379384619.521028,724
379384634.462316,2094
379384639.814307,1696
379384655.017466,2211
379384673.001297,477
379384697.592553,10603
379384698.229752,8049
379384702.536024,13079
379384725.612704,8965
379384740.479275,1529
379384749.83381,13080
379384770.432989,10902
379384781.343809,5219
379384797.034857,1646
379384816.029594,4016
379384832.435409,1220
379384855.880938,90
379384870.54451,6724
379384883.270644,1563
379384900.657029,13187
379384919.20585,1461
379384938.398213,13098
379384957.294071,13266
379384961.5482,12492
379384988.614604,1261
379385001.414173,13019
379385006.153048,13042
379385021.478776,5323
379385036.108272,13076
379385050.357556,12982
379385073.621934,13000
379385083.072384,9214
379385103.377507,1018
379385117.479413,4718
379385135.454631,12903
379385150.112646,10290
379385164.720528,12847
379385180.106537,5936
379385182.846247,13358
379385191.201688,5477
379385206.048097,1197
379385210.379402,12835
379385224.60129,6787
379385236.935726,12759
379385257.791169,1717
379385274.270866,194
379385296.336523,1064
379385312.988113,12697
379385323.906064,82
379385344.850373,12586
379385348.945584,12652
379385366.258058,1975
379385383.691101,12585
379385392.894253,12635
379385413.539365,1522
379385430.378849,12556
379385445.218867,725
379385464.802143,12565
379385479.730003,1490
379385492.007718,11558
379385492.306634,91
379385492.280841,326
379385504.538127,121
379385515.57008,89
379385534.458438,381
379385542.210694,12828
379385557.660859,12789
379385580.110011,1347
379385584.892816,9405
379385603.721723,7076
379385621.615101,12522
379385628.695378,12698
379385646.863072,11617
379385660.187282,12856
379385673.39122,5129
379385708.487227,12625
379385725.043654,111
379385737.160506,1009
379385753.369765,457
379385764.081751,1600
379385781.510309,92
379385795.501789,1454
379385807.538685,190
379385826.135664,3328
379385836.245871,1731
379385860.561675,12754
379385883.579613,11475
379385905.939572,83
379385921.76293,1399
379385934.183577,263
379385956.559882,694
379385976.854537,420
379385988.067773,8291
379386000.818572,821
379386018.592999,13139
379386029.928921,13059
379386054.573973,985
379386064.614332,4631
379386081.989412,13090
379386089.384013,525
379386102.939474,13233
379386125.65916,13121
379386143.573488,336
379386156.483781,128
379386170.817343,13186
379386178.610181,13230
379386202.223363,13197
379386221.701409,3658
379386230.119461,587
379386237.974979,2851
379386252.196844,13338
379386266.342911,10819
379386291.254449,551
379386302.070552,13113
379386310.30927,1778
379386330.095798,763
379386342.758524,1976
379386355.049097,13069
379386368.357468,13032
379386377.333044,5314
379386384.821903,11291
379386405.368706,1312
379386425.023779,995
379386445.259571,4466
379386462.711783,12854
379386471.96775,13333
379386493.219834,213
379386505.11505,1431
379386517.513185,3071
379386534.342589,4492
379386542.420243,12830
379386557.09049,8153
379386566.820803,107
379386576.518075,8303
379386586.890914,12751
379386607.660993,12841
379386620.328188,113
379386633.008019,1562
379386655.189307,12690
379386674.320368,12732
379386686.369829,136
379386696.873823,12613
379386711.207413,4478
379386721.58864,114
379386726.850601,3870
379386730.385829,101
379386739.968375,241
379386759.867585,1444
379386777.414688,1126
379386793.662754,10012
379386806.771521,1456
379386815.337431,7752
379386824.641708,9204
379386841.528425,12626
379386850.902425,1493
379386870.37848,12597
379386883.207965,546
379386887.822244,6545
379386909.244415,12436
379386916.155741,11447
379386938.111937,12486
379386951.469615,965
379386958.954635,129
379386975.37002,1563
379386983.761686,9824
379386999.914192,12575
379387014.667907,1473
379387034.060502,12656
379387052.999997,7087
379387065.569237,11053
379387075.938594,12685
379387098.731696,4088
379387127.390333,1526
379387137.040242,10938
379387148.864307,12775
379387172.602673,1499
379387181.882626,1790
379387197.416206,7486
379387207.248382,5926
379387221.377333,12855
379387236.466995,12886
379387256.73898,770
379387272.432165,12931
379387281.077384,5027
379387293.819366,1433
379387305.643392,13000
379387312.946492,6499
379387322.676133,12957
379387348.480839,9632
379387357.136968,807
379387370.77101,1037
379387381.590013,13401
379387392.913184,1320
379387407.599132,1589
379387422.459929,429
379387440.962279,969
379387459.936072,13413
379387479.074071,13168
379387491.490503,1774
379387502.888285,2462
379387508.925259,9911
379387524.568279,113
379387542.104416,13432
379387551.129768,1556
379387569.367029,253
379387590.815045,5634
379387614.047958,110
379387627.691085,13121
379387650.664256,1509
379387660.373075,13098
379387670.913741,7484
379387686.414138,12981
379387710.544233,5154
379387725.158462,89
379387742.156631,1309
379387755.954836,341
379387766.991001,12935
379387785.911098,7310
379387800.720553,5807
379387811.454619,1506
379387831.374351,1496
379387851.201048,7634
379387869.771479,11676
379387886.852797,12746
379387901.737914,334
379387920.803862,1472
379387928.649387,12747
379387945.456285,1521
379387958.071074,5386
379387973.425691,10487
379387983.128798,10450
379388005.162746,1105
379388017.957579,12623
379388036.600384,127
379388049.65855,164
379388057.204765,2074
379388075.370489,6316
379388084.148697,8801
379388096.421828,12508
379388112.417682,12492
379388128.856467,213
379388146.032924,198
379388166.584398,153
379388174.285277,5334
379388193.684356,3155
379388204.083274,127
379388216.749953,12414
379388234.910814,12437
379388248.671837,12610
379388264.695674,12472
379388275.462086,168
379388284.264054,12518
379388299.175679,12554
379388317.692266,12543
379388329.715533,100
379388345.864184,12703
379388353.979779,120
379388370.532845,2432
379388384.136236,12631
379388390.169516,1522
379388400.849676,5437
379388417.881804,1531
379388439.910089,12770
379388460.206808,13098
379388475.543558,12758
379388493.314991,7092
379388509.500087,12825
379388529.732317,12803
379388534.9887,598
379388547.508506,12806
379388555.994122,1465
379388574.171845,7874
379388577.977939,5947
379388597.939985,910
379388607.768051,7136
379388620.79661,204
379388638.338659,5877
379388655.90396,12981
379388661.128873,12998
379388684.474467,111
379388697.838029,3197
379388709.050246,8125
379388721.522999,119
379388741.374059,973
379388746.96452,13196
379388765.398076,1467
379388777.267929,102
379388791.817609,3640
379388817.835505,131
379388832.090878,548
379388844.28854,13193
379388856.603632,117
379388870.703821,13337
379388880.514049,316
379388894.343957,13218
379388917.700494,3941
379388930.38095,5448
379388941.101706,13071
379388963.346934,1450
379388992.100315,88
379389017.264319,8200
379389030.193927,6888
379389042.03849,9982
379389061.398221,1492
379389082.043157,246
379389105.501948,9538
379389129.93716,7854
379389151.727554,5237
379389171.353507,8159
379389187.326631,183
379389200.218868,11842
379389212.100152,12786
379389232.360144,7465
379389250.788697,12889
379389268.317503,195
379389277.77106,4933
379389296.582135,13132
379389308.53658,12605
379389321.390095,12086
379389347.92755,8881
379389361.113929,111
379389371.532887,12508
379389379.895337,12698
379389387.500054,12550
379389396.661993,8040
379389416.421187,12485
379389429.761447,12530
379389446.143611,12618
379389466.616686,12428
379389478.208984,3863
379389490.815518,4603
379389512.731496,823
379389525.489293,1409
379389538.434637,12373
379389560.156801,608
379389566.592312,813
379389575.753534,12459
379389589.203297,12466
379389603.169671,181
379389613.408622,12538
379389630.316513,1491
379389639.926365,12525
379389654.125868,2823
379389676.788312,12563
379389685.171565,12614
379389701.657002,720
379389728.355173,422
379389742.222901,170
379389753.452716,10950
379389772.84671,13186
379389785.641212,153
379389799.495384,664
379389822.353997,2813
379389828.870063,10476
379389841.942726,3633
379389850.54649,109
379389857.98562,12852
379389874.903392,12858
379389883.03027,5762
379389895.917144,1809
379389914.55417,4388
379389932.443322,12939
379389946.870382,9015
379389958.952934,5854
379389973.2767,9479
379389979.957426,1396
379389992.271196,1556
379390009.02702,3814
379390038.284278,1299
379390059.802752,6032
379390075.435631,13113
379390083.30744,5705
379390105.823904,2027
379390119.000504,11207
379390131.533218,10487
379390142.106636,5442
379390153.493395,13267
379390170.899347,9940
379390183.721616,1484
379390209.886196,11936
379390227.350225,6221
379390247.826385,2259
379390274.522787,13137
379390291.406665,1248
379390310.572717,1516
379390316.28008,5667
379390339.197458,13007
379390350.691441,13002
379390367.128827,119
379390380.517734,11585
379390397.410951,13046
379390419.481703,12900
379390434.453459,12903
379390446.562092,12928
379390464.843735,640
379390469.535183,98
379390478.172355,504
379390484.861055,13068
379390500.94979,12803
379390513.654082,435
379390537.782982,1472
379390553.238497,1503
379390567.150887,12713
379390578.329577,4336
379390593.207368,9064
379390610.001482,12677
379390620.276077,8035
379390635.077298,12681
379390648.69561,12807
379390666.11637,12701
379390690.772109,12715
379390708.443287,1503
379390725.788392,804
379390737.870488,12487
379390750.684703,12492
379390764.685339,126
379390767.00909,12518
379390778.164238,8084
379390793.429473,1019
379390817.514274,12405
379390827.46895,2868
379390832.688824,4248
379390844.489257,1295
379390847.70129,109
379390865.436045,11624
379390887.362837,6694
379390896.145879,100
379390907.706465,12455
379390922.662515,13308
379390933.119766,12516
379390951.813313,12716
379390963.032005,3414
379390984.555584,12892
379391004.540442,156
379391019.409842,12724
379391024.242411,12581
379391039.463605,98
379391052.1417,7884
379391068.138851,1520
379391083.774291,10546
379391099.592068,12677
379391117.159097,7287
379391134.217527,9229
379391146.944584,93
379391159.054289,13276
379391160.100716,3028
379391174.783659,5847
379391183.387169,12781
379391210.813696,11249
379391221.738043,5982
379391239.379836,13351
379391250.999595,12905
379391269.939824,12806
379391282.894952,1486
379391295.502059,12920
379391301.172893,13018
379391318.046513,12978
379391330.207986,104
379391338.251486,12995
379391372.098487,2950
379391377.321118,4263
379391392.472869,7743
379391413.802463,1533
379391434.510086,368
379391448.475149,13188
379391464.989181,450
379391481.929875,13192
379391489.063209,11846
379391500.54861,10201
379391505.995022,13259
379391518.449149,3860
379391540.173652,243
379391556.053382,8732
379391572.587004,410
379391592.857923,7435
379391609.489551,7088
379391615.079483,4468
379391617.678619,6131
379391624.972887,13084
379391638.292571,13066
379391658.362578,1057
379391669.677643,2687
379391679.808182,13035
379391688.999573,8051
379391697.677704,12970
379391723.126805,13111
379391736.79446,4495
379391747.302072,2204
379391762.267691,12906
379391782.322873,13025
379391789.665365,8088
379391809.521697,10337
379391828.734192,892
379391837.592092,2106
379391850.600968,1575
379391855.773041,421
379391874.973038,333
379391891.294689,1550
379391899.390617,12712
379391914.590798,12916
379391935.658756,12997
379391945.647004,12663
379391963.996538,12963
379391974.027269,9445
379391989.253444,12993
379391998.959877,197
379392014.524617,12565
379392032.051296,13280
379392046.975569,3972
379392072.706915,12537
379392082.31449,1571
379392102.067581,12458
379392112.298181,2422
379392132.311244,541
379392149.453024,1487
379392158.382931,12411
379392177.885112,6139
379392190.651714,12691
379392206.416211,12762
379392220.515571,3096
379392232.302613,3524
379392239.179046,318
379392256.958063,12488
379392270.963366,1298
379392287.286542,5132
379392298.88423,81
379392314.874074,1514
379392338.797466,1483
379392357.978367,88
379392375.518407,8896
379392383.327607,12811
379392398.415283,13001
379392415.654195,682
379392424.439177,4747
379392440.802356,1478
379392455.177317,12751
379392465.590415,6249
379392474.905087,12942
379392487.403624,12485
379392497.197037,126
379392516.035421,103
379392525.468047,12789
379392525.248437,12956
379392528.481555,8313
379392547.325104,7062
379392556.159996,7032
379392563.834782,12882
379392571.587707,179
379392585.077486,1457
379392601.037054,8038
379392620.638464,12944
379392643.619304,12164
379392657.46259,2914
379392670.758633,13262
379392692.729943,13085
379392709.977963,5313
379392733.548701,9680
379392748.233198,13128
379392767.489814,3621
379392778.105631,8781
379392784.484619,13185
379392806.524722,1521
379392817.076168,1313
379392838.783796,13156
379392854.353633,11065
379392874.23128,7229
379392895.233008,5015
379392911.405,1488
379392925.864733,1607
379392935.710777,5737
379392948.251217,96
379392964.746001,1526
379392985.310781,13089
379392998.793675,2895
379393017.100775,13349
379393024.566117,12979
379393045.17272,12992
379393057.782086,542
379393076.374065,3631
379393094.713297,552
379393110.911772,12589
379393126.188845,414
379393146.705675,12954
379393169.170315,492
379393170.728038,92
379393178.401159,6787
379393197.330973,12849
379393204.038507,1297
379393216.275225,879
379393237.487209,3704
379393253.144195,12704
379393270.136185,3016
379393283.686757,12734
379393291.606891,250
379393305.254974,12619
379393316.532783,9005
379393335.407968,481
379393348.360297,12813
379393358.296625,12549
379393368.798066,540
379393382.590098,12504
379393397.257562,5355
379393418.466327,147
379393434.133628,606
379393445.379521,12493
379393459.584536,102
379393459.905393,91
379393471.398055,1467
379393483.848875,12512
379393492.494895,7399
379393502.681506,12397
379393511.173767,5416
379393523.526318,5007
379393530.908574,10332
379393548.252783,204
379393559.836606,2341
379393574.314913,6708
379393586.516726,224
379393607.218523,103
379393623.235714,2211
379393637.592867,1110
379393655.898618,2808
379393660.872775,12972
379393675.277489,1035
379393687.140643,1528
379393707.060934,9591
379393715.208632,7664
379393723.98683,9693
379393738.10269,1473
379393748.84446,261
379393767.040389,8012
379393779.472998,1707
379393800.016449,200
379393815.709388,11321
379393828.212617,12922
379393851.778345,4501
379393859.868618,9331
379393882.931229,406
379393901.579338,1381
379393912.023926,9057
379393912.966065,1260
379393926.270886,13098
379393934.673479,104
379393949.024445,3830
379393960.025133,415
379393967.357583,9561
379393985.823885,10256
379394000.929362,107
379394014.51728,1642
379394029.106549,13078
379394051.400872,679
379394069.670814,148
379394090.086634,10574
379394095.761323,1491
379394118.034967,2994
379394129.239033,5256
379394141.279556,553
379394156.965788,13154
379394165.262768,1522
379394184.535481,137
379394198.738763,91
379394215.251811,13130
379394237.525951,1538
379394249.458743,13132
379394267.526815,13088
379394275.110999,3573
379394301.850668,13062
379394311.291942,798
379394331.424402,3456
379394346.306793,106
379394363.001713,1173
379394382.997481,2969
379394404.600779,5069
379394421.702664,118
379394432.429884,12966
379394445.205233,12862
379394454.842599,13078
379394465.340855,10895
379394472.917224,125
379394481.550925,1506
379394503.785378,10271
379394522.712367,12805
379394538.478411,1796
379394551.021141,12738
379394567.141335,12745
379394584.122285,13053
379394604.34475,259
379394632.323629,12686
379394638.923678,427
379394660.004389,12568
379394667.269223,12765
379394683.753931,12488
379394692.100773,12848
379394703.424497,6020
379394713.807926,352
379394725.142388,987
379394739.772516,12166
379394748.839269,12593
379394757.964112,12677
379394771.419514,13343
379394786.697653,90
379394804.580971,1479
379394818.246118,12635
379394837.824427,12409
379394846.872122,242
379394864.819013,5559
379394881.707216,12447
379394900.31101,1502
379394917.429555,12480
379394929.930518,12769
379394945.313543,12540
379394953.492046,12666
379394963.887562,2063
379394981.107121,12555
379394984.564804,1314
379395008.224173,13213
379395022.562141,5198
379395036.731315,7813
379395049.165339,716
379395074.02938,12696
379395089.535689,13126
379395112.123675,11847
379395123.635961,9363
379395136.162098,108
379395150.448492,1517
379395166.725802,108
379395194.241396,13105
379395206.113205,7300
379395213.598844,12919
379395228.152218,7168
379395247.38075,12935
379395258.594534,12987
379395272.804188,9968
379395284.891315,139
379395306.83052,132
379395330.366522,7194
379395338.265589,13067
379395351.070642,13044
379395361.948166,13034
379395384.887263,13129
379395409.436315,582
379395428.050321,13264
379395444.157384,13332
379395459.112538,96
379395480.185087,328
379395488.48761,88
379395498.120903,13238
379395506.58348,5227
379395522.356252,12032
379395540.994857,13145
379395563.073828,13353
379395578.095532,125
379395581.695809,248
379395591.769435,996
379395604.720412,1888
379395626.01079,1738
379395631.361344,13083
379395642.489279,4338
379395670.659064,13152
379395690.302815,12942
379395706.616195,82
379395722.6748,8472
379395743.123516,1672
379395756.877183,12999
379395765.124946,665
379395782.252458,12923
379395797.313789,558
379395810.293473,7443
379395823.351337,1789
379395843.879145,5633
379395860.913767,4191
379395878.398651,11250
379395886.718374,105
379395900.165782,7178
379395907.597372,1296
379395913.958111,12702
379395927.483149,354
379395938.981993,274
379395963.629165,193
379395975.885894,1508
379396001.639516,12895
379396016.178634,12558
379396035.583647,12787
379396049.837193,527
379396064.109503,13329
379396077.821861,3761
379396109.584409,120
379396110.659574,6737
379396123.374052,100
379396135.440963,1183
379396146.047102,12380
379396166.903292,656
379396173.900841,12403
379396202.82348,8242
379396217.89479,12502
379396226.193392,1470
379396242.114269,9893
379396258.127785,10510
379396276.578458,13193
379396298.40517,2880
379396312.354623,90
379396329.51621,113
379396339.649339,1291
379396348.297092,98
379396370.403294,105
379396391.014333,798
379396400.273827,1535
379396417.290478,12798
379396437.013653,4524
379396443.26248,12755
379396454.069161,803
379396476.735302,11582
379396493.239351,980
379396518.315038,7114
379396529.768412,1204
379396548.641835,12877
379396560.547995,12893
379396570.580245,510
379396581.724804,12920
379396593.490578,10577
379396607.270371,107
379396623.198048,13006
379396641.997407,12966
379396642.858716,4961
379396657.375507,8436
379396669.623285,181
379396677.402077,5304
379396692.537686,13071
379396714.634325,10751
379396735.70768,13142
379396748.255626,783
379396767.329667,13314
379396782.875673,13210
379396793.995175,13230
379396817.188627,13252
379396822.318961,13224
379396837.532433,473
379396846.362101,1399
379396861.668125,10758
379396881.425686,3089
379396895.409005,89
379396922.339091,1494
379396938.690054,13060
379396950.565265,1540
379396971.109202,13336
379396986.919014,1056
379396994.815978,13385
379397004.278802,8438
379397024.75562,1448
379397030.213071,8043
379397043.118654,2170
379397075.624824,7955
379397082.804936,13008
379397093.96652,13336
379397112.135165,1122
379397146.852396,12774
379397168.1156,2230
379397185.739272,7082
379397202.484583,108
379397221.242186,141
379397239.806892,5570
379397255.341333,12681
379397268.625565,530
379397283.123894,12611
379397295.722911,1507
379397312.070451,109
379397311.952017,268
379397317.169795,12713
379397330.74761,2416
379397343.416015,6885
379397359.947579,12516
379397363.4306,123
379397378.191938,12522
379397392.660512,13110
379397400.255865,12594
379397414.347121,6680
379397436.056027,133
379397450.677568,12421
379397474.544722,3076
379397494.93513,103
379397510.582784,107
379397529.312016,12457
379397546.535044,102
379397556.631496,87
379397558.566047,1998
379397572.978269,4147
379397594.280037,2683
379397600.313537,13128
379397618.723365,6728
379397635.414909,1655
379397647.676641,95
379397660.819178,245
379397672.503074,12958
379397675.795207,168
379397694.748124,12676
379397713.47038,100
379397721.170367,1551
379397732.437873,1955
379397754.401016,11989
379397769.556461,653
379397784.697514,7339
379397797.556372,1484
379397816.156379,4144
379397828.42508,1397
379397843.748618,6831
379397866.266087,7192
379397872.645978,97
379397881.173204,803
379397890.268296,1101
379397908.641752,961
379397918.633758,11604
379397937.256205,1652
379397953.638832,7596
379397969.800391,765
379397992.99747,1522
379398002.063547,87
379398022.085365,5202
379398040.43059,6178
379398049.13802,249
379398066.889601,8416
379398088.427543,812
379398100.539068,13183
379398114.875818,209
379398127.475809,1466
379398145.532604,3812
379398161.679427,9071
379398169.111713,7425
379398180.643864,13193
379398193.344549,13186
379398210.486931,7910
379398230.409011,88
379398239.51942,770
379398261.284728,13096
379398287.954796,815
379398303.810068,1542
379398314.932864,13125
379398327.180728,1536
379398339.74679,4803
379398359.583808,12966
379398381.844574,13090
379398398.26067,105
379398425.771155,4367
379398441.467877,1597
379398456.248255,13337
379398472.498217,13219
379398487.78449,523
379398493.23349,5494
379398500.725094,1893
379398512.857655,3322
379398530.345049,6143
379398549.670147,5313
379398561.362562,2465
379398579.709,3206
379398585.047612,2512
379398600.685213,281
379398621.746994,12847
379398631.802822,8032
379398659.729465,12579
379398675.164566,5387
379398690.282906,10702
379398708.239326,1466
379398724.761088,1468
379398742.954836,1546
379398759.275274,7233
379398773.9506,89
379398787.343396,12435
379398807.007675,12426
379398826.024427,12416
379398840.234654,85
379398864.443353,7699
379398878.694418,12714
379398895.664643,12482
379398906.67488,12763
379398919.816393,12548
379398940.925722,12707
379398958.896625,10707
379398979.827352,790
379398994.858649,96
379399016.760399,478
379399037.444032,434
379399053.868235,3660
379399075.020344,5699
379399096.925158,955
379399103.210792,6278
379399120.410545,1644
379399136.151924,12766
379399142.497299,93
379399150.66756,12867
379399157.322512,12842
379399166.984874,12858
379399181.20435,524
379399197.183662,6479
379399216.089942,183
379399236.79527,640
379399243.560766,12947
379399271.000661,1474
379399288.956864,11622
379399297.526206,8095
379399312.742271,360
379399321.25161,13058
379399344.742084,1333
379399366.494449,4017
379399381.685988,13119
379399402.36201,13234
379399420.320585,1812
379399437.725978,13182
379399454.154067,113
379399470.197575,1459
379399483.287056,95
379399499.255992,1432
379399519.71991,13128
379399552.98123,7519
379399571.704595,94
379399589.643056,13123
379399608.863535,119
379399620.107011,1541
379399635.844735,10501
379399650.599074,12867
379399666.927497,1473
379399686.163489,13149
379399705.243595,1558
379399719.465668,11657
379399730.468475,12933
379399752.278053,12892
379399757.841926,12915
379399774.568861,12844
379399792.616081,12814
379399814.767542,7641
379399826.245152,6977
379399845.003831,1486
379399862.286896,2575
379399875.905967,12933
379399885.389991,228
379399891.34501,1398
379399914.559444,12631
379399930.410892,12640
379399941.025539,12615
379399960.790834,1395
379399976.264289,1463
379399992.889055,2928
379400013.755106,12536
379400026.231623,12551
379400034.574469,4404
379400058.948622,87
379400073.409847,1430
379400089.662786,12407
379400104.301786,12426
379400117.994815,633
379400123.54181,12393
379400127.256775,92
379400143.664678,12424
379400151.520005,3651
379400168.246708,1249
379400184.834551,10512
379400195.827895,1486
379400206.703038,1646
379400220.13476,133
379400228.725016,632
379400244.806635,245
379400263.045944,13311
379400281.474967,4278
379400294.771039,5829
379400307.425169,13075
379400318.531981,12623
379400331.265247,573
379400342.342335,12666
379400358.61649,6982
379400372.583641,12197
379400386.254005,5457
379400402.377868,3793
379400417.434026,1469
379400441.096009,13009
379400452.523993,11375
379400473.50189,123
379400485.942896,144
379400504.186908,374
379400525.894152,13331
379400542.923426,1547
379400558.786199,12936
379400572.637544,1531
379400581.412638,180
379400590.682626,12947
379400601.481741,9225
379400608.496545,13075
379400636.755263,9958
379400656.004288,13093
379400665.619657,13031
379400684.328529,303
379400693.912626,7304
379400713.782498,3228
379400728.905013,1835
379400747.473571,13146
379400769.564076,10006
379400789.139535,13188
379400795.941045,13263
379400814.079177,9268
379400833.934454,139
379400850.196019,2142
379400867.540463,12281
379400888.251341,13170
379400902.70886,7262
379400908.420502,813
379400937.973287,222
379400956.527316,13006
379400973.967145,13370
379400988.885807,12956
379401005.530328,6037
379401017.219589,9154
379401024.508988,586
379401051.094207,144
379401075.868937,326
379401089.245446,83
379401108.765488,12860
379401126.366762,1646
379401140.13652,12783
379401155.63078,3281
379401167.675425,13090
379401185.937308,10260
379401201.896603,7633
379401213.071815,5666
379401224.81805,12880
379401237.866498,12694
379401249.137465,449
379401268.446666,12802
379401281.061996,6516
379401295.571319,135
379401302.593536,12578
379401313.770056,558
379401326.194008,12544
379401334.516959,12537
379401352.91442,12533
379401363.167731,294
379401373.362622,12689
379401385.166603,621
379401400.571456,2944
379401411.361241,115
379401423.654654,10274
379401439.313201,431
379401452.835699,12511
379401458.494693,584
379401465.846298,12361
379401474.604774,12408
379401496.820099,1492
379401505.03586,5731
379401521.149894,12503
379401535.720415,12482
379401541.218072,12640
379401560.769344,907
379401584.592601,3464
379401590.383293,13131
379401617.543925,12606
379401627.645544,520
379401638.166209,246
379401649.88474,1836
379401671.876474,3607
379401689.13425,11725
379401697.451406,6856
379401718.565099,280
379401737.262358,6501
379401754.817918,4184
379401769.379958,3322
379401779.070033,465
379401799.03864,12822
379401815.134233,12860
379401825.753534,116
379401851.419487,4128
379401864.200993,10121
379401883.303486,12910
379401894.350989,12922
379401908.638608,8397
379401921.877826,12968
379401941.843696,13046
379401949.81776,12995
379401958.107454,1412
379401973.159864,13043
379401986.346859,13069
379402002.751124,6428
379402028.422173,244
379402041.043542,89
379402047.966747,548
379402055.478271,87
379402067.490604,517
379402099.267207,13380
379402122.305381,143
379402128.684342,692
379402138.363443,13238
379402144.480454,12185
379402167.355876,790
379402180.167069,13107
379402192.991534,243
379402198.428246,3172
379402217.57705,113
379402237.394005,13320
379402249.523123,13135
379402259.554415,13122
379402273.473848,1506
379402292.388224,13155
379402315.951663,130
379402326.951742,12985
379402340.063195,4113
379402359.452418,2367
379402380.149787,1533
379402400.261777,12880
379402404.562634,10346
379402428.686146,10166
379402435.736626,10234
379402453.292827,12817
379402469.012713,12777
379402475.766834,12762
379402503.343006,1506
379402509.699336,118
379402508.727544,92
379402532.587884,6742
379402547.2423,143
379402555.553033,12677
379402566.141699,12673
379402591.383376,12672
379402603.374441,922
379402630.063412,12867
379402651.073484,9204
379402665.995983,93
379402677.313127,1484
379402691.799988,12660
379402707.530456,12509
379402717.81712,527
379402733.743698,125
379402748.825693,1507
379402758.433225,1452
379402783.374727,1418
379402806.499187,1761
379402819.998127,130
379402827.407803,11743
379402840.594868,12440
379402849.050368,12485
379402881.445689,131
379402889.09379,159
379402912.021479,1425
379402927.846255,2357
379402943.392526,3508
379402950.190628,2621
379402964.234576,254
379402980.406188,13131
379403009.737578,7384
379403024.585833,12599
379403039.953242,12692
379403058.500398,1475
379403074.919327,5228
379403085.755676,338
379403100.53278,114
379403116.284467,12499
379403130.798838,7794
379403150.229318,1563
379403168.420301,11891
379403186.34127,264
379403197.312308,12858
379403196.297974,89
379403196.844104,8961
379403208.545192,13142
379403236.156619,162
379403244.954632,892
379403278.17683,1556
379403293.348625,13005
379403307.963143,5939
379403329.668116,5665
379403340.236707,13063
379403354.443987,13102
379403373.088444,13389
379403384.24413,3248
379403399.680973,960
379403413.507658,92
379403435.90635,13216
379403449.890421,6172
379403457.61435,13208
379403467.122098,4909
379403481.403552,7899
379403504.71221,103
379403522.739797,13271
379403540.314491,13160
379403550.434733,104
379403556.691086,87
379403579.435071,13039
379403596.686405,13075
379403611.049105,2782
379403621.174501,1457
379403630.291213,2212
379403660.496487,2599
379403669.213044,12940
379403695.493562,11952
379403704.736901,312
379403714.980753,1774
379403726.105268,13003
379403745.984949,12871
379403758.470224,12807
379403771.781712,98
379403796.905893,9326
379403812.081217,1301
379403828.629531,98
379403840.403908,7374
379403854.648034,10385
379403883.724695,3519
379403893.146405,7630
379403899.651504,1176
379403918.741526,9452
379403943.360067,12619
379403955.7379,12730
379403977.914826,992
379403984.463635,8339
379403992.91668,12679
379403999.571049,2436
379404014.820138,12532
379404025.964567,3184
379404034.144044,1489
379404050.715613,10871
379404064.351864,12486
379404077.458308,12694
379404096.403113,147
379404109.507767,354
379404124.616845,571
379404138.90221,11135
379404144.194194,9806
379404153.915665,307
379404171.120084,155
379404171.146115,9358
379404177.718929,8325
379404198.214601,5283
379404224.3349,10297
379404249.863443,12745
379404268.793465,12890
379404278.489257,12871
379404298.100215,13064
379404302.336194,7981
379404329.599183,3724
379404342.296653,300
379404365.805336,12704
379404377.92566,5513
379404389.955723,1321
379404404.394351,1433
379404409.375905,1486
379404422.27112,1561
379404431.56834,8259
379404444.191916,1541
379404460.839638,8181
379404476.165377,3145
379404491.124772,12892
379404513.023709,3201
379404528.119393,477
379404536.718469,255
379404550.31247,11051
379404572.426613,10281
379404582.63314,9097
379404599.326213,1928
379404625.259731,13016
379404639.916456,348
379404650.718625,6735
379404658.118695,2944
379404691.935158,13127
379404714.750846,13115
379404733.33305,154
379404737.296888,426
379404748.849076,13214
379404764.914941,13202
379404777.809549,13273
379404790.937367,2407
379404805.187911,13195
379404827.48847,13418
379404837.930428,13261
379404845.831662,10354
379404861.628559,13101
379404880.113711,13094
379404916.512261,1508
379404943.618763,4378
379404954.546836,10186
379404973.748912,5136
379405004.094426,13090
379405022.250002,13176
379405034.266272,12931
379405045.36716,112
379405058.643481,12886
379405076.63407,1511
379405087.649397,6481
379405102.499409,13217
379405109.942205,1856
379405126.270417,1496
379405141.08501,1498
379405150.441344,455
379405164.022048,1819
379405179.925413,12673
379405195.783738,3809
379405203.362453,12753
379405223.832431,419
379405238.12118,846
379405253.383352,10799
379405261.629298,12685
379405275.74751,108
379405299.355719,9165
379405307.345987,1624
379405330.980698,6368
379405345.661525,113
379405362.423576,495
379405373.189599,3960
379405377.085683,12459
379405392.068878,109
379405410.755198,12737
379405424.550381,12404
379405436.287074,12895
379405453.114696,557
379405459.357642,650
379405470.025562,1234
379405478.84374,333
379405512.5624,12571
379405524.193245,4802
379405536.254992,82
379405550.285643,5922
379405564.720218,5092
379405585.245506,12603
379405602.889355,9716
379405617.693197,12613
379405628.310283,1349
379405643.131568,86
379405656.71931,9207
379405665.077078,13112
379405677.61321,4799
379405687.72402,1846
379405705.008077,9824
379405723.471755,4528
379405737.524355,12789
379405747.254491,5289
379405759.484995,1384
379405772.615962,189
379405784.550757,7918
379405790.31829,3535
379405803.923445,5182
379405814.596235,12900
379405828.745822,3365
379405841.792952,11373
379405870.795721,12953
379405886.522799,3099
379405906.103042,187
379405922.29199,13005
379405941.774579,1797
379405960.4482,1467
379405975.638519,10027
379405997.589922,12373
379406005.505313,3577
379406010.842649,100
379406023.862242,12964
379406049.260331,6937
379406064.853672,13326
379406090.943524,5325
379406107.936646,3283
379406124.853291,2140
379406125.931758,146
379406148.879035,485
379406165.242904,13106
379406181.579332,8422
379406197.785295,860
379406205.522365,1381
379406218.526811,83
379406229.114598,7027
379406242.474656,13315
379406251.592805,13004
379406272.462646,181
379406285.970572,9910
379406297.352134,121
379406317.666053,9866
379406331.683831,9566
379406350.677605,12901
379406361.363316,1844
379406374.857995,12861
379406388.988628,96
379406401.387579,12820
379406417.414232,12931
379406427.720381,172
379406438.095576,112
379406453.487956,437
379406466.257017,7022
379406496.798972,7682
379406500.17098,144
379406512.972095,12678
379406527.845319,1495
379406534.314038,11689
379406546.247694,13057
379406558.817185,1493
379406575.444153,1766
379406595.562783,4787
379406606.587898,12006
379406626.638617,13230
379406646.278136,4237
379406661.533057,94
379406673.081437,7776
379406685.328082,13197
379406701.176957,6184
379406717.829536,1916
379406735.28957,1152
379406745.225402,1745
379406755.225039,342
379406767.83743,10379
379406779.390597,101
379406780.924443,114
379406789.917028,2259
379406802.99261,12652
379406809.287918,8811
379406817.354142,123
379406829.504716,1452
379406856.814958,6949
379406866.197245,12520
379406878.520677,1821
379406893.49001,13103
379406910.644563,13075
379406921.908734,1520
379406941.912296,5907
379406957.36574,13182
379406972.445275,365
379406972.969139,93
379406977.072963,1537
379406995.350926,1470
379407022.037183,1273
379407033.4687,12715
379407044.935939,12772
379407067.655907,4120
379407083.520703,1869
379407095.940905,12789
379407121.241603,1393
379407133.882269,359
379407156.299914,13067
379407177.360706,12971
379407189.340432,13303
379407208.34269,13021
379407228.851054,10929
379407247.646701,2168
379407261.774285,506
379407279.904961,191
379407290.488387,2847
379407309.764594,13090
379407324.579338,13097
379407345.252033,13158
379407374.363267,1716
379407392.318022,7546
379407404.967135,10159
379407423.270765,13269
379407435.618615,10983
379407459.969556,3599
379407466.798887,11967
379407497.35574,13164
379407520.728533,1532
379407529.71763,208
379407537.363717,4689
379407572.367732,4600
379407582.175189,9066
379407608.037226,3105
379407618.898414,468
379407628.627468,12265
379407648.888829,1005
379407668.299798,12930
379407690.444143,12922
379407714.170308,12864
379407727.527268,4395
379407740.036837,13073
379407753.505983,1407
379407764.444418,256
379407776.808641,1732
379407792.181097,12921
379407807.817076,12735
379407828.805703,12713
379407839.422468,12229
379407851.574035,1331
379407863.985709,12800
379407878.19167,375
379407891.974656,11624
379407914.850573,12601
379407931.318031,3010
379407947.492177,7377
379407951.995922,1466
379407964.481822,150
379407985.218864,12508
379408003.364894,11527
379408011.867894,5307
379408026.982682,13101
379408044.406105,12411
379408049.670197,8902
379408069.323357,7552
379408086.846058,1413
379408096.826426,12492
379408113.143626,10855
379408125.690654,12433
379408137.676803,12458
379408150.181135,2953
379408165.903682,1455
379408187.754354,1208
379408199.270726,12894
379408207.157284,12513
379408213.906934,12876
379408219.133642,97
379408229.607307,12544
379408245.399549,1559
379408252.316116,167
379408259.907878,12623
379408279.280906,12633
379408291.525756,111
379408306.761151,122
379408328.76092,1212
379408345.059609,12702
379408362.98307,1723
379408374.593437,9939
379408379.103651,3106
379408383.966883,431
379408400.617563,13077
379408408.887311,921
379408422.295105,112
379408435.23222,12863
379408448.356772,12855
379408459.298268,130
379408471.144074,12849
379408489.206572,11938
379408501.239135,8022
379408504.307464,7141
379408523.731211,8262
379408534.0534,1850
379408552.031011,1554
379408566.738233,111
379408579.983856,10943
379408606.389284,1462
379408619.707315,120
379408637.831476,13049
379408651.161209,1997
379408666.045255,638
379408682.818322,1547
379408694.474789,13147
379408715.964961,2167
379408731.328342,13331
379408758.31312,505
379408779.38295,120
379408796.444944,7565
379408808.601994,124
379408824.763307,10198
379408839.325052,1419
379408854.525794,7310
379408866.880947,13112
379408889.11799,11010
379408900.790329,13069
379408914.001574,1619
379408937.486447,12272
379408949.970736,13006
379408967.353702,5473
379408989.788305,104
379408995.376005,228
379409011.491368,12956
379409022.014533,9575
379409026.88597,108
379409039.756856,2334
379409050.926829,6339
379409066.598088,9059
379409076.989974,1555
379409088.091179,12815
379409105.334613,12991
379409114.443289,5210
379409138.219527,364
379409153.850856,6572
379409173.725903,8091
379409201.193321,12662
379409218.659526,12635
379409233.409955,12040
379409255.282315,12562
379409280.651099,1540
379409302.393716,691
379409326.902464,6010
379409339.882402,241
379409364.465086,12487
379409382.675913,1142
379409398.192436,12868
379409410.824666,12401
379409421.667452,1511
379409427.391725,360
379409451.529022,4509
379409465.615175,12764
379409485.075418,12482
379409489.640307,12492
379409508.857834,12521
379409523.031434,10217
379409553.786906,12535
379409564.869156,123
379409592.899148,81
379409602.78073,11364
379409618.119373,5865
379409636.888063,7527
379409647.83161,110
379409657.252913,9340
379409672.502861,12777
379409686.172388,12732
379409702.728492,6635
379409726.402357,12784
379409739.601688,186
379409750.514367,2122
379409768.911299,1450
379409778.693381,779
379409793.571368,117
379409813.40227,127
379409820.305547,12259
379409836.11255,211
379409848.096508,1509
379409862.215762,13282
379409871.677173,6526
379409879.23691,566
379409878.142381,123
379409886.420697,6583
379409898.832409,100
379409912.348473,407
379409922.84689,13175
379409938.518596,93
379409949.91241,1470
379409958.633545,13383
379409980.30028,13105
379410002.140166,13282
379410025.264601,13255
379410039.430279,1371
379410042.563067,114
379410051.144476,1529
379410063.857102,1540
379410084.387158,3898
379410099.425355,1301
379410109.596381,98
379410125.911653,6806
379410129.561408,816
379410145.922086,4196
379410158.904323,13398
379410164.328525,85
379410187.257892,13096
379410215.348936,12316
379410230.760443,3695
379410245.682802,13020
379410263.283702,7522
379410278.154685,86
379410291.347352,13069
379410301.925221,12964
379410318.156271,1526
379410331.624097,121
379410346.123708,12901
379410365.959887,12843
379410382.244119,12840
379410391.185566,8043
379410409.051086,12800
379410422.324163,12787
379410432.754664,1270
379410437.661451,4153
379410455.432011,12756
379410463.241155,7445
379410473.88606,12763
379410485.77599,1471
379410508.74549,6636
379410522.360968,4152
379410537.097786,12678
379410552.20957,12846
379410563.785275,12787
379410581.775158,12636
379410599.065921,234
379410607.226894,13205
379410620.040981,12127
379410633.785483,1814
379410650.452521,2138
379410660.605734,2732
379410671.709364,1889
379410681.381833,12664
379410700.846368,773
379410715.475242,7011
379410724.041263,5885
379410740.057326,122
379410748.818271,4106
379410763.377826,13089
379410780.74194,107
379410794.609949,1554
379410806.554967,6538
379410825.999832,1126
379410841.840894,12497
379410859.403984,12541
379410875.156704,13329
379410893.067561,3100
379410900.092036,1461
379410915.377441,6817
379410941.791581,10112
379410950.35087,8789
379410968.601258,13255
379410982.499065,12690
379410996.031785,1648
379411008.472055,119
379411023.879648,10641
379411038.612463,133
379411047.15475,12797
379411066.642976,12786
379411077.84854,2096
379411091.466358,12771
379411103.583308,5211
379411113.827652,84
379411130.796153,12874
379411142.299291,84
379411153.585004,157
379411170.869509,12946
379411190.236169,9617
379411204.065235,115
379411216.822011,1484
379411225.26138,577
379411241.61554,461
379411252.593653,13084
379411267.180847,13180
379411284.071545,2680
379411302.869898,8717
379411321.071074,13102
379411345.876599,9202
379411361.388725,214
379411375.020924,1501
379411388.235332,11150
379411409.58986,92
379411422.520242,13422
379411435.213585,6681
379411450.552076,13134
379411466.469854,1417
379411486.937149,1791
379411513.417389,13208
379411520.782338,3964
379411545.238841,5384
379411557.116021,13223
379411574.158623,13004
379411581.399939,109
379411597.82292,6790
379411609.360446,13008
379411634.025215,9743
379411647.536664,1893
379411670.042216,13381
379411685.579345,8273
379411700.986753,13243
379411712.322225,12821
379411726.423419,12785
379411739.487817,111
379411752.22344,1944
379411766.676497,3891
379411782.038574,13412
379411798.651747,12780
379411814.016181,5753
379411831.467998,141
379411847.23594,1679
379411861.489334,3559
379411874.263944,4500
379411883.657449,105
379411899.592879,636
379411909.66044,2830
379411919.646319,1380
379411938.324254,193
379411954.839449,13137
379411966.669553,12851
379411976.898076,805
379411992.411824,12475
379412015.424868,12805
379412026.572907,813
379412044.463231,5862
379412058.637913,106
379412067.015459,12422
379412080.31026,5539
379412091.406115,1500
379412115.087897,101
379412121.852244,12477
379412138.61476,12506
379412151.443478,2670
379412158.264818,10486
379412174.217149,1523
379412192.006787,1532
379412201.357965,8521
379412213.035125,12699
379412228.700122,1240
379412237.175252,1470
379412262.400784,187
379412278.890339,1447
379412290.272954,8859
379412297.565629,12638
379412311.755302,12696
379412328.080369,12721
379412343.994229,692
379412360.55142,1455
379412376.70383,1486
379412388.866507,12823
379412406.641823,12798
379412415.303699,12857
379412428.663085,9280
379412439.653607,425
379412451.462704,12923
379412465.758076,12061
379412485.963351,12941
379412511.701335,135
379412521.789085,9117
379412535.572656,5465
379412540.969576,13386
379412546.232646,96
379412552.700792,12993
379412572.708225,2669
379412586.998983,13027
379412601.079098,8591
379412608.628273,88
379412619.288614,10087
379412635.11659,1520
379412655.013383,3579
379412667.692497,13228
379412677.681479,127
379412698.705645,4008
379412711.84198,4822
379412733.587002,2113
379412743.839976,1541
379412765.497981,163
379412773.777533,13162
379412796.595882,976
379412814.961928,557
379412832.119266,548
379412855.7856,103
379412875.814496,8177
379412891.478436,1460
379412901.137905,5747
379412934.219457,1510
379412944.901521,4796
379412964.781339,12968
379412976.06802,2704
379412986.121955,9834
379412996.566935,12984
379413004.113121,6866
379413012.201097,6248
379413027.144548,12850
379413036.22686,3565
379413052.315344,13095
379413060.285654,490
379413079.214496,12842
379413085.856939,12773
379413093.360484,12949
379413117.673526,1485
379413134.99411,1424
379413159.899365,4650
379413178.63572,10056
379413184.846966,193
379413202.459441,92
379413223.570471,1512
379413240.536587,6421
379413259.676319,1212
379413267.729188,1488
379413283.200758,105
379413285.106591,12681
379413296.205044,200
379413309.84938,13335
379413321.89081,7724
379413330.45242,6579
379413343.223504,1746
379413357.476624,13372
379413377.488329,1520
379413392.36608,8782
379413398.232433,1451
379413416.461329,5341
379413430.39311,7003
379413446.905212,12515
379413466.377094,12469
379413481.811928,6018
379413501.686449,6589
379413511.658502,5076
379413526.427323,12568
379413542.156258,7744
379413571.725348,13097
379413586.179851,2775
379413599.74854,1458
379413605.721169,6866
379413625.548517,12710
379413647.170457,5333
379413658.892372,12747
379413664.188306,5529
379413679.678608,1483
379413695.89169,12764
379413711.12861,3259
379413721.830839,2726
379413736.669262,12860
379413751.695234,528
379413767.082323,272
379413775.7194,12890
379413794.113751,660
379413806.401464,1891
379413823.996612,12921
379413843.400607,2025
379413865.167274,12974
379413873.040817,12783
379413885.344532,1006
379413903.422453,10232
379413912.64537,6450
379413931.273535,11570
379413951.0556,143
379413966.829838,6590
379413978.658274,2272
379413993.199556,13113
379414003.105678,13123
379414021.960396,11784
379414050.231538,5399
379414063.747039,227
379414079.134846,13218
379414086.979106,13182
379414106.47707,7720
379414118.722693,13253
379414126.943333,703
379414141.071793,114
379414153.97401,1461
379414164.890289,3810
379414187.091776,126
379414206.999406,13056
379414213.836286,12205
379414229.546533,12992
379414242.692773,11420
379414260.395182,3807
379414272.172663,1509
379414282.704464,1442
379414295.594092,13223
379414308.385385,394
379414319.541976,12908
379414338.536044,5676
379414351.619873,5195
379414367.825737,12809
379414382.897701,8321
379414408.655076,12834
379414422.572722,12770
379414441.4498,12746
379414451.889488,120
379414469.527458,1519
379414485.687477,101
379414497.93321,112
379414516.315458,929
379414517.723455,12557
379414516.206831,122
379414525.196675,86
379414531.152847,12626
379414543.092604,7954
379414558.030491,3824
379414579.463782,12566
379414590.231078,12560
379414609.400346,1001
379414634.015426,13170
379414650.167641,12781
379414661.493183,10381
379414670.59058,2997
379414680.300206,12109
379414691.477563,3199
379414711.218041,105
379414719.397374,240
379414727.561912,2889
379414739.312446,2920
379414751.830072,12580
379414764.896023,4449
379414791.664301,109
379414802.007896,1509
379414820.154105,225
379414829.67258,5466
379414846.206417,12656
379414858.8005,12690
379414868.09401,106
379414886.955585,12690
379414908.06162,85
379414918.987666,12659
379414934.717996,12988
379414952.021653,12689
379414963.26355,12726
379414983.841444,98
379415002.692452,12944
379415023.075996,12750
379415037.264869,12812
379415052.14524,2647
379415066.647178,4839
379415073.765801,8278
379415087.831833,4682
379415099.041083,179
379415113.118524,8970
379415132.121513,5258
379415157.962297,5489
379415173.208224,12983
379415181.507561,87
379415191.868889,13034
379415208.554082,123
379415235.131782,13047
379415246.795792,13092
379415267.82592,13080
379415286.547685,13063
379415298.316087,1475
379415313.864182,10438
379415334.705923,1696
379415337.5483,13200
379415359.92125,2411
379415387.466974,13086
379415405.697271,7944
379415421.453358,1205
379415441.600175,13198
379415449.717598,177
379415469.542798,226
379415485.493137,13093
379415500.036282,13105
379415513.225818,13066
379415532.71795,95
379415549.66722,13051
379415561.214997,11738
379415574.110687,12940
379415593.081584,359
379415601.919907,10209
379415608.660309,82
379415618.798761,130
379415633.696581,12859
379415645.843433,13091
379415659.933675,12916
379415670.693853,5431
379415689.113201,12808
379415699.844112,12867
379415713.746634,12833
379415722.292225,2119
379415730.624893,6230
379415737.774358,12755
379415754.181472,13340
379415763.880829,13035
379415771.512087,12757
379415794.100003,9850
379415808.935513,1383
379415819.775378,128
379415833.186611,12643
379415848.939035,12619
379415865.278965,1518
379415879.04203,1460
379415901.038055,208
379415916.435619,12566
379415932.639839,12545
379415951.179546,91
379415965.789521,1705
379415977.721851,12467
379415985.984123,2636
379416008.916234,230
379416027.027733,115
379416035.647395,8272
379416046.811814,1520
379416058.437375,1186
379416076.375457,4280
379416093.111553,8589
379416111.834091,9545
379416127.22895,3149
379416140.236344,12732
379416153.109513,12495
379416174.078446,12521
379416188.007154,625
379416203.983907,12623
379416209.711839,357
379416221.621724,10859
379416238.991744,12629
379416249.621691,94
379416267.735163,2017
379416284.794556,9802
379416293.584431,852
379416311.854266,2965
379416329.386132,12740
379416348.102654,7782
379416356.805019,1304
379416374.048875,12823
379416390.944487,12831
379416405.19024,1607
379416429.541774,12878
379416443.775623,13060
379416456.937634,599
379416466.207352,12938
379416480.988904,798
379416491.505648,1836
379416514.47431,12952
379416532.517562,12991
379416548.287709,710
379416573.756708,8004
379416595.133249,13035
379416605.008058,8584
379416617.859631,13393
379416633.491531,13255
379416649.369254,13267
379416664.071763,13157
379416691.256879,13192
379416705.370386,539
379416721.394738,1416
379416733.919201,13201
379416742.703208,4065
379416759.953702,797
379416774.340003,13163
379416784.616173,97
379416797.66921,6355
379416809.373034,4028
379416820.398227,3819
379416842.876484,13197
379416863.298693,11610
379416884.038679,6886
379416901.213561,10513
379416916.553629,4989
379416926.82479,1520
379416935.959623,13098
379416950.514968,9364
379416949.133211,13155
379416952.584882,113
379416963.607371,1550
379416984.168576,287
379417002.442682,13293
379417024.36535,13197
379417027.38113,12855
379417051.372095,12774
379417063.952736,1499
379417077.362181,12945
379417106.297047,255
379417110.885265,1432
379417123.433859,12690
379417132.000956,1762
379417142.264138,5105
379417162.240327,10797
379417180.055705,158
379417186.471589,1247
379417202.207684,121
379417215.703017,12558
379417223.804131,775
379417231.746139,12503
379417243.597702,12552
379417265.479855,1524
379417277.703108,755
379417292.876871,6283
379417311.112084,9835
379417319.778419,139
379417327.455305,1965
379417337.123546,113
379417353.859618,12607
379417363.512676,92
379417368.665052,13301
379417388.257046,2117
379417398.798328,12384
379417423.538608,152
379417440.374676,12488
379417456.596062,1549
379417476.524456,101
379417479.898053,8828
379417494.430535,12554
379417503.445845,11996
379417513.207874,6743
379417534.544094,10172
379417541.506779,1697
379417562.646843,10625
379417575.147856,1254
379417586.790681,12699
379417604.513695,4624
379417613.632055,12749
379417625.076881,209
379417650.425004,7692
379417670.982363,12754
379417677.373716,200
379417698.691099,12820
379417714.664142,3476
379417725.077855,12951
379417746.27801,12883
379417764.396018,2382
379417775.335432,884
379417785.938193,6671
379417805.339238,4972
379417823.405856,13266
379417840.126266,13167
379417847.215084,88
379417860.878566,13231
379417879.410352,3455
379417894.866116,13066
379417911.47222,1389
379417928.323081,6680
379417936.39655,113
379417940.236902,13114
379417960.383496,13168
379417969.760144,13105
379417983.385339,13138
379418002.886987,1473
379418020.253773,4384
379418032.188962,1143
379418044.891939,6147
379418061.350345,12105
379418075.866156,13194
379418090.122855,1758
379418100.140667,13170
379418114.795648,3776
379418123.934263,1493
379418147.781368,13091
379418170.103875,13102
379418184.89078,854
379418200.15106,13044
379418217.07382,13215
379418226.769409,438
379418242.713957,1179
379418254.340325,12965
379418265.729901,5908
379418276.601551,6020
379418290.198355,12880
379418319.67112,12848
379418336.205346,12833
379418351.622698,504
379418371.64083,125
379418384.585306,12946
379418404.48001,12783
379418419.730281,3676
379418443.889758,12861
379418462.021489,147
379418475.324519,122
379418494.781614,179
379418511.75339,199
379418526.044586,2074
379418534.755342,12811
379418538.248088,7787
379418559.61209,115
379418576.198443,12499
379418584.151919,11853
379418592.392803,12888
379418603.618054,353
379418621.615239,12462
379418646.461449,460
379418656.361972,1412
379418669.768432,2530
379418685.013682,2167
379418691.381933,13027
379418703.521858,1505
379418718.242273,687
379418731.262195,1532
379418746.312126,86
379418766.198599,6374
379418776.924265,4871
379418792.436018,126
379418805.742627,101
379418823.36855,4172
379418841.941644,12615
379418856.661268,3454
379418871.339559,1300
379418891.659538,1434
379418907.435134,12756
379418925.625018,12964
379418938.723917,12700
379418955.002834,5113
379418969.744407,86
379418986.599102,87
379419004.175926,12817
379419022.487239,5804
379419039.606906,1437
379419062.138579,6142
379419075.035758,12874
379419087.102931,8375
379419096.151704,12877
379419114.929857,1074
379419137.581833,6512
379419157.734538,6243
379419164.870811,7433
379419182.463855,1097
379419198.537005,6427
379419205.348475,4260
379419215.970938,13167
379419231.391015,13030
379419245.628893,1535
379419274.617001,13265
379419288.790698,13114
379419296.746588,1687
379419306.418591,907
379419318.215896,11812
379419329.595889,13212
379419339.538238,13212
379419358.956441,1472
379419377.594048,5597
379419392.446563,13140
379419400.864393,257
379419414.143755,100
379419425.637991,1716
379419441.101146,13083
379419454.160675,7782
379419469.731611,13103
379419484.969515,434
379419508.384933,13223
379419525.779311,1704
379419542.906886,13187
379419557.670884,12976
379419567.698791,12926
379419583.980883,12960
379419596.182242,12919
379419610.593133,1573
379419621.80519,3920
379419635.396614,12862
379419651.735751,13169
379419663.988739,1484
379419683.123581,141
379419698.345027,1491
379419721.192166,2494
379419739.134266,12808
379419752.104635,4091
379419762.707024,5925
379419779.100537,8148
379419800.103774,11194
379419811.45274,12696
379419830.900935,12912
379419844.498756,605
379419865.212368,12575
379419877.54708,1986
379419893.622469,12509
379419915.564754,12535
379419934.617884,11022
379419953.536873,5759
379419971.855301,3286
379419986.223222,2413
379420000.879426,12650
379420017.669416,12495
379420023.697941,7801
379420042.22348,12373
379420046.239242,97
379420057.662929,417
379420066.443958,2532
379420083.292758,7942
379420093.495725,5856
379420106.135319,104
379420122.549966,90
379420133.321053,13016
379420156.979339,713
379420162.818068,4511
379420176.416781,13321
379420185.296206,564
379420200.905303,12601
379420214.54033,454
379420232.574791,4692
379420235.533484,12666
379420251.77601,1523
379420263.78164,1496
379420284.770248,1331
379420299.673269,1627
379420320.489228,103
379420332.937429,1511
379420351.062998,13031
379420366.591919,12807
379420375.894475,12976
379420384.999384,12858
379420399.52429,12879
379420410.633505,2940
379420432.72932,11308
379420443.059036,1157
379420453.051954,12922
379420463.594726,8569
379420475.04893,12940
379420481.613492,8984
379420494.592005,1472
379420505.989987,2281
379420523.306985,1492
379420534.148206,3307
379420552.454823,13035
379420563.795567,13055
379420578.07856,13087
379420597.314929,13107
379420612.213043,13180
379420629.878409,13123
379420642.129228,1504
379420651.678069,90
379420665.877401,1517
379420683.597754,1463
379420698.659417,13242
379420714.203107,13376
379420736.261645,1720
379420750.447829,13139
379420763.214559,1478
379420774.996869,2602
379420796.124779,6068
379420813.62083,1521
379420829.32917,13018
379420854.577431,13038
379420870.95597,506
379420880.438807,692
379420881.091402,1531
379420881.495538,13430
379420898.947073,88
379420915.139068,12891
379420930.924634,12451
379420947.813754,1673
379420962.67864,12895
379420978.527808,1529
379420988.516787,353
379421003.375987,13166
379421016.66381,5108
379421024.321003,13029
379421048.781918,1521
379421070.467251,1481
379421090.494231,1707
379421120.154202,12683
379421130.061759,4674
379421150.430192,3289
379421163.521555,11061
379421172.536126,6652
379421182.328506,12741
379421185.238006,1351
379421196.877454,2000
379421208.315792,273
379421226.403532,2584
379421243.612731,12540
379421250.382521,12488
379421261.338277,1828
379421271.994499,1543
379421285.28483,111
379421304.333506,12459
379421322.298774,2196
379421332.00168,12410
379421348.926322,12384
379421351.559461,12611
379421363.771173,336
379421385.717034,12449
379421401.407777,87
379421406.366771,9195
379421410.88591,9940
379421418.811315,110
379421430.567537,1655
379421443.803262,12503
379421457.222306,2329
379421465.520954,12656
379421479.465856,1464
379421490.749931,12575
379421497.93507,12562
379421512.555131,12140
379421521.297457,12595
379421533.469583,2500
379421544.684364,13152
379421553.975714,12623
379421570.563838,12655
379421592.429224,12780
379421600.297012,114
379421617.227602,5642
379421636.484611,1746
379421646.169464,1347
379421662.324376,339
379421670.644946,132
379421684.156881,100
379421691.630909,12807
379421707.497421,13010
379421722.333641,8618
379421728.798943,4299
379421746.507408,11978
379421764.122117,1460
379421778.108287,11606
379421793.566523,12917
379421804.474786,4883
379421821.259713,86
379421841.464949,9930
379421851.576448,13019
379421866.962323,95
379421875.625237,10200
379421892.798916,13054
379421904.026682,123
379421916.091492,11057
379421923.910058,1449
379421947.035944,487
379421962.539377,1371
379421973.051568,13162
379421982.870694,11515
379421991.532192,13224
379422008.490505,13180
379422022.066412,13003
379422041.899517,9802
379422058.353953,1606
379422067.15204,2410
379422085.113286,1557
379422092.65581,9280
379422106.032125,570
379422115.899019,1478
379422117.146314,1537
379422120.848605,9956
379422135.269841,13040
379422139.526402,480
379422151.103817,3808
379422162.354767,13160
379422177.048657,13161
379422189.177668,11958
379422199.38815,13001
379422211.416739,13002
379422218.056556,762
379422231.68866,899
379422236.534111,3175
379422246.18559,1044
379422258.551853,3185
379422272.759781,12872
379422286.965008,2052
379422298.236039,2405
379422312.868377,11834
379422332.41668,12873
379422346.146699,6872
379422358.719525,1092
379422364.713124,13258
379422379.784463,99
379422391.69321,207
379422408.189584,1528
379422420.772443,1568
379422441.969795,2123
379422448.959495,1528
379422465.109808,1932
379422477.384968,94
379422491.00157,12651
379422501.834357,7062
379422508.058655,12955
379422520.540775,9313
379422539.300717,93
379422551.272577,10265
379422566.696819,12535
379422578.556641,12491
379422587.628986,2872
379422591.132988,2329
379422609.467247,12469
379422624.056608,1328
379422631.277904,2106
379422642.255504,791
379422650.382868,5027
379422659.751299,12414
379422670.226736,5132
379422681.374951,764
379422694.880655,12495
379422702.956144,6887
379422715.938331,1446
379422723.508491,303
379422730.759706,10376
379422734.829519,5549
379422752.252058,226
379422767.053728,116
379422775.619955,12667
379422784.452633,12742
379422798.010536,9947
379422807.144677,165
379422817.084559,2257
379422830.544448,1488
379422843.444309,13414
379422853.767639,12614
379422866.136638,1491
379422874.992275,6424
379422885.717369,12968
379422897.550876,12652
379422908.137653,104
379422919.398198,6204
379422940.145721,637
379422961.274488,4804
379422969.610044,1142
379422981.508485,13146
379422995.466296,8996
379423003.704503,12800
379423015.01329,12938
379423025.750555,106
379423032.661411,1323
379423045.56293,13081
379423051.539965,4331
379423060.107,11894
379423070.990329,150
379423080.020744,4063
379423089.624826,11296
379423100.766254,13309
379423119.510755,3069
379423126.841647,12972
379423137.900212,5180
379423146.301537,6668
379423153.856027,2929
379423167.570669,2062
379423176.100216,2889
379423187.428418,12992
379423206.229087,13038
379423215.998228,1914
379423227.144403,1541
379423233.65605,1483
379423244.090689,13078
379423252.991737,245
379423260.172199,92
379423277.633296,1532
379423286.558542,8260
379423297.669178,2199
379423301.437642,5238
379423314.402871,937
379423322.225205,2265
379423341.736402,418
379423346.531303,3610
379423357.151448,3305
379423368.620388,13298
379423385.104459,9683
379423398.027216,13131
379423417.694435,13140
379423426.356851,3743
379423439.028309,3953
379423456.715625,1575
379423465.663558,13038
379423482.681062,464
379423508.355797,9759
379423514.230289,13315
379423532.806107,6778
379423552.973756,12955
379423562.101346,1249
379423577.878293,3920
379423599.300872,11849
379423622.061842,10576
379423645.420794,12866
379423656.782513,12951
379423674.761902,1431
379423692.845028,12812
379423707.233659,12774
379423713.635691,103
379423725.319284,13007
379423742.337627,12715
379423763.60569,8176
379423779.382879,1394
379423793.674127,2324
379423814.371788,803
379423820.993834,7559
379423833.102872,3111
379423848.026492,374
379423859.0977,12580
379423871.663046,12568
379423888.558244,12941
379423901.077743,2473
379423914.789993,12535
379423926.746075,982
379423932.408983,12753
379423942.967517,4148
379423961.110475,336
379423970.614411,12418
379423993.895501,12047
379424011.950795,12392
379424026.986841,1550
379424043.168128,93
379424052.560088,11804
379424065.615227,1528
379424073.1178,763
379424093.697765,95
379424106.691398,12839
379424112.538066,103
379424123.613675,12495
379424143.138716,9579
379424169.630045,758
379424179.485909,6430
379424183.975675,12747
379424197.641825,83
379424206.612203,3128
379424216.946015,133
379424230.101708,12787
379424236.27905,1434
379424249.279242,1545
379424263.615149,684
379424273.490422,393
379424284.591146,13195
379424302.278974,2821
379424320.855044,12809
379424332.947255,4910
379424349.14242,1443
379424358.126823,13035
379424365.240774,9129
379424379.893189,1039
379424393.198739,12873
379424420.672504,12912
379424429.059442,4036
379424437.479852,534
379424448.758286,8113
379424457.622845,1529
379424477.790427,343
379424484.298348,2599
379424506.823162,3311
379424520.615208,85
379424533.969839,946
379424543.950064,1489
379424562.859283,8035
379424575.356349,6189
379424580.179798,115
379424588.628466,195
379424598.81994,362
379424615.98152,9691
379424635.871481,13231
379424646.963327,272
379424665.451075,13154
379424683.554912,152
379424702.552427,6117
379424711.715886,10183
379424729.895564,4672
379424737.690545,13189
379424750.10637,1551
379424757.92703,1475
379424770.790131,13099
379424787.778527,2449
379424801.023409,1479
379424815.875284,6559
379424827.048258,13033
379424851.766433,2059
379424861.879632,3916
379424871.383453,8118
379424890.41394,1593
379424906.438382,12990
379424913.353163,6372
379424921.932874,3287
379424933.383659,3800
379424947.069861,2438
379424958.128018,3672
379424967.607045,94
379424980.472759,8401
379424988.122509,189
379424999.246244,2712
379425009.909234,1238
379425016.58458,88
379425025.24545,1471
379425047.15892,12779
379425064.912774,12759
379425076.401091,177
379425092.745486,12729
379425108.578362,12769
379425124.056293,2153
379425131.615668,108
379425147.183493,12908
379425165.730673,91
379425185.799168,10562
379425189.60786,12545
379425207.954348,12542
379425229.156505,1530
379425241.896473,12879
379425260.221451,12577
379425279.838795,12984
379425292.560409,177
379425303.758855,2882
379425318.59101,4204
379425333.062826,3277
379425347.475837,1483
379425359.912476,12437
379425372.621775,12902
379425387.174608,13240
379425398.760691,396
379425406.07531,108
379425410.7682,5356
379425420.425655,1489
379425440.5553,1398
379425446.764948,91
379425463.748056,12749
379425484.161568,2530
379425506.842475,1201
379425521.216186,1479
379425526.709752,12664
379425540.68388,7369
379425548.094981,96
379425559.242782,6607
379425571.752159,2554
379425589.104556,11863
379425598.784734,12899
379425604.747828,887
379425616.416147,12696
379425629.780901,12868
379425648.585078,93
379425664.095927,3899
379425676.638306,12878
379425687.878384,158
379425708.141315,6487
379425717.544794,7399
379425721.671057,389
379425740.019279,1497
379425752.164414,3299
379425765.170007,119
379425767.004618,167
379425768.33826,302
379425780.781978,97
379425796.551925,12969
379425824.183118,7618
379425841.417104,5189
379425856.586606,450
379425868.001256,172
379425883.789903,5149
379425896.285237,117
379425907.901125,8121
379425922.853952,6312
379425943.0905,13179
379425962.431537,409
379425981.28443,13137
379425990.066079,5501
379426002.856334,1549
379426016.54974,275
379426028.315471,2707
379426049.286386,1419
379426072.765009,102
379426087.778444,2070
379426094.440159,9359
379426106.955242,11789
379426121.095404,4637
379426126.280264,13110
379426134.858171,961
379426148.983832,6177
379426155.802794,5775
379426173.501505,11567
379426184.087383,460
379426193.415849,357
379426201.17022,6659
379426207.731798,3474
379426221.407234,6852
379426231.135385,12967
379426248.555303,12926
379426260.483065,427
379426271.944243,7371
379426290.133525,9599
379426297.604504,127
379426301.94804,13396
379426323.59191,3323
379426334.557013,13017
379426345.206265,12777
379426351.316483,284
379426364.728862,98
379426385.252037,12697
379426405.808726,12676
379426415.722141,13381
379426443.967335,838
379426451.127957,416
379426460.756461,123
379426474.101258,12610
379426485.632135,1261
379426494.731411,382
379426509.021399,3328
379426515.111518,1505
379426526.82547,1474
379426541.885127,12586
379426553.112573,6401
379426563.242057,12490
379426574.20452,104
379426581.656796,7500
379426590.270468,12464
379426603.56887,98
379426610.373792,1540
379426621.023763,12397
379426636.346215,477
379426648.119079,203
379426659.667419,1663
379426664.46681,12586
379426675.437418,12434
379426695.993152,112
379426711.850079,116
379426723.500751,12890
379426741.588448,90
379426755.556875,662
379426779.654318,3524
379426791.902139,12851
379426811.269957,3898
379426830.369231,112
379426841.448025,9680
379426854.287122,609
379426866.355997,7337
379426874.130518,90
379426887.063745,1813
379426889.325031,12726
379426904.577193,12678
379426925.193484,5207
379426938.290654,84
379426945.017268,12742
379426969.31522,12774
379426973.814373,90
379426985.04266,5717
379427007.648051,96
379427033.423335,457
379427045.850131,12841
379427057.036473,746
379427068.619736,1458
379427083.743577,1446
379427093.942352,6164
379427112.230302,587
379427123.795179,13199
379427139.629931,12994
379427146.989138,1012
379427155.570364,12347
379427164.09383,2902
379427176.490361,1748
379427190.358012,13037
379427203.837735,1481
379427218.313201,13180
379427233.245237,1437
379427244.455951,6515
379427252.976784,3797
379427269.18072,4215
379427276.592074,1404
379427289.060837,13171
379427311.11725,89
379427327.73954,1365
379427337.039756,6833
379427362.033121,1492
379427379.237715,13210
379427402.944265,13168
379427416.149065,13147
379427436.107803,431
379427458.540364,1512
379427467.433191,13068
379427491.830184,13015
379427507.703811,882
379427531.750818,148
379427550.77451,13037
379427569.670983,1129
379427583.385694,3863
379427596.763513,266
379427621.846104,6346
379427637.381403,5738
379427647.711383,12920
379427662.54668,1866
379427676.737977,11005
379427689.868268,109
379427700.810012,230
379427707.363181,1336
379427727.181322,94
379427744.170618,1725
379427758.228115,113
379427766.862895,13237
379427781.887532,376
379427795.852886,8333
379427806.222691,12988
379427817.829123,1487
379427839.259263,3583
379427842.527428,374
379427853.736995,5236
379427866.856573,6518
379427878.818103,205
379427898.100271,9439
379427901.795825,108
379427915.305964,12621
379427924.016442,12486
379427934.557573,12457
379427949.108865,10568
379427964.446985,12470
379427978.208198,95
379427990.525282,148
379427999.139997,13047
379428001.089227,472
379428028.691094,1199
379428052.787865,12495
379428068.616975,6871
379428077.570183,12535
379428099.819487,11314
379428100.534379,109
379428117.777566,738
379428125.910891,1539
379428151.546413,12600
379428158.345308,12565
379428176.331781,6091
379428189.27037,11877
379428207.126447,115
379428218.193708,4740
379428226.654094,12683
379428232.926806,1470
379428239.51242,13284
379428246.746022,507
379428264.660559,12883
379428279.144777,118
379428297.505698,10948
379428315.877589,12852
379428327.869017,12861
379428343.348468,1571
379428357.975892,302
379428373.406379,11649
379428389.968331,1117
379428405.767631,12921
379428419.694078,9712
379428433.510246,343
379428445.25399,1302
379428462.971212,152
379428479.334163,13015
379428495.210893,2859
379428510.836931,11635
379428518.256398,406
379428535.784683,13112
379428555.239226,1423
379428567.877373,10608
379428577.615747,1475
379428593.512539,7851
379428607.701517,10984
379428618.165532,581
379428628.382086,13229
379428643.887322,1469
379428658.97281,105
379428665.22431,2459
379428682.79252,1257
379428699.386188,10997
379428721.646259,13134
379428732.454214,1494
379428747.636838,1529
379428757.131089,9930
379428798.544288,13108
379428817.035925,1814
379428832.089434,1497
379428843.613185,5049
379428852.135359,84
379428859.692816,7487
379428873.292871,1483
379428879.996602,13098
379428891.301537,5790
379428903.574118,4539
379428915.422639,1075
379428933.52357,3810
379428949.134589,13391
379428970.419194,12838
379428984.555923,4218
379429008.471219,1047
379429024.229575,12794
379429043.242786,13406
379429055.363634,592
379429066.037619,6710
379429076.842548,949
379429088.580304,454
379429099.38545,440
379429110.91825,5030
379429124.389717,196
379429133.835253,1653
379429146.640413,94
379429161.61096,12597
379429179.709739,7714
379429199.179274,112
379429210.56602,12572
379429224.933265,10892
379429237.663178,111
379429238.440412,93
379429237.680775,121
379429250.013922,858
379429255.520339,12500
379429263.198112,277
379429281.951828,2782
379429286.813423,12443
379429298.171385,12424
379429302.587225,12362
379429313.639484,9211
379429324.843281,12513
379429330.531395,81
379429345.314704,12411
379429355.853639,4028
379429373.625902,12504
379429386.367805,2469
379429400.02564,12526
379429415.13774,12951
379429426.8816,12564
379429444.232471,12561
379429453.508656,1999
379429460.697267,3586
379429481.424988,9557
379429490.388767,12619
379429502.540962,186
379429514.060762,5656
379429527.171836,13073
379429540.809876,12786
379429551.368528,92
379429564.016881,12714
379429582.858281,136
379429599.110819,284
379429613.597993,11786
379429622.946007,455
379429636.94536,11716
379429650.54097,12796
379429669.94476,12850
379429690.484058,6527
379429706.777324,123
379429718.380419,9407
379429735.584963,1345
379429747.401427,2020
379429767.102997,12968
379429773.0615,13002
379429788.770305,2483
379429805.370135,13217
379429815.918209,8874
379429822.638603,8056
379429829.628588,5278
379429835.553562,1511
379429842.661565,13072
379429850.782715,13413
379429860.703823,3621
379429877.364581,5355
379429889.845518,13112
379429920.470149,13173
379429937.674138,1942
379429957.758366,5181
379429968.372108,665
379429984.877072,2344
379430006.806416,13185
379430029.543127,13179
379430044.881638,5506
379430065.861897,2317
379430073.610618,149
379430085.3128,13110
379430091.209128,5351
379430105.716784,12123
379430130.158451,9492
379430145.744657,13058
379430154.426625,92
379430172.082572,12965
379430185.51649,1082
379430194.633776,3566
379430212.257445,2324
379430224.182436,12934
379430247.804616,4994
379430264.833615,12953
379430273.959469,12839
379430284.080127,197
379430294.913864,12829
379430299.685192,93
379430302.785105,12804
379430323.309455,1074
379430343.387984,3304
379430364.289481,1486
379430385.034683,13071
379430393.538675,6451
379430401.38124,108
379430416.861668,12633
379430424.841055,1891
379430440.186635,13164
379430450.458883,116
379430448.802955,414
379430456.571084,1169
379430464.399637,873
379430473.844685,92
379430478.950365,4127
379430490.583504,200
379430503.829186,12582
379430510.589249,12563
379430529.019612,1559
379430539.404332,12822
379430560.436189,8823
379430582.893632,5968
379430601.942755,2737
379430608.133981,8688
379430615.041185,918
379430637.242197,1150
379430646.961958,5291
379430654.860086,2985
379430671.711044,12535
379430695.63292,2910
379430707.298301,1138
379430720.611806,85
379430735.496116,12529
379430748.035559,12540
379430762.904871,9122
379430784.352429,12576
379430808.771322,9687
379430823.243541,938
379430832.219201,12782
379430846.679274,12632
379430863.959018,110
379430875.373116,12643
379430891.737999,12863
379430909.1033,173
379430925.012373,314
379430941.562431,12950
379430960.563219,97
379430977.292444,1102
379430987.021202,1346
379431000.714755,12835
379431021.308673,12877
379431040.08713,6506
379431060.777341,1373
379431070.387295,375
379431080.847515,8277
379431097.893687,13326
379431110.73513,12956
379431125.105962,1531
379431129.158579,690
379431135.337746,13002
379431145.82685,4461
379431163.751874,13057
379431187.963846,13084
379431206.303988,1744
379431218.355713,13268
379431230.323745,8967
379431242.439807,8287
379431251.892664,96
379431273.971705,1114
379431284.933555,7585
379431303.618719,12662
379431308.792622,3021
379431322.258655,160
379431340.083006,85
379431357.357361,13334
379431372.690952,13276
379431392.777996,13102
379431400.644156,1036
379431414.924844,295
379431438.028962,153
379431457.098595,1582
379431474.064721,3256
379431484.207145,6222
379431496.420756,1514
379431504.781206,13274
379431507.531273,12953
379431518.512978,12937
379431528.192308,3638
379431541.504317,2057
379431558.98202,10843
379431567.363356,581
379431578.45644,118
379431588.369327,12905
379431602.587054,7555
379431624.188399,1526
379431635.754078,7750
379431647.761739,12798
379431658.944425,12621
379431676.514518,1426
379431680.985978,12753
379431695.078153,280
379431716.797141,1579
379431739.617143,158
379431753.464259,12682
379431765.505009,803
379431772.382324,6193
379431786.496513,12575
379431794.88845,12611
379431817.008664,12772
379431839.235957,2877
379431851.031802,13037
379431866.838964,3919
379431879.363029,519
379431893.955548,166
379431902.936559,11013
379431922.544788,12403
379431939.047003,12489
379431951.655178,81
379431971.685779,12861
379431991.509156,13379
379432008.25602,3301
379432025.811857,1056
379432042.992834,5295
379432057.585404,12512
379432072.833669,1806
379432089.212645,921
379432115.153908,551
379432137.439957,12679
379432148.641934,12661
379432175.206,13219
379432188.310012,12910
379432201.740569,1465
379432216.776605,12711
379432230.176502,1633
379432247.685587,1514
379432262.814365,13020
379432277.251861,13145
379432293.235652,6459
379432300.152932,1453
379432317.317321,91
379432336.465369,11510
379432367.014952,11733
379432375.582854,12145
379432398.857242,12907
379432416.675758,1487
379432432.723713,11123
379432442.867115,12966
379432455.806534,537
379432469.829462,13026
379432478.130236,89
379432488.85075,2841
379432495.692567,13063
379432510.500918,13111
379432523.747345,13094
379432531.514735,3274
379432546.025889,13094
379432551.933805,93
379432563.782781,8766
379432575.864769,124
379432588.492473,13207
379432613.461157,978
379432629.816914,13275
379432650.429228,8954
379432666.181114,13234
379432680.839883,812
379432695.379883,12516
379432717.235107,509
379432736.650848,1277
379432746.095684,140
379432754.772148,109
379432761.008296,7134
379432779.625755,6814
379432788.428881,8326
379432802.082678,7583
379432828.651623,12941
379432851.625843,8584
379432867.474132,2407
379432879.497511,9773
379432902.417765,10638
379432914.605686,12935
379432924.912885,13174
379432935.109964,12450
379432947.885506,12978
379432959.330813,5963
379432967.450442,511
379432980.162256,12768
379432985.022376,4064
379432991.234394,12743
379433008.2697,12741
379433019.366781,1590
379433032.757098,1471
379433043.186648,116
379433059.187108,1076
379433069.236829,12339
379433080.993336,3314
379433093.357711,110
379433105.58794,507
379433119.812882,12418
379433138.096336,12624
379433153.959019,5991
379433167.143182,12749
379433185.036976,443
379433194.222964,1494
379433202.789995,8369
379433217.696881,155
379433231.093389,91
379433250.370416,12586
379433260.306091,97
379433263.812248,13359
379433275.671787,639
379433287.535735,10830
379433301.399451,12426
379433339.270716,7105
379433347.410747,12505
379433358.972392,12680
379433372.15456,12079
379433382.497471,12558
379433409.585728,12502
379433419.774934,6750
379433429.049028,12588
379433445.508954,7078
379433453.714131,2845
379433467.330543,4610
379433487.490873,12640
379433506.155419,12661
379433518.035178,5591
379433536.339736,91
379433554.16506,7722
379433568.649454,1518
379433580.457799,4312
379433590.564889,13081
379433616.797286,1630
379433640.29054,13007
379433657.42345,1491
379433668.942163,1514
379433683.951818,12911
379433695.161511,12917
379433708.277931,13255
379433725.470844,1501
379433740.128145,1463
379433749.246572,13246
379433765.260332,1488
379433784.13114,2787
379433787.333229,1796
379433806.599887,13075
379433831.815785,11621
379433845.616352,233
379433868.251677,2592
379433887.586015,13183
379433896.67063,96
379433910.972231,2372
379433929.491949,1420
379433940.035022,9641
379433957.167479,13234
379433972.204582,9317
379433982.853009,13173
379434004.521268,165
379434023.065603,13125
379434030.772114,230
379434051.360068,13146
379434069.478391,13212
379434073.622432,13274
379434092.556753,116
379434092.477138,628
379434099.138909,1689
379434112.343395,10914
379434131.635718,13038
379434146.59804,13204
379434153.461703,8688
379434166.775924,1781
379434177.764841,197
379434205.450704,11650
379434219.798211,2299
379434236.359863,331
379434244.926794,648
379434257.128453,13425
379434266.805669,12807
379434279.055581,13017
379434293.693992,13205
379434303.750068,3708
379434328.763549,12928
379434332.44627,197
379434352.329841,12720
379434360.011458,1487
379434377.941279,92
379434390.182661,12314
379434395.596606,537
379434410.108321,4128
379434428.078629,156
379434444.399823,12647
379434461.436944,12596
379434479.532731,11038
379434493.67268,12730
379434498.419615,10201
379434518.214546,414
379434530.195629,7137
379434543.135845,12579
379434560.782674,1024
379434576.061929,211
379434600.2859,13196
379434617.40546,11008
379434626.921806,6222
379434637.328143,1063
379434659.008195,12430
379434676.304074,4491
379434687.55158,96
379434688.65137,252
379434701.07991,113
379434706.948463,12476
379434721.997959,421
379434741.591245,12537
379434765.263255,12660
379434771.22761,12875
379434785.056768,1544
379434791.900498,9284
379434812.483551,11961
379434823.842831,2989
379434828.624415,2762
379434842.153614,1515
379434857.898217,12625
379434875.784521,12705
379434886.954461,7923
379434901.921986,3346
379434912.103727,12785
379434923.863397,12716
379434946.275057,12762
379434954.931408,1438
379434979.6571,13038
379434991.577861,3272
379435011.515316,12639
379435026.409102,13046
379435036.864846,1457
379435052.450208,5898
379435057.085309,1920
379435066.886946,3321
379435073.79336,2463
379435089.141351,12965
379435110.011262,2831
379435141.654297,82
379435157.62216,1388
379435175.495323,13225
379435189.051946,13292
379435191.696242,1736
379435208.423317,872
379435225.228966,2262
379435241.541287,13177
379435259.257332,4899
379435273.01479,1481
379435280.465577,10660
379435300.692789,13225
379435330.497908,12375
379435340.456176,13150
379435355.969063,13118
379435375.81359,13142
379435399.063924,196
379435418.35925,7326
379435432.512583,13076
379435446.210131,13074
379435467.36242,3268
379435487.963546,12950
379435512.153236,274
379435527.023716,12944
379435544.774933,338
379435569.67696,10834
379435583.689693,121
379435594.807944,6993
379435611.381927,160
379435623.731537,248
379435638.274011,1308
379435658.430901,3383
379435677.329689,93
379435685.668244,2707
379435712.635539,13141
379435725.977186,1425
379435744.600495,12660
379435753.957386,101
379435769.878663,3681
379435778.614092,1473
379435792.465648,12600
379435803.657132,2010
379435825.1564,9188
379435833.942675,12588
379435847.482006,2862
379435865.221832,875
379435878.233694,120
379435897.738475,2148
379435911.97315,85
379435921.058093,2856
379435936.828959,13242
379435957.344646,1492
379435959.369769,5220
379435971.854362,394
379435984.896136,12426
379436001.981509,11842
379436019.169431,1563
379436029.830966,4970
379436044.266735,99
379436059.880507,12838
379436076.921871,6893
379436104.091835,12654
379436114.759218,13206
379436128.607537,13322
379436140.611292,13122
379436151.722056,1525
379436173.143517,416
379436191.031112,12712
379436208.038192,12750
379436225.518671,12997
379436236.834607,9280
379436247.680853,89
379436267.787391,3023
379436274.216725,95
379436296.821792,5082
379436314.126532,11521
379436331.093678,13117
379436337.92166,533
379436348.555231,1957
379436364.664824,3489
379436374.87578,6658
379436391.607552,689
379436397.771993,127
379436403.357737,3051
379436417.23868,5793
379436429.900083,13230
379436443.232477,1461
379436449.945699,12978
379436461.481615,752
379436487.416547,90
379436500.652032,199
379436513.398169,1465
379436527.719392,13096
379436544.645796,13124
379436558.353588,1353
379436576.245402,201
379436589.133535,103
379436607.541968,410
379436624.5663,1476
379436643.466232,98
379436659.439787,842
379436674.450696,3893
379436692.430539,9876
379436701.651351,2212
379436709.70564,5046
379436722.147505,2448
379436735.338259,973
379436752.760266,2201
379436763.952787,8615
379436776.086895,7439
379436784.140619,12986
379436796.973156,13026
379436807.967048,96
379436826.461046,7130
379436838.885527,7364
379436843.666455,12961
379436852.460405,8649
379436869.159377,237
379436900.916398,3518
379436919.149348,189
379436928.913481,12996
379436942.652985,11936
379436962.212842,12789
379436969.421165,12764
379436992.217538,1485
379436990.37077,93
379437006.011743,12782
379437024.376329,13337
379437041.441044,12948
379437051.332441,12684
379437073.154782,770
379437083.403076,12699
379437096.188443,12802
379437114.584037,12589
379437136.085556,6032
379437153.962697,12519
379437167.951546,1725
379437184.474914,1771
379437198.997197,398
379437215.997501,598
379437231.119825,1500
379437242.19109,99
379437254.574622,5355
379437269.9063,6831
379437282.223534,1069
379437297.802852,213
379437319.62665,2890
379437332.268838,1989
379437346.110639,10001
379437351.682409,13199
379437366.947624,12522
379437389.899989,2812
379437395.942124,1541
379437415.452967,12607
379437431.579685,3861
379437443.76287,6414
379437454.766056,12588
379437463.277476,1018
379437483.017885,12623
379437495.501719,10033
379437510.656881,12822
379437527.020463,1802
379437540.315092,104
379437548.420735,12758
379437569.882621,6215
379437587.426423,12746
379437618.323293,12778
379437631.113129,1400
379437646.795708,12865
379437654.868553,7691
379437660.591738,10326
379437666.484024,12360
379437676.388246,1381
379437691.406546,12921
379437701.708111,1470
379437708.525175,744
379437720.836564,11945
379437729.326525,4285
379437739.93408,2333
379437757.36279,12979
379437777.424976,1522
379437791.09195,10232
379437804.622755,752
379437817.538551,6203
379437831.776894,7963
379437846.75089,1589
379437861.150571,13108
379437877.778029,10775
379437893.408312,9224
379437909.602018,1203
379437933.45115,1479
379437939.056597,1457
379437963.926388,88
379437966.054214,12287
379437980.335604,1492
379437989.533548,1611
379438003.572726,1474
379438017.358198,1475
379438038.219986,13160
379438057.348502,147
379438073.682199,915
379438084.179045,13102
379438105.560585,7465
379438118.279455,10241
379438126.391875,12996
379438133.222257,86
379438143.609164,1441
379438154.049872,191
379438167.487856,8594
379438182.001707,1511
379438193.066645,905
379438214.337064,1454
379438227.603964,12891
379438247.653701,284
379438259.238915,12849
379438278.182816,342
379438284.683527,2400
379438294.276399,5700
379438305.585235,13144
379438320.783591,2579
379438325.450273,3327
379438359.860536,12720
379438371.538652,12709
379438391.338671,342
379438398.293744,12866
379438409.136041,12664
379438417.531886,12661
379438431.06411,7561
379438443.317967,668
379438454.525318,3256
379438468.217929,12500
379438478.721886,12709
379438493.184389,1705
379438505.611618,93
379438510.333185,102
379438519.517295,3641
379438547.193196,1526
379438555.590173,8714
379438568.095099,1110
379438577.925881,12482
379438588.741573,1897
379438604.144088,6222
379438619.125684,107
379438631.041319,12984
379438650.718615,1439
379438662.236443,12486
379438669.380584,12482
379438689.645975,838
379438708.114788,9061
379438714.314778,12499
379438726.0876,3390
379438735.785616,2139
379438747.38095,12943
379438757.640982,11666
379438778.982102,9983
379438789.83428,4947
379438797.976995,103
379438810.181723,394
379438819.024265,5808
379438828.459529,1525
379438837.181168,13252
379438853.318183,12679
379438866.422343,274
379438880.99786,12713
379438906.013642,12766
379438912.282417,5659
379438922.860005,123
379438934.982768,6242
379438948.496107,1543
379438959.644511,99
379438973.676178,11846
379438978.353842,11170
379438993.729079,8882
379439011.535482,12892
379439037.46637,7810
379439069.982051,12966
379439078.727602,13032
379439098.261633,13156
379439111.602997,219
379439123.211482,1654
379439143.531168,1456
379439156.691866,637
379439173.32597,13090
379439185.318425,2426
379439194.897854,4286
379439214.817876,4102
379439232.392862,13190
379439245.119283,1534
379439250.705568,921
379439268.514566,13264
379439278.938998,3805
379439297.612685,1530
379439317.101197,7011
379439332.981121,13321
379439348.092711,5140
379439364.012393,13073
379439370.462967,7109
379439378.616178,6443
379439386.537328,205
379439405.619308,6048
379439417.310011,324
379439426.232725,13071
379439432.563903,8724
379439442.398183,121
379439454.454309,13020
379439472.201966,12988
379439493.786395,3756
379439514.203438,109
379439520.195718,1129
379439531.133212,12943
379439541.184445,12890
379439560.724451,104
379439569.605751,116
379439580.4286,1383
379439602.773106,630
379439614.843743,4210
379439631.795306,4743
379439641.040854,13053
379439652.411695,12423
379439665.252247,12737
379439673.942263,1070
379439686.419993,1486
379439697.047585,2530
379439702.42178,484
379439707.118853,567
379439726.97386,103
379439743.59833,8962
379439753.334628,179
379439760.1732,103
379439775.754393,695
379439786.401769,11754
379439796.247986,13324
379439811.007121,7412
379439854.461893,12603
379439875.197304,2006
379439891.493252,8889
379439906.41645,872
379439921.388759,3527
379439946.034035,1410
379439954.561969,11592
379439969.807254,12456
379439983.319219,12472
379439999.268294,6824
379440018.563963,4998
379440025.606195,206
379440037.135617,1422
379440054.951211,13200
379440065.573575,12571
379440078.658746,13289
379440094.024168,585
379440101.88643,132
379440116.577872,967
379440126.727548,12090
379440137.573078,93
379440142.866304,135
379440156.92689,10141
379440176.496741,155
379440190.828824,6453
379440200.705017,311
379440208.814533,301
379440215.093179,588
379440231.853609,99
379440247.99127,9316
379440260.857917,12880
379440269.767136,12837
379440288.047476,102
379440310.843487,183
379440328.774183,681
379440335.96465,12933
379440356.297077,12988
379440385.498057,4918
379440405.571734,13002
379440414.949085,13073
379440430.033813,13008
379440456.992429,13101
379440477.743702,5228
379440497.142284,3280
379440505.90625,150
379440516.296195,4256
379440542.955998,3506
379440562.371227,10666
379440578.180905,329
379440596.735865,13243
379440608.226431,13256
379440620.039977,2953
379440638.763177,111
379440648.432235,819
379440674.508926,141
379440684.987477,11513
379440695.362155,9189
379440710.098208,5485
379440734.26745,13040
379440750.255843,12990
379440760.265423,13207
379440770.78811,678
379440780.567911,1245
379440800.301154,204
379440816.756531,84
379440823.801684,176
379440838.38798,10566
379440848.445966,3818
379440859.034728,973
379440872.25823,423
379440887.854026,12898
379440895.276907,1384
379440909.301987,1892
379440918.148886,1427
379440923.370615,13265
379440930.684816,93
379440941.872333,1344
379440947.800478,1004
379440963.263197,1716
379440974.088974,1102
379440987.753469,88
379440994.805604,2309
379441010.113462,2311
379441027.707696,12753
379441037.454048,342
379441046.142972,1484
379441063.59122,3140
379441075.24685,1490
379441088.449387,1429
379441099.82835,9937
379441118.539518,892
379441126.721182,11558
379441143.257619,1363
379441154.529497,657
379441160.541897,1215
379441183.347972,12863
379441199.123209,563
379441202.186854,231
379441202.308619,12610
379441214.588592,12599
379441231.519274,12425
379441237.81324,12400
379441236.961738,12426
379441243.792685,12616
379441251.498918,183
379441268.15861,12398
379441279.911137,1461
379441293.685932,284
379441304.939966,3819
379441312.910251,4842
379441322.042678,8765
379441334.009866,12589
379441341.460988,3143
379441350.320126,5114
379441361.797508,12507
379441372.054596,13011
379441382.341935,12639
379441396.594633,1555
379441412.961456,88
379441432.194633,11673
379441441.569495,1338
379441451.957731,357
379441465.72571,82
379441481.159298,13023
379441494.315194,1459
379441509.115233,12669
379441539.042612,558
379441556.043907,791
379441576.175907,7151
379441586.192543,5692
379441602.05794,12816
379441613.486443,12788
379441625.345742,8940
379441631.812469,262
379441638.067168,12892
379441649.827305,83
379441667.848998,205
379441683.638294,101
379441695.627108,130
379441712.143812,1521
379441736.797437,13009
379441752.141813,92
379441763.122966,13054
379441784.333803,1454
379441799.006453,1477
379441809.304207,11219
379441820.064757,13138
379441827.682974,13274
379441845.261189,1452
379441860.095357,6116
379441878.096749,988
379441898.065527,13241
379441908.268134,916
379441924.333681,1439
379441938.223505,1201
379441955.053764,13206
379441979.620885,13121
379441992.665193,11911
379441998.786638,11926
379442015.068005,5914
379442027.464332,93
379442041.267547,11589
379442050.165051,1481
379442063.577494,1451
379442076.420833,568
379442085.725934,10115
379442101.952952,12997
379442116.577557,13001
379442123.349242,94
379442138.730197,109
379442146.694583,154
379442164.776024,170
379442177.534736,12838
379442191.845112,12929
379442204.581445,12075
379442215.593372,153
379442220.767365,200
379442227.250488,4084
379442241.651145,12838
379442251.251982,157
379442264.697464,3393
379442271.54925,5676
379442286.171328,1465
379442298.844875,12811
379442310.753578,114
379442317.204265,10181
379442320.711914,12727
379442339.60518,10004
379442350.145003,12690
379442366.66595,1375
379442372.544138,12692
379442381.404931,5650
379442397.490873,8979
379442410.820787,12572
379442420.587692,12714
379442430.563479,82
379442445.408278,337
379442461.451826,12650
379442478.514516,12536
379442487.910961,12536
379442502.865836,9156
379442517.788961,12530
379442529.292542,12434
379442538.521565,137
379442559.155925,1454
379442561.627084,9110
379442582.655761,12607
379442600.103827,1864
379442617.214268,88
379442625.505296,2528
379442632.246408,1402
379442645.398197,12602
379442668.324752,12503
379442680.330998,4283
379442696.24211,3468
379442714.467007,510
379442726.960901,209
379442742.342142,1485
379442766.814083,12655
379442782.406765,12617
379442799.108299,5911
379442820.897832,12677
379442835.985233,1514
379442855.059486,12701
379442865.911,12970
379442883.887779,363
379442895.874603,12771
379442911.96412,2253
379442922.423174,12825
379442931.198928,11104
379442957.059711,13034
379442969.199085,12884
379442980.357963,532
379442991.466184,12883
379443002.663198,8553
379443017.428552,12920
379443031.258831,545
379443040.492058,10543
379443051.290032,13111
379443064.22705,528
379443075.516434,7333
379443105.716893,12799
379443120.302762,183
379443129.741896,106
379443142.070491,6893
379443154.152293,9343
379443174.195093,95
379443198.184253,13136
379443211.22272,13235
379443220.130891,13220
379443228.631143,6902
379443242.930161,13277
379443250.053567,779
379443256.046363,12967
379443272.839749,6772
379443283.016872,2442
379443296.873054,13128
379443307.290283,3939
379443323.525885,658
379443341.143298,276
379443364.206756,1996
379443370.977977,1082
379443392.895243,13061
379443410.563507,107
379443423.059939,1137
379443431.942208,1834
379443442.336497,1750
379443454.22318,7292
379443469.5616,8749
379443478.127595,9254
379443495.416324,83
379443504.674006,12906
379443518.097778,83
379443527.153511,141
379443540.866521,7965
379443554.506144,13008
379443560.357034,92
379443575.971855,12931
379443591.359412,4521
379443599.78422,10756
379443615.781355,1535
379443626.263826,455
379443642.884786,3276
379443657.692467,95
379443674.130031,3239
379443686.537089,7307
379443702.170444,3526
379443720.595236,1539
379443741.174121,1268
379443750.441361,1495
379443765.604673,1331
379443778.679115,1279
379443778.486816,81
379443789.624613,11117
379443799.99975,7227
379443816.255578,1501
379443834.036931,1540
379443839.215083,7577
379443861.179647,12415
379443865.774963,428
379443870.639635,3518
379443889.515924,10573
379443908.463892,1159
379443910.449543,175
379443918.604998,12407
379443935.033702,123
379443946.444936,12429
379443953.785575,12465
379443974.690474,12774
379443984.521678,8328
379444009.892439,4968
379444022.651926,13027
379444039.248622,6467
379444044.927401,94
379444058.758257,1507
379444065.597097,1811
379444075.61567,96
379444088.615235,249
379444111.385926,1208
379444121.252697,86
379444135.494981,10844
379444142.78232,1141
379444157.259925,132
379444172.320997,6073
379444185.9798,89
379444197.330342,12730
379444209.240338,82
379444227.163741,12755
379444236.864852,1289
379444251.708694,11718
379444267.954122,12864
379444289.854574,5166
379444298.809593,466
379444315.409702,13347
379444321.390651,8639
379444338.589103,13004
379444359.875432,159
379444365.843657,12956
379444375.175165,13070
379444392.522819,13027
379444410.362609,11681
379444428.12789,4001
379444432.871562,383
379444451.985647,13048
379444455.76907,13086
379444473.81408,1398
379444484.565809,81
379444491.409218,515
379444501.670045,7432
379444518.760267,1878
379444535.90606,2064
379444554.85694,13377
379444581.058467,13254
379444594.481598,99
379444599.982328,13233
379444611.22971,1593
379444626.165433,10843
379444639.673268,13315
379444652.828877,13149
379444668.039164,2205
379444682.850754,1551
379444697.655653,13080
379444711.436551,6182
379444721.945699,9845
379444734.074157,10874
379444746.024618,13034
379444759.742787,1465
379444780.813684,12949
379444788.98466,1525
379444807.17147,515
379444825.363797,6307
379444844.846374,12542
379444867.931352,10682
379444876.570276,8358
379444891.06877,4465
379444907.062999,8988
379444915.958843,12761
379444933.741559,4999
379444947.926586,1741
379444974.654463,12712
379444981.65856,2798
379445002.371715,3041
379445025.912189,8495
379445041.986777,13225
379445053.308055,109
379445076.072266,3683
379445081.37312,12629
379445102.390962,1467
379445123.679242,1479
379445139.837768,12625
379445148.626043,787
379445165.645927,1436
379445180.937215,7774
379445185.393512,6362
379445199.069842,8647
379445219.437901,1924
379445245.742761,408
379445261.456615,12405
379445274.301353,6627
379445282.804603,12449
379445295.947725,12612
379445305.055424,12632
379445328.109548,477
379445351.293813,999
379445363.01102,4127
379445374.366376,12540
379445388.489264,1602
379445402.909701,9153
379445419.465279,1014
379445427.272468,13177
379445449.378934,6580
379445466.020385,8404
379445483.105177,2118
379445498.946809,12695
379445519.131167,12713
379445530.810252,5062
379445539.892797,12926
379445572.57816,4863
379445586.207714,12808
379445595.992868,11852
379445615.130351,13187
379445625.038928,94
379445634.594541,118
379445656.079718,85
379445670.38151,4451
379445682.970324,424
379445697.718122,219
379445708.756822,9107
379445723.269369,2552
379445746.437579,103
379445760.457617,230
379445773.264821,3144
379445789.234066,13063
379445802.151723,93
379445815.828813,131
379445829.958832,13300
379445843.076178,1456
379445861.073294,5942
379445873.456714,13166
379445893.602618,12329
379445915.923066,13219
379445943.695478,13183
379445957.949761,1620
379445983.879898,13120
379446011.834733,13274
379446020.968175,86
379446039.193743,2548
379446051.588908,13048
379446067.958441,161
379446070.566231,13401
379446087.997421,3993
379446107.015774,1471
379446114.937869,123
379446118.851281,12938
379446139.247928,425
379446158.287035,356
379446180.482805,1111
379446193.90436,12831
379446207.50006,12858
379446223.79328,119
379446242.477935,13306
379446249.815859,414
379446257.654118,12750
379446279.702413,1488
379446289.02922,1292
379446301.089896,1406
379446312.456324,6372
379446328.356181,12602
379446339.373977,12941
379446357.464883,7966
379446373.647337,11639
379446392.171575,1512
379446408.155321,1887
379446417.99826,1830
379446432.346847,12544
379446448.523626,12502
379446474.453823,1526
379446490.997678,92
379446504.182945,12487
379446531.031216,205
379446542.358835,3091
379446560.659698,109
379446578.864142,1522
379446585.204835,1536
379446600.060492,12424
379446613.648204,4153
379446633.531878,12762
379446641.527098,10683
379446662.934687,1445
379446679.393243,521
379446692.418814,1735
379446712.735736,12544
379446732.89915,12601
379446738.972618,110
379446753.455451,12618
379446767.389652,10784
379446775.444908,3251
379446787.411114,429
379446805.245495,12722
379446810.751712,6219
379446827.484756,11601
379446843.27701,13032
379446877.1466,101
379446893.812935,82
379446912.85171,6686
379446921.545725,11970
379446937.171645,12876
379446964.518837,12915
379446988.861912,12913
379447006.046427,12980
379447022.405731,5520
379447036.644014,12489
379447056.197641,2292
379447074.643548,1497
379447087.366702,6998
379447117.040165,113
379447122.148642,182
379447140.916375,9196
379447171.452816,3206
379447181.825627,9853
379447185.740926,81
379447193.061318,1216
379447207.079926,1505
379447227.384796,12759
379447243.471738,1502
379447264.196102,197
379447277.451261,3689
379447292.438833,261
379447314.431767,13274
379447330.130933,675
379447334.933686,9820
379447361.514996,4994
379447362.350489,13061
379447362.563324,1539
379447362.415182,13217
379447362.702352,13127
379447365.001463,6454
379447366.117818,1553
379447366.077823,430
379447385.905425,3426
379447414.852548,998
379447433.698009,6803
379447455.373816,13152
379447487.593659,1550
379447500.126062,12842
379447505.35268,1992
379447515.974509,453
379447529.880827,5419
379447553.195788,1640
379447571.1746,12787
379447578.999909,12936
379447595.039924,9599
379447616.935797,13357
379447632.402932,9718
379447651.544276,229
379447669.938701,1544
379447685.255918,6021
379447692.44848,120
379447719.234045,12581
379447729.55423,11895
379447742.811207,6475
379447749.192006,1946
379447764.394142,12890
379447788.93249,3249
379447803.585947,8221
379447815.21725,12903
379447816.310794,541
379447826.78471,12472
379447837.428259,1954
379447850.407454,7551
379447859.958654,11033
379447864.717115,573
379447879.992243,5956
379447901.021327,5908
379447914.868836,12544
379447926.368665,12559
379447946.316803,106
379447965.506769,12451
379447977.465978,1510
379447991.3303,1488
379447999.40794,506
379448017.158678,92
379448034.90282,6473
379448048.422549,7308
379448071.860186,655
379448085.762106,12591
379448097.136386,11704
379448122.528664,5434
379448131.688119,412
379448154.97408,1463
379448162.451754,109
379448175.129305,12755
379448184.330994,12758
379448202.517149,12742
379448216.604151,12799
379448226.770567,1484
379448238.199176,12819
379448248.165827,984
379448268.251591,8666
379448277.655371,10839
379448288.041063,12930
379448306.837996,12940
379448314.252359,12917
379448332.802539,1521
379448345.791774,1049
379448358.637248,13008
379448378.518333,8762
379448391.941261,9348
379448405.825828,13000
379448417.525468,13031
379448431.150114,13218
379448447.441614,1465
379448455.753759,94
379448462.522289,7332
379448479.12026,1176
379448494.175989,115
379448509.203432,8585
379448524.073483,13189
379448536.715461,602
379448548.5148,13238
379448561.142713,13206
379448573.355933,10692
379448590.282036,414
379448599.843868,6134
379448620.74062,1408
379448632.267778,1538
379448646.487633,335
379448662.310904,1469
379448681.175149,101
379448697.493796,108
379448714.445618,13066
379448723.227359,105
379448731.11879,103
379448747.449324,283
379448758.940263,10930
379448764.532399,11850
379448781.507116,7921
379448794.492,1611
379448809.553077,13026
379448825.126622,8886
379448839.449218,12876
379448845.253809,1477
379448858.04077,4865
379448873.995837,12821
379448880.039241,2869
379448900.316604,1452
379448917.081912,877
379448933.014878,7919
379448954.800405,13114
379448968.445429,12767
379448981.653404,4262
379448996.693779,12804
379449012.166578,133
379449018.534186,12630
379449040.000517,98
379449049.178791,489
379449059.296795,12618
379449072.305937,12549
379449080.977362,12850
379449095.22912,12579
379449105.63842,7086
379449125.366136,7794
379449136.394247,6969
379449145.063123,9203
379449148.812285,113
379449163.611895,12421
379449179.985138,2260
379449193.04658,1382
379449203.540947,1438
379449208.567981,633
379449216.844357,12424
379449228.19793,12421
379449230.877887,134
379449242.378495,288
379449247.208893,557
379449252.620609,12484
379449264.425159,2402
379449276.418539,3290
379449283.183348,12577
379449294.211638,852
379449301.858748,4965
379449309.64613,3440
379449323.032624,3066
379449332.318562,12521
379449345.820555,7709
379449355.258105,106
379449359.428912,4784
379449371.246265,9534
379449376.699549,8209
379449385.958041,12623
379449394.076532,12561
379449398.414085,1131
379449408.645463,12617
379449416.265198,664
379449427.560618,12812
379449436.284618,3161
379449442.974276,12643
379449453.652235,121
379449460.966913,1868
379449467.951484,5111
379449476.024553,5790
379449487.799055,12691
379449500.295684,87
379449509.859811,5882
379449518.338263,4966
379449526.301364,7004
379449531.295999,1459
379449539.595703,6441
379449548.26483,1714
379449564.623992,331
379449577.618455,10027
379449592.287553,12850
379449604.393184,12897
379449621.672641,13232
379449639.855824,1189
379449661.877264,636
379449678.052691,810
379449699.446563,236
379449721.490251,6604
379449734.018173,777
379449752.409022,522
379449768.310783,99
379449796.555262,131
379449808.350961,5233
379449826.08937,6867
379449834.653713,127
379449846.390927,13203
379449860.496497,7263
379449873.931434,9093
379449887.665778,726
379449903.415337,13179
379449911.885241,90
379449916.565394,111
379449935.083635,5590
379449952.37513,13132
379449962.619909,1503
379449967.433844,5361
379449983.144081,5498
379449996.51664,13200
379450008.707752,1552
379450022.172665,13014
379450028.894945,110
379450038.23829,152
379450045.248424,873
379450059.270992,8100
379450071.898529,1697
379450082.965911,577
379450095.291268,4994
379450102.67002,9656
379450114.864739,553
379450119.697164,11682
379450127.56702,3685
379450137.517606,2279
379450147.045232,5237
379450158.302111,2675
379450166.502481,3401
379450176.55897,12823
379450185.092589,3153
379450187.277525,12849
379450193.72881,6890
379450200.139646,10545
379450206.132034,7890
379450215.391878,12994
379450222.594639,12776
379450232.596139,11216
379450244.476906,12773
379450252.37087,12847
379450258.508645,739
379450266.115486,800
379450271.352041,7631
379450283.084384,3398
379450299.94906,4311
379450315.944189,267
379450326.56258,658
379450336.628833,536
379450346.364771,12673
379450353.37776,3839
379450364.430932,12621
379450371.778372,13112
379450380.180227,2128
379450384.461188,253
379450393.99193,7474
379450406.315859,1951
379450415.054804,192
379450429.043778,1423
379450442.463235,12776
379450453.637873,1307
379450465.966901,1105
379450473.442061,10538
379450479.132889,4787
379450491.901497,4971
379450495.283762,12456
379450508.578112,12419
379450515.567511,4921
379450525.211302,3357
379450534.132701,12424
379450542.790331,13160
379450554.403452,1172
379450561.481024,13033
379450575.252096,1503
379450585.024364,12364
379450590.131038,5308
379450599.361731,3685
379450611.62202,623
379450617.775577,13147
379450630.10221,9347
379450644.459072,1083
379450649.213399,3445
379450660.509042,1949
379450664.93941,6068
379450671.502563,12574
379450685.739515,6527
379450695.482787,1265
379450704.182607,12550
379450707.988012,4383
379450725.430656,98
379450728.940713,12634
379450743.418483,1458
379450757.859939,5396
379450765.134105,1516
379450777.743602,873
379450785.460154,737
379450789.494903,12705
379450800.13565,8989
379450811.630947,12684
379450818.134845,121
379450827.354222,262
379450837.102816,13042
379450842.766039,7748
379450846.674855,2065
379450855.198409,1417
379450862.577526,571
379450870.563581,12813
379450878.129531,4873
379450886.01009,12919
379450893.636618,12883
379450901.073215,2814
379450909.074599,5560
379450917.982361,1404
379450922.552733,4681
379450933.652637,13120
379450937.820806,698
379450942.021176,12274
379450948.272724,109
379450956.000886,749
379450966.612005,6549
379450969.002401,13046
379450972.210272,13362
379450983.079344,13412
379450986.353815,1633
379450994.449409,12932
379451000.218692,1420
379451009.075794,12961
379451011.398138,13023
379451021.810761,12962
379451028.252176,516
379451033.508947,12416
379451042.809413,13106
379451048.909889,9599
379451052.730229,4918
379451061.060211,4072
379451070.604794,906
379451072.324401,5326
379451080.764941,6863
379451087.638669,9279
379451097.539299,632
379451103.968057,11385
379451108.707562,774
379451118.414834,5357
379451125.598224,1967
379451129.118945,407
379451139.999843,5917
379451146.76012,107
379451153.626207,4304
379451162.824572,8632
379451166.247017,9094
379451173.61198,13174
379451181.080699,11926
379451191.289921,1448
379451202.236336,11072
379451206.812565,2586
379451217.148798,735
379451224.937547,12067
379451234.602525,9035
379451239.688295,622
379451243.25103,1817
379451253.964896,1809
379451263.840312,11284
379451273.249085,149
379451280.902907,3715
379451291.27076,1473
379451305.054999,1022
379451310.91641,1507
379451312.876399,3709
379451316.405643,159
379451322.451956,307
379451328.450001,1465
379451334.078753,9681
379451338.876559,448
379451343.78429,3361
379451355.428946,9308
379451363.782286,10991
379451375.721156,4239
379451379.675762,1670
379451387.847988,2164
379451391.87374,695
379451397.299514,12693
379451408.244047,13135
379451417.204076,10361
379451424.251994,2915
379451428.441733,1932
379451442.960177,6275
379451448.13218,727
379451455.614676,12910
379451461.55965,1726
379451468.04108,146
379451481.570725,5502
379451485.650871,11910
379451496.158606,3663
379451502.829978,12861
379451510.392911,10585
379451512.090755,204
379451517.082038,211
379451528.400342,2489
379451536.911068,2550
379451537.650863,4112
379451550.816469,3704
379451559.508892,1468
379451566.546045,1468
379451578.795451,8535
379451582.699546,7014
379451592.000403,13171
379451597.11544,11275
379451605.988412,12744
379451613.060542,12695
379451622.556393,12749
379451631.915581,5587
379451636.986162,13277
379451648.958064,921
379451659.204903,1626
379451666.596307,12846
379451677.790935,1720
379451685.359942,391
379451689.500363,85
379451698.001396,526
379451704.420633,2093
379451712.79035,2106
379451717.409139,2315
379451728.545431,13426
379451734.612368,106
379451739.148605,9496
379451745.471373,5085
379451751.429252,1746
379451758.59695,12613
379451769.457959,12761
379451782.117203,1991
379451790.266674,4235
379451795.767882,1433
379451807.232921,8152
379451814.664867,2569
379451820.188315,610
379451827.515801,7874
379451835.142162,9333
379451840.777355,786
379451847.770322,12428
379451859.456308,2374
379451862.289533,3244
379451869.287043,2938
379451872.723201,12397
379451883.842191,12741
379451893.291827,3113
379451900.919737,1502
379451905.491625,12734
379451913.457535,3714
379451924.304587,1285
379451932.60698,3635
379451941.085762,13125
379451946.099117,2306
379451949.311789,84
379451960.35894,2160
379451967.745534,328
379451974.390917,1333
379451984.71872,12508
379451990.729839,4572
379451998.859562,1047
379452007.540247,12599
379452012.685845,13002
379452019.613832,751
379452028.439635,131
379452034.354903,1726
379452048.067324,2446
379452055.739436,5321
379452066.578817,1142
379452077.439518,1125
379452085.178135,1244
379452094.356777,7865
379452104.132851,4303
379452119.502858,12998
379452125.605246,11603
379452133.482142,10292
379452143.208802,3620
379452151.147193,6266
379452166.507057,775
379452167.659164,98
379452182.028313,12781
379452195.127381,12782
379452212.497217,12826
379452225.062928,10045
379452244.147543,9478
379452254.194284,9295
379452268.281807,931
379452296.350591,2354
379452306.468963,2150
379452323.970447,1525
379452334.191837,13124
379452342.104691,133
379452355.455643,4973
379452369.136688,13342
379452375.098973,708
379452389.410042,7182
379452409.315289,13046
379452418.868558,13086
379452433.526602,5841
379452446.594142,142
379452465.850758,11605
379452473.574421,13113
379452483.176231,3122
379452499.047949,1432
379452502.756098,3050
379452522.143538,1556
379452555.327742,1276
379452564.812488,1458
379452586.273677,13280
379452594.654587,13173
379452607.96216,1453
379452620.224899,13390
379452635.863528,13084
379452645.576007,13195
379452657.516189,13202
379452667.501847,13063
379452671.058191,13079
379452684.889511,9245
379452702.115893,5859
379452724.52973,12965
379452739.226819,1972
379452755.285874,2091
379452772.060054,13092
379452784.011796,537
379452791.150822,6483
379452807.101679,12867
379452815.017826,212
379452833.995933,1545
379452845.575932,9438
379452856.216713,308
379452865.942069,89
379452878.822054,12810
379452896.444145,2904
379452912.341211,13024
379452924.876189,12718
379452937.1321,908
379452951.490911,12843
379452967.134262,12687
379452981.052468,5852
379452987.392986,708
379452997.54003,3757
379453018.996732,3688
379453030.969003,125
379453043.62318,214
379453073.058282,1675
379453088.262227,12532
379453101.595867,12494
379453105.452296,136
379453109.10938,12488
379453129.371942,12619
379453141.829684,12452
379453162.092509,681
379453182.677937,12405
379453190.198188,12177
379453214.662092,573
379453223.710582,2348
379453238.413922,12547
379453240.914463,12728
379453253.480649,12744
379453268.664085,87
379453285.576694,861
379453301.332394,83
379453320.021132,5048
379453329.353006,4983
379453347.412367,10118
379453359.127776,10001
379453380.333309,12629
379453395.532675,139
379453412.951208,4055
379453427.321808,12757
379453437.442549,5911
379453451.049023,13285
379453459.232261,12698
379453474.077032,9894
379453483.041119,85
379453488.084056,12774
379453501.710521,1421
379453519.299906,898
379453526.700038,12829
379453535.971518,8846
379453547.112243,3426
379453562.257138,12864
379453565.261558,111
379453579.475288,13133
379453588.568525,4279
379453605.6614,11917
379453617.242941,12923
379453630.856807,4591
379453663.669168,13007
379453685.229423,1471
379453694.789923,13005
379453704.488851,156
379453716.915682,361
379453731.552612,10664
379453749.515896,7705
379453765.398581,458
379453780.894042,2292
379453787.035989,3734
379453802.804881,13163
379453823.615193,11075
379453832.528603,13162
379453843.442199,13388
379453862.822907,6036
379453885.961057,13180
379453909.054068,1720
379453920.922732,1345
379453938.369489,255
379453947.687031,6596
379453976.775005,1744
379453993.603708,13126
379454004.119059,6608
379454019.948681,2611
379454029.722762,1430
379454050.232533,3214
379454070.844202,6588
379454091.83489,11419
379454104.970068,12939
379454117.008602,9177
379454128.331578,1235
379454135.705108,11272
379454145.732577,13074
379454167.927892,1525
379454180.290937,12895
379454199.295405,309
379454205.94256,10054
379454218.639054,2191
379454231.480723,125
379454241.076628,12749
379454249.551637,11464
379454261.764471,12792
379454268.108693,1505
379454278.577091,5351
379454291.583798,81
379454310.926862,12692
379454322.027646,931
379454337.440729,4452
379454353.562945,12610
379454364.74668,11450
379454380.116343,12561
379454394.654538,2901
379454406.063973,1495
379454425.199998,12506
379454434.06707,12523
379454448.676652,1844
379454460.942194,117
379454472.348946,8693
379454477.93937,12431
379454498.390492,9768
379454515.539326,84
379454523.756588,122
379454542.839728,3376
379454559.350036,1527
379454576.334736,89
379454591.731853,12719
379454601.343169,3931
379454610.77292,12502
379454627.626392,7839
379454635.742796,525
379454647.476907,6771
379454659.754362,99
379454671.017255,322
379454685.154549,1496
379454696.523972,12537
379454713.036343,12628
379454724.176443,12659
379454742.616518,12624
379454753.033867,5697
379454761.131904,13191
379454770.490129,12682
379454783.001582,8053
379454785.493981,109
379454787.658813,8685
379454799.229926,12741
379454808.569071,2045
379454822.98035,12763
379454838.25354,1539
379454856.391673,2061
379454872.675158,10038
379454882.361705,12839
379454890.825015,12815
379454901.436644,1261
379454913.343782,330
379454925.555399,1414
379454935.449246,10001
379454951.539211,12919
379454964.672092,105
379454976.926706,6604
379454987.487102,13065
379454999.287541,251
379455014.548165,97
379455025.628076,550
379455040.503007,5212
379455056.576213,137
379455071.15799,1483
379455084.613981,13074
379455095.342332,1086
379455103.992701,111
379455112.542456,2648
379455131.698653,13104
379455145.868965,5380
379455162.010156,13170
379455174.299372,89
379455183.638551,1473
379455203.374896,369
379455220.562147,151
379455231.109807,9184
379455242.279824,1463
379455249.151075,123
379455258.781867,87
379455265.331604,13128
379455289.946768,13381
379455301.566019,7130
379455317.802624,3863
379455327.846634,1747
379455339.421757,1654
379455351.375728,188
379455360.805691,13060
379455377.583489,13421
379455398.368948,7740
379455411.574004,1444
379455419.034233,166
379455421.83727,3156
379455437.402684,100
379455445.658727,1303
379455458.737049,1445
379455474.188352,12875
379455487.796619,4591
379455497.944652,12837
379455508.956227,323
379455529.416676,12967
379455542.190068,12795
379455552.094792,98
379455579.88168,12970
379455587.81388,1151
379455598.152412,6573
379455604.134772,3463
379455621.737202,9442
379455634.505284,12728
379455652.575584,12668
379455665.951373,12670
379455677.807471,13313
379455684.78953,12567
379455698.360168,12561
379455719.435274,1220
379455734.295146,13287
379455750.674598,12521
379455760.707589,1503
379455777.533705,5632
379455788.107705,10492
379455801.778692,2989
379455816.618649,12567
379455827.444917,583
379455833.01289,12084
379455843.719123,12433
379455857.184811,12382
379455872.946329,2911
379455887.409737,8930
379455908.704561,11321
379455911.767865,12601
379455919.921154,4423
379455929.264008,11142
379455939.426635,1059
379455952.802428,5234
379455969.128726,1282
379455980.402989,1052
379455999.860622,12572
379456019.111243,125
379456033.766672,8697
379456046.597427,11579
379456056.723276,253
379456075.902962,12629
379456085.733725,13292
379456101.930885,12698
379456126.190124,12883
379456140.226473,1525
379456159.548235,1156
379456166.250965,1337
379456182.634196,12819
379456192.103386,5585
379456201.980782,5503
379456213.769308,1498
379456229.509118,13104
379456237.791313,12928
379456246.577703,1887
379456258.999429,1497
379456270.390754,10705
379456287.084911,12905
379456294.899994,13135
379456303.988671,653
379456312.336605,12999
379456323.941852,12924
379456333.744512,12988
379456342.543331,4492
379456361.240382,1623
379456374.641337,5996
379456382.96205,285
379456392.506892,1421
379456413.079622,180
379456420.093451,1370
379456431.957725,3172
379456442.907933,11670
379456459.160595,13154
379456476.869892,385
379456486.59911,13146
379456508.44389,118
379456511.693275,111
379456521.927031,13213
379456531.287567,13314
379456544.21374,13195
379456559.006372,3520
379456573.781846,1771
379456594.664452,1469
379456612.418678,3813
379456623.18457,12648
379456645.824248,9830
379456659.276788,13007
379456673.142948,1493
379456690.280651,2934
379456695.036447,196
379456710.339819,12997
379456725.181399,13140
379456745.05144,5017
379456757.425911,12914
379456769.831408,12887
379456781.716196,248
379456793.58322,12310
379456797.924756,12888
379456814.81757,12826
379456831.343334,5086
379456845.157448,13265
379456855.673574,12816
379456867.326388,911
379456887.88818,320
379456898.26492,12727
379456905.609285,124
379456918.752206,12695
379456934.13874,12657
379456941.583915,563
379456955.825573,7631
379456969.372226,2000
379456975.22719,11632
379456988.563555,12659
379457005.351242,12762
379457022.327857,1461
379457037.984741,10595
379457048.206283,1469
379457054.844792,96
379457067.049329,4141
379457084.872776,2735
379457090.957216,10253
379457103.284531,107
379457116.404283,3630
379457126.558206,12500
379457142.079063,259
379457144.065416,106
379457146.074186,87
379457160.478734,2885
379457166.549524,204
379457174.950903,7452
379457193.69991,12477
379457207.757581,11502
379457217.964426,12393
379457229.240873,1833
379457237.934599,12469
379457241.817876,12458
379457249.569416,12513
379457264.571754,8297
379457273.825837,6102
379457290.263425,12481
379457305.909131,2390
379457317.302998,962
379457329.923969,12878
379457344.37295,8634
379457355.091342,1681
379457370.215956,5463
379457396.932254,12664
379457407.618533,1445
379457433.616314,828
379457448.684059,1868
379457459.964324,13105
379457466.854037,1491
379457477.798665,117
379457486.076167,11250
379457508.635029,5939
379457517.043287,12939
379457529.977969,12839
379457540.241245,126
379457551.962772,1455
379457572.259474,219
379457591.793821,93
379457597.610913,1481
379457605.942485,3331
379457619.989352,1236
379457638.029623,12911
379457659.376105,12936
379457669.219766,1511
379457683.141655,12987
379457689.395464,1542
379457712.174195,3771
379457716.103372,112
379457717.425012,233
379457718.677111,163
379457733.222251,4803
379457757.784935,13101
379457764.570224,8542
379457783.557788,237
379457807.971701,9167
379457823.981018,2490
379457836.678299,2617
379457849.054517,2833
379457866.231139,10222
379457877.751581,2079
379457890.719636,1487
379457899.588903,9937
379457911.786968,4284
379457919.844416,109
379457945.65,13098
379457965.175309,5093
379457979.120741,13065
379457993.084267,13033
379458010.399509,13143
379458017.813973,13059
379458033.921165,1775
379458043.923391,13134
379458054.046276,13262
379458081.999985,436
379458090.908965,12967
379458117.564577,4507
379458137.500205,1465
379458146.874233,190
379458157.516345,255
379458169.26015,214
379458172.931319,171
379458188.475021,12928
379458199.734791,6828
379458223.975233,12795
379458235.873001,13049
379458240.745515,10428
379458253.418632,1490
379458283.852179,7108
379458302.702932,650
379458315.751861,1081
379458325.971434,1476
379458341.903036,12682
379458356.366662,6100
379458377.467053,12858
379458385.637742,12731
379458395.150747,1492
379458416.707907,8690
379458425.839334,866
379458449.611865,10888
379458462.989059,4827
379458477.295904,4009
379458498.675126,12415
379458511.090997,6236
379458525.788084,252
379458559.138727,3361
379458567.009598,298
379458581.586416,12467
379458596.690404,5297
379458615.866242,829
379458632.163475,178
379458643.835685,4580
379458655.581635,386
379458665.332854,1530
379458684.848009,996
379458695.189133,175
379458706.740786,10908
379458716.774204,1513
379458726.478889,10858
379458752.274267,8303
379458768.323011,1452
379458786.242682,136
379458793.805986,12902
379458808.534819,3962
379458816.370139,12932
379458828.895788,4896
379458857.102456,114
379458866.900937,2497
379458886.466671,4906
379458895.364381,681
379458924.396264,89
379458937.221196,1478
379458942.292839,2945
379458951.228414,89
379458970.125011,13272
379458984.481512,159
379459013.594469,1512
379459024.166028,4375
379459033.92952,5767
379459059.405147,210
379459081.65085,13107
379459096.107673,4127
379459111.521741,1256
379459122.134213,4639
379459130.03885,13141
379459149.125473,1462
379459170.581571,955
379459168.383626,370
379459191.565572,1490
379459202.68145,1453
379459221.401471,9839
379459240.673006,93
379459251.367895,11667
379459266.21462,9484
379459279.265468,13098
379459294.275988,8444
379459303.710511,1649
379459326.580467,12998
379459344.455023,870
379459358.018115,13341
379459381.64891,10502
379459395.948362,13177
379459413.516911,12954
379459433.026955,13401
379459451.5214,88
379459457.717646,7166
379459471.852751,290
379459486.798164,12818
379459496.435178,12859
379459517.305418,12783
379459527.940392,12828
379459546.183613,4011
379459558.275309,83
379459563.922585,8572
379459578.568861,10682
379459586.797272,12858
379459596.75781,12734
379459604.922874,12913
379459621.16976,12654
379459634.636651,13315
379459658.66051,7596
379459664.523238,361
379459677.123542,7132
379459686.24717,8908
379459694.700737,12787
379459720.417394,1960
379459733.946448,149
379459755.749104,12510
379459777.356834,12462
379459785.514899,8901
379459805.836743,12454
379459821.346895,10919
379459835.147216,1002
379459846.437903,89
379459865.038064,13033
379459884.027818,3635
379459898.601103,1852
379459913.366037,12428
379459919.385847,89
379459922.546839,10536
379459936.806032,12523
379459947.417891,10272
379459965.528172,13217
379459979.630672,617
379459986.614735,1775
379460001.686025,997
379460009.690138,12601
379460026.468233,12625
379460040.233459,12673
379460060.124229,2115
379460071.564682,12630
379460080.391851,425
379460093.615142,4767
379460104.910934,246
379460120.696317,12731
379460132.297301,12762
379460141.247395,105
379460158.560975,476
379460166.038222,12808
379460178.490311,140
379460192.049469,7026
379460207.807441,8750
379460231.657688,12897
379460237.277741,8672
379460255.644867,551
379460279.964269,104
379460298.935957,13099
379460311.544077,12980
379460323.352887,13217
379460340.673113,13058
379460352.8388,2539
379460361.089839,160
379460371.272295,5622
379460375.099389,3635
379460385.313941,1482
379460398.53658,8743
379460417.496444,12955
379460442.559056,83
379460454.44509,13165
379460463.020933,1690
379460477.542642,6909
379460502.251672,13246
379460511.635099,593
379460533.597604,8754
379460554.719823,9225
379460576.975322,4832
379460584.728673,13142
379460597.544518,1080
379460603.803203,13087
379460626.141063,13097
379460642.173889,3586
379460655.297782,4314
379460675.438697,1487
379460690.135271,9584
379460702.415388,6201
379460716.44344,99
379460729.524515,12923
379460746.140351,1467
379460758.0785,13032
379460786.69097,12920
379460794.604608,12954
379460817.393021,3596
379460831.288304,2161
379460841.806007,1356
379460854.943915,12997
379460862.921706,10332
379460877.700077,7481
379460892.525902,13067
379460902.106967,5750
379460917.839427,1127
379460946.283449,447
379460957.164565,12977
379460970.418605,3946
379460982.751536,1403
379460993.448318,153
379461002.663858,12636
379461019.2326,1177
379461033.61938,1431
379461044.300338,89
379461055.744761,559
379461068.539621,1209
379461082.981432,1971
379461092.883534,10647
379461110.360976,12840
379461131.740798,12659
379461146.822968,2091
379461168.998034,110
379461191.907461,12409
379461199.479373,12592
379461212.429303,13420
379461218.158028,4765
379461228.630497,278
379461239.825086,92
379461252.04467,6561
379461266.869368,12495
379461281.825878,1477
379461301.798317,13399
379461321.196676,12559
379461339.501925,135
379461354.382744,5920
379461368.180216,2938
379461383.174669,3425
379461393.556949,380
379461421.163649,12737
379461435.479982,12971
379461449.40856,12741
379461472.413252,95
379461486.713986,7301
379461496.21896,12784
379461510.490528,3077
379461522.710175,1487
379461541.415717,12828
379461554.997751,2488
379461566.535494,12864
379461590.618687,1380
379461609.377929,3391
379461612.440332,103
379461633.419308,12957
379461648.059257,251
379461665.468791,1117
379461679.81892,9979
379461685.503463,13292
379461693.618933,1391
379461709.653824,13235
379461724.474362,81
379461741.826474,6371
379461760.113922,13173
379461772.898682,2578
379461782.365564,3267
379461803.984131,4816
379461814.358796,265
379461827.717452,91
379461839.427997,174
379461856.254258,1505
379461873.760701,8704
379461884.775009,13140
379461896.38943,133
379461915.534226,3744
379461928.888399,110
379461939.752419,947
379461949.44515,584
379461968.616979,13041
379461988.676553,13030
379462006.703496,169
379462020.21454,13182
379462032.926974,88
379462059.698934,13019
379462075.741398,246
379462091.395973,4613
379462118.544128,1446
379462138.309978,11623
379462156.353262,8629
379462166.529418,12798
379462175.888064,5333
379462188.44435,1233
379462204.634434,87
379462213.338553,13101
379462235.192734,12792
379462256.121292,12718
379462275.488193,1166
379462296.714463,12773
379462307.762884,2983
379462321.79369,12648
379462336.844773,6961
379462339.717987,87
379462357.829408,12818
379462367.918888,12501
379462374.258253,12687
379462388.745796,12991
379462397.600123,12489
379462413.25487,187
379462438.001314,3999
379462457.686175,12471
379462465.087677,8636
379462482.05252,12415
379462494.960368,7192
379462511.626792,528
379462530.791181,1882
379462549.878512,1662
379462568.871814,2990
379462576.999429,12496
379462585.610572,353
379462596.776049,12487
379462603.31354,12949
379462625.887898,6830
379462633.136522,12687
379462644.617301,531
379462663.907801,10618
379462675.315481,1476
379462681.552999,8081
379462698.651375,203
379462717.81008,573
379462724.359167,12908
379462736.856193,11828
379462749.249839,174
379462760.056737,12759
379462774.164041,117
379462786.709454,12756
379462808.799699,196
379462834.709791,12831
379462840.172685,12407
379462857.761017,13180
379462871.239511,128
379462885.078555,132
379462892.099888,1534
379462904.068115,1542
379462910.23521,995
379462927.661691,1438
379462937.454147,5744
379462958.825791,12980
379462979.406443,13003
379462989.43935,1480
379463001.729573,13027
379463014.085433,1724
379463029.905924,6858
379463048.810939,4437
379463061.549566,443
379463080.490715,195
379463092.675922,13158
379463110.239121,13248
379463130.100076,334
379463135.228105,13306
379463143.94733,127
379463156.399282,1474
379463169.914085,1512
379463176.33771,2224
379463188.37016,7977
379463212.96115,4450
379463225.975838,4460
379463235.172537,2364
379463251.078079,98
379463259.192145,118
379463272.592088,9255
379463290.865118,12099
379463315.360746,10165
379463326.636965,3326
379463343.348581,139
379463353.884614,11915
379463364.186443,6185
379463379.548471,11619
379463392.269571,12931
379463413.541268,8031
379463422.24008,143
379463435.599608,687
379463450.981474,12841
379463464.939774,8327
379463476.818191,1537
379463486.968184,278
379463505.538456,111
379463534.131087,10909
379463544.606749,121
379463555.611956,254
379463575.01294,12947
379463582.2198,84
379463587.223844,1349
379463603.544198,12758
379463617.755042,11061
379463631.53436,12646
379463639.535816,683
379463657.1699,4736
379463672.531501,11307
379463687.930454,12516
379463702.83259,308
379463716.013916,96
379463734.954557,740
379463753.173088,12262
379463772.122995,12605
379463781.338124,8491
379463797.404728,316
379463811.523998,12424
379463818.862838,12398
379463834.15939,12380
379463852.708056,648
379463862.418952,13169
379463872.372176,12892
379463890.43128,99
379463904.809601,1480
379463925.339137,10100
379463940.064229,9477
379463953.44979,1458
379463971.167627,12679
379463994.080559,139
379464000.527414,90
379464016.391291,12630
379464022.904075,12616
379464040.107744,1827
379464060.458257,2803
379464073.321668,7071
379464083.492986,88
379464100.892346,165
379464120.264803,12395
379464140.917701,1461
379464156.412341,6511
379464174.852396,1486
379464190.691653,1476
379464216.813305,12839
379464232.755883,1526
379464246.834537,7458
379464254.177718,12951
379464276.257153,13132
379464298.548178,13220
379464314.503922,174
379464327.120657,120
379464351.461521,4045
379464362.536832,13092
379464376.881105,13128
379464397.281788,7628
379464424.964983,13131
379464439.125246,2375
379464452.646149,13158
379464470.62194,13209
379464478.905777,13176
379464489.153686,12551
379464502.712196,1974
379464523.137312,1478
379464530.235935,103
379464542.760287,1777
379464569.651863,199
379464584.845392,13411
379464598.625645,6913
379464605.324811,13078
379464624.448882,4852
379464640.61994,9378
379464650.310317,5255
379464665.610229,86
379464677.743178,1492
379464698.961143,9060
379464718.578319,847
379464731.884052,10169
379464747.847842,728
379464754.654294,1757
379464780.644621,2256
379464796.594814,12861
379464811.67606,383
379464828.231,12344
379464839.894844,12778
379464849.706431,1698
379464871.36325,1450
379464881.381225,620
379464893.454423,1707
379464904.513368,7449
379464921.934559,955
379464935.54853,1333
379464947.080035,12687
379464957.722626,12625
379464971.350036,91
379464981.007385,707
379464998.260264,2826
379465007.031481,101
379465028.653097,12945
379465040.576051,6313
379465057.584284,5548
379465068.387085,1456
379465084.968185,4587
379465094.822638,12543
379465104.080707,1610
379465118.871589,12472
379465133.107254,4196
379465151.680359,12363
379465163.241553,6550
379465183.839309,129
379465193.238787,4788
379465212.018921,7602
379465225.633324,3408
379465235.128288,12604
379465248.879005,9499
379465260.174787,7695
379465282.099502,6221
379465307.590395,13093
379465327.125031,2813
379465337.362512,8859
379465356.129471,12426
379465364.268824,12611
379465381.410626,12623
379465401.701794,1743
379465421.850819,12995
379465440.29948,116
379465459.111526,3474
379465480.384929,12888
379465491.408776,1457
379465503.099038,12843
379465516.334712,6153
379465528.196518,1484
379465545.57778,9995
379465562.4288,7036
379465573.694139,951
379465584.753767,13211
379465591.679335,104
379465600.960424,13210
379465621.385487,425
379465644.617591,12130
379465663.87728,12642
379465673.721164,652
379465686.227202,13042
379465703.882962,13218
379465725.903107,1525
379465735.599331,13090
379465750.986003,108
379465765.421091,1801
379465783.489551,868
379465808.7072,13234
379465822.298039,13228
379465850.23954,12345
379465864.24655,1008
379465884.546089,4829
379465896.767301,13191
379465906.904207,3716
379465914.276913,150
379465924.862382,1495
379465944.874294,100
379465950.355792,13032
379465960.081667,13009
379465976.077425,468
379465992.820495,1417
379466013.685725,7956
379466028.119906,11777
379466057.164875,223
379466071.686252,11905
379466087.462684,7422
379466102.772486,12841
379466110.666811,12915
379466121.811242,533
379466143.529574,13015
379466157.489343,1444
379466170.360235,230
379466189.588441,12760
379466203.694033,1509
379466226.792769,1050
379466242.46064,1773
379466257.168162,553
379466262.560823,12680
379466275.322116,12677
379466286.196508,106
379466296.295668,1522
379466307.586704,11043
379466317.457565,10492
379466327.170211,9778
379466340.334712,12602
379466363.198454,7065
379466371.565748,4493
379466375.901827,10394
379466391.600213,12504
379466409.864029,12450
379466416.197054,1516
379466430.413258,1600
379466452.313833,4700
379466462.136798,1543
379466485.840227,1765
379466505.280613,1483
379466525.329402,378
379466535.889435,741
379466549.594719,3586
379466558.945235,12561
379466575.705361,1556
379466582.117626,5714
379466604.186006,1593
379466614.676387,191
379466640.520962,146
379466658.09239,134
379466670.465906,9662
379466686.566573,13072
379466700.475907,202
379466725.892586,13083
379466732.953302,12539
379466746.115192,3628
379466764.396554,89
379466779.824327,12896
379466797.730338,507
379466804.790839,525
379466831.217827,3164
379466857.517067,12520
379466879.775808,10268
379466889.936697,12878
379466900.679493,1481
379466913.63538,12936
379466925.186805,4549
379466936.09087,1543
379466943.103327,1346
379466954.431984,1535
379466968.99957,291
379466986.347248,1133
379467004.610343,5245
379467012.420348,1509
379467019.596102,9712
379467037.973637,13185
379467050.557019,3298
379467073.148741,84
379467087.06581,1356
379467098.548317,5120
379467122.010574,2273
379467139.804575,13331
379467149.593414,8466
379467159.349408,4018
379467169.23383,9905
379467187.046486,117
379467206.260603,9213
379467237.130879,7433
379467248.8249,1505
379467258.323874,5406
379467276.242018,13320
379467283.292034,1511
379467297.967863,105
379467312.52923,6919
379467330.903592,13013
379467351.434339,105
379467358.419594,1494
379467368.023719,2433
379467384.281109,10455
379467395.775192,138
379467417.3739,11000
379467437.950093,12868
379467460.492861,5402
379467472.188997,1446
379467486.895879,3879
379467504.830612,89
379467520.237056,3202
379467545.881508,12687
379467563.959154,12652
379467585.869579,9132
379467601.37724,3523
379467613.654411,9740
379467629.661552,6749
379467645.089592,4839
379467655.133407,1945
379467660.439483,12589
379467682.116006,1281
379467705.482131,3453
379467711.647281,10626
379467724.568135,12797
379467736.962924,510
379467751.978255,12465
379467779.589211,6618
379467793.474194,616
379467795.608713,4797
379467808.981707,6720
379467818.182828,9570
379467833.119003,8013
379467847.170735,12444
379467866.204384,1065
379467882.753951,1530
379467905.512056,12496
379467923.389346,12760
379467948.180088,12707
379467951.741645,263
379467962.81839,8381
379467981.525228,12627
379467996.209433,12617
379468007.81748,12681
379468020.012019,12915
379468037.418265,12860
379468055.268664,12698
379468067.75556,12888
379468077.611518,13002
379468100.270613,12828
379468114.971281,6822
379468129.069791,1497
379468143.668363,12800
379468159.098492,12355
379468168.383172,13003
379468179.56391,6505
379468198.789526,12901
379468209.210652,4824
379468232.300536,3414
379468247.044041,819
379468257.293775,93
379468268.360721,13039
379468284.413156,12982
379468292.78687,13007
379468316.961443,13013
379468326.518823,12170
379468342.345353,119
379468362.054597,9853
379468370.354627,13114
379468382.220802,84
379468393.331272,2241
379468404.847005,406
379468421.938071,95
379468435.676975,9474
379468450.243608,6039
379468463.097512,1454
379468483.139861,13217
379468494.726041,3058
379468516.325724,13123
379468528.15373,95
379468533.720483,13180
379468558.429782,13129
379468577.513701,13250
379468599.358863,9548
379468625.662907,6872
379468648.451248,4634
379468665.795287,12951
379468672.866222,13007
379468682.554315,12959
379468692.432721,13269
379468705.570295,13217
379468726.590444,10568
379468737.25302,107
379468752.023723,111
379468766.989873,368
379468778.553667,12777
379468786.349468,1393
379468799.567566,12814
379468817.708859,12828
379468836.089131,12983
379468855.330768,465
379468881.840468,523
379468891.063026,12708
379468908.65037,12622
379468917.57698,13044
379468930.614528,1495
379468937.435112,6520
379468948.919602,613
379468963.517884,95
379468971.156167,162
379468990.252147,12819
379469003.808376,975
379469018.282977,1551
379469033.546901,12699
379469052.795758,1517
379469067.425294,12708
379469078.330681,11791
379469088.361872,12680
379469110.223691,86
379469121.490267,7637
379469138.850977,11125
379469149.035054,12402
379469169.630038,12449
379469180.027319,12883
379469197.457847,12465
379469211.988901,12570
379469223.695208,12505
379469231.398158,4147
379469253.607418,6757
379469266.778767,87
379469292.306549,13263
379469306.847837,1465
379469324.776627,451
379469345.642746,275
379469364.177868,13028
379469382.953706,7003
379469404.788005,471
379469427.322526,11970
379469439.824793,12758
379469452.165951,3625
379469457.031317,113
379469459.028778,92
379469469.24224,95
379469482.400775,12827
379469493.937751,1268
379469510.123775,2292
379469528.510216,1394
379469544.742309,12800
379469565.583543,12915
379469575.75693,12957
379469587.34222,12991
379469606.339877,12945
379469627.729543,12943
379469636.512016,107
379469653.286053,822
379469666.990831,13033
379469682.046757,13346
379469700.115394,4054
379469722.857701,13171
379469734.860033,6203
379469755.682763,13426
379469780.870016,13235
379469787.909096,127
379469801.959053,1570
379469820.074382,8203
379469827.902353,9282
379469840.610291,474
379469851.286318,13199
379469865.58007,91
379469873.957286,1654
379469887.788107,4533
379469901.900439,13054
379469922.159624,8005
379469937.260841,6882
379469957.105927,1573
379469981.139992,499
379469994.353129,13013
379470017.661653,818
379470027.584741,13235
379470041.666673,12870
379470053.759824,107
379470076.482233,12868
379470095.162905,1705
379470103.564427,8538
379470124.739214,12789
379470143.744142,611
379470149.846063,1518
379470156.865113,507
379470170.296304,12728
379470187.42625,13078
379470196.440825,12779
379470221.637725,1492
379470232.175966,83
379470244.18314,12686
379470260.78354,1003
379470274.974904,7842
379470284.843505,12610
379470299.006115,5752
379470319.035515,318
379470340.039967,1453
379470349.039176,12566
379470363.252293,442
379470376.543584,12449
379470391.868348,12636
379470407.589165,12635
379470411.640936,116
379470412.794409,115
379470413.46708,5120
379470429.120157,2599
379470442.430198,421
379470464.902204,12665
379470470.792002,95
379470487.064392,4159
379470498.768384,1276
379470509.860756,1433
379470530.831128,232
379470545.580387,932
379470554.711577,13145
379470585.019589,9448
379470606.127055,149
379470621.741867,12990
379470633.035583,11852
379470647.654898,442
379470660.705566,10436
379470676.065436,1932
379470692.474703,160
379470703.409175,12804
379470730.459304,12725
379470761.907455,949
379470770.912496,12997
379470792.237165,12819
379470798.499602,1334
379470819.681359,706
379470836.560393,10082
379470853.737865,1483
379470865.071854,12888
379470881.723962,12971
379470895.018545,1241
379470909.538416,13403
379470937.81474,13145
379470952.021383,494
379470975.453173,2795
379470981.919826,122
379470997.423888,6830
379471016.30514,3573
379471027.71454,6455
379471036.772293,316
379471051.359395,876
379471065.635018,1445
379471083.3528,13196
379471098.434195,3626
379471116.760747,1518
379471132.908229,953
379471141.232214,112
379471160.035258,11392
379471177.095576,265
379471187.553755,13187
379471207.294555,464
379471219.868372,13126
379471238.541723,12363
379471253.62274,270
379471272.955068,13032
379471280.010151,369
379471307.506485,12942
379471346.263898,1475
379471362.671367,12930
379471392.788031,13317
379471396.560133,652
379471413.151156,864
379471423.558233,1796
379471435.060515,13406
379471450.057464,13209
379471463.777867,568
379471467.839668,10959
379471482.577493,1296
379471499.38592,5371
379471510.799857,10899
379471530.755689,103
379471549.787199,3774
379471570.60562,100
379471580.451762,12647
379471601.220308,7183
379471615.157036,12596
379471629.885373,11868
379471644.5468,1622
379471662.203691,12508
379471677.05652,4500
379471692.281645,123
379471709.222558,2953
379471729.269819,2840
379471741.90433,93
379471756.412211,12859
379471765.57531,97
379471775.060333,3725
379471787.961386,370
379471792.914517,154
379471806.609232,12955
379471812.003663,866
379471827.91847,12452
379471844.116876,3970
379471861.243901,89
379471875.179529,12467
379471895.05295,134
379471907.020981,108
379471923.91889,12592
379471937.545052,13037
379471950.663204,1347
379471964.415991,11742
379471979.963,1428
379471989.932951,1170
379472008.529673,12662
379472023.692278,12692
379472039.934348,2129
379472056.07094,12843
379472065.436063,9560
379472077.551389,3640
379472098.972005,7984
379472113.472807,1459
379472127.558362,12855
379472150.671955,13286
379472172.965455,12839
379472184.904269,12894
379472203.83491,1518
379472225.928753,9948
379472246.620396,11953
379472264.429618,12985
379472270.955262,13312
379472287.964676,13037
379472304.990393,13009
379472323.230122,7559
379472343.366786,3481
379472360.251938,364
379472363.645232,13147
379472384.306716,13172
379472394.74944,13282
379472407.86992,434
379472432.420472,13245
379472444.875876,235
379472459.298443,102
379472473.894442,175
379472492.88251,12048
379472505.085182,159
379472518.519179,13172
379472533.18131,13075
379472548.151891,2284
379472570.523343,2227
379472580.084847,1491
379472586.181184,540
379472599.687734,1512
379472613.165062,1429
379472637.185676,469
379472654.330615,7773
379472669.411368,13025
379472689.196042,1455
379472702.758854,253
379472717.988387,13172
379472736.375901,4371
379472747.10341,3408
379472753.907924,13049
379472777.809596,674
379472798.216479,116
379472813.913427,89
379472830.567328,447
379472850.708612,12695
379472873.022984,5444
379472879.38136,12922
379472889.309446,7915
379472910.61849,12673
379472921.771096,6677
379472936.179145,980
379472941.793096,12582
379472954.561277,12550
379472968.058099,5987
379472978.739565,314
379472999.925082,5083
379473014.585417,123
379473031.285689,4547
379473043.36885,12912
379473062.022878,8776
379473071.184084,91
379473092.896292,1349
379473114.069637,12368
379473141.543201,1475
379473162.171446,4004
379473180.058324,5924
379473191.577701,5050
379473204.129279,12611
379473212.377143,7505
379473229.191049,100
379473242.896868,5571
379473256.855293,12616
379473264.04032,13278
379473277.231385,8321
379473286.890284,681
379473311.476328,12694
379473326.76796,1340
379473340.794659,1858
379473356.876028,1460
379473382.429425,13113
379473395.080229,12848
379473405.652136,95
379473421.000458,1504
379473437.459202,6203
379473452.526146,105
379473463.623234,6325
379473487.369977,1517
379473504.912775,10083
379473513.506636,270
379473524.991911,7114
379473541.350909,1555
379473555.737646,451
379473564.870995,8623
379473579.240338,7635
379473597.670345,3661
379473613.940661,1450
379473623.745503,13069
379473634.647181,103
379473648.018479,13039
379473661.576461,13420
379473674.967588,13098
379473681.110954,13094
379473690.239218,1422
379473700.65425,13395
379473719.874901,7185
379473734.033898,1606
379473757.224745,4718
379473776.127637,3555
379473784.518991,4887
379473803.362813,13197
379473807.455687,13226
379473824.503277,3229
379473837.90268,6858
379473849.774187,1503
379473858.343549,9256
379473877.242209,324
379473897.720515,10883
379473913.891642,1500
379473927.968822,13062
379473952.515702,4045
379473968.915822,13005
379473987.071007,12951
379474000.758669,2118
379474013.929129,9924
379474026.62375,12866
379474044.627379,6228
379474062.140231,12998
379474094.391177,10988
379474112.029358,7331
379474128.125988,13300
379474139.492713,1531
379474154.378935,12750
379474169.725257,1487
379474182.114465,13227
379474197.910225,12704
379474209.036869,12640
379474219.83681,1424
379474240.11411,8076
379474251.579101,919
379474273.272588,12620
379474282.837644,13064
379474303.584603,9971
379474320.659415,12885
379474336.414218,1415
379474343.057853,1433
379474358.602426,8579
379474368.779404,99
379474378.087234,12460
379474384.355784,12478
379474397.856795,12441
379474414.588371,12414
379474428.402172,12786
379474443.205864,5583
379474452.955541,12197
379474474.167917,8967
379474486.096076,12461
379474500.264798,6723
379474515.826698,142
379474539.453797,13424
379474560.093018,2061
379474577.321816,106
379474590.991244,13003
379474602.420011,11775
379474623.51402,8512
379474642.448678,221
379474653.170577,8415
379474669.173053,12698
379474682.944157,12686
379474699.052526,3133
379474711.153853,1812
379474727.644604,521
379474745.501971,1738
379474757.712163,417
379474773.266497,8479
379474785.431563,12848
379474810.56403,2589
379474822.01285,103
379474829.415035,1489
379474843.592111,5002
379474854.963169,124
379474868.518575,1816
379474889.17883,12977
379474898.072079,8814
379474914.900271,1485
379474936.837885,1491
379474946.514904,113
379474961.032167,13083
379474971.351592,4562
379474990.535105,13171
379475003.57895,92
379475023.828264,13270
379475043.161718,342
379475055.018121,13240
379475067.148158,13160
379475090.145333,352
379475108.180053,13178
379475119.290554,489
379475132.352106,13147
379475150.624313,13162
379475173.62363,10441
379475191.398378,246
379475202.304659,222
379475220.051494,13282
379475238.873124,2751
379475254.360029,1715
379475277.749305,93
379475289.837726,12854
379475306.886705,3331
379475332.716202,12955
379475346.950054,11789
379475367.40013,11393
379475384.70576,5400
379475394.601017,193
379475404.975821,1702
379475422.283965,7154
379475430.452088,1133
379475439.605978,3225
379475453.06464,1277
379475466.426998,11696
379475474.74596,12722
379475482.189373,12707
379475491.626024,115
379475511.011361,12763
379475535.08298,8841
379475558.446401,135
379475559.282328,95
379475576.388777,2345
379475589.459847,7593
379475608.19745,12592
379475613.546095,12662
379475635.966895,10786
379475647.269385,899
379475655.774417,2441
379475688.575845,10497
379475699.973266,13042
379475710.199998,12449
379475718.910321,4138
379475742.890041,1510
379475755.789842,2982
379475772.305018,1688
379475789.96721,12407
379475793.740444,10548
379475813.198343,129
379475815.135027,12425
379475828.934272,1518
379475847.99081,87
379475854.067068,552
379475865.712436,12525
379475880.32813,1651
379475887.193046,12529
379475897.664508,13014
379475917.270137,343
379475945.986193,8015
379475958.40592,106
379475982.028338,5540
379475998.188177,232
379476004.157634,4212
379476030.238697,85
379476041.967519,12736
379476053.351929,4905
379476070.381585,12750
379476079.698494,13169
379476100.929925,1485
379476108.581172,9908
379476122.607593,680
379476130.626158,12848
379476141.943872,1554
379476150.008384,5544
379476169.376577,12881
379476171.87702,1105
379476182.484456,7299
379476194.758467,9781
379476212.908151,4681
379476227.649834,13010
379476235.207061,1522
379476255.983454,115
379476257.869516,103
379476258.528921,13319
379476270.658487,11844
379476292.616217,435
379476310.219837,93
379476338.760515,181
379476353.254332,13127
379476373.913715,2582
379476381.713312,9451
379476402.314437,237
379476403.245836,725
379476410.37723,13224
379476420.345383,5188
379476432.839396,1479
379476450.53962,4240
379476462.015676,1505
379476481.4661,13156
379476496.276592,13247
379476502.743925,10772
379476514.643656,13102
379476530.096249,13261
379476546.19511,1194
379476556.533246,7613
379476568.715791,13296
379476580.206217,111
379476589.24977,6069
379476608.711694,1500
379476623.383648,7448
379476642.974723,13106
379476671.237901,100
379476690.85678,1468
379476704.050242,12935
379476722.286001,183
379476742.238103,12799
379476757.33848,13098
379476768.044517,2520
379476793.263056,450
379476810.376436,422
379476823.292762,97
379476829.286408,4331
379476841.1833,1469
379476862.391946,1136
379476880.107842,696
379476898.471439,11311
379476907.809941,5204
379476926.058302,12630
379476954.897504,1492
379476972.981377,13408
379476977.662423,925
379476979.435329,12628
379476995.846274,12490
379477013.10984,85
379477030.310652,1837
379477041.430616,12446
379477054.564354,12374
379477073.27278,12568
379477086.797393,146
379477096.983034,12419
379477112.277499,12409
379477120.73472,10634
379477136.514376,3472
379477151.937286,94
379477161.054366,13122
379477176.378216,2260
379477193.519165,5578
379477210.701416,10811
379477227.423495,540
379477239.141456,3034
379477244.627966,1455
379477264.028155,3522
379477280.001861,92
379477287.53408,12131
379477300.965519,4546
379477315.268035,5980
379477330.780357,1636
379477339.944233,3081
379477349.146562,3884
379477372.252539,1460
379477388.62608,12806
379477396.765685,1458
379477415.929215,13118
379477429.792901,1431
379477439.692503,7237
379477453.629201,848
379477485.230604,12897
379477506.074875,13003
379477523.43249,195
379477535.649916,10047
379477549.838026,6231
379477559.386299,716
379477571.846033,535
379477592.102622,9531
379477607.405198,3002
379477626.480833,162
379477648.48262,11969
379477664.161759,88
379477690.797727,13316
379477711.068461,5346
379477729.390561,1410
379477749.552563,13297
379477773.486804,1593
379477801.969088,2142
379477815.348844,2046
379477825.441774,6064
379477840.650949,13207
379477861.521455,7122
379477878.174239,120
379477893.040705,854
379477902.698234,827
379477910.722153,1483
379477926.849074,13225
379477938.030302,8063
379477948.05984,10056
379477969.388807,2429
379477983.777806,682
379478005.479796,1125
379478015.404688,7832
379478033.81287,217
379478039.897215,4701
379478059.70691,12812
379478072.281122,10113
379478085.054274,13220
379478097.636385,1471
379478117.87491,564
379478128.949999,11043
379478140.755369,12710
379478158.527354,12807
379478176.677817,1824
379478186.164997,12801
379478209.811981,12630
379478215.262926,135
379478215.461956,9699
379478230.050417,10767
379478246.062556,93
379478261.595951,325
379478277.992841,9732
379478292.141534,12567
379478306.804347,12549
379478322.581079,13194
379478335.120146,740
379478342.444131,1466
379478350.000286,102
379478361.843225,114
379478373.542094,951
379478394.112789,12437
379478401.890068,9194
379478418.172677,101
379478434.311816,12407
379478445.296949,1260
379478463.940954,1462
379478476.498154,9943
379478492.082508,3029
379478505.143707,12530
379478521.753148,12812
379478535.868212,2557
379478552.802478,1638
379478569.024408,84
379478579.339139,12640
379478592.313261,1455
379478604.368412,9099
379478619.889831,1493
379478635.340314,9137
379478647.84064,708
379478659.022787,13240
379478669.096406,7561
379478691.285318,5358
379478706.514487,99
379478725.031114,206
379478730.069785,1275
379478748.743051,12784
379478764.654366,1578
379478773.349303,8922
379478789.343639,1448
379478807.327947,12926
379478823.600193,12888
379478843.727053,752
379478862.679193,668
379478881.892473,8237
379478897.923047,12455
379478902.224552,107
379478905.509924,3938
379478932.613607,13022
379478948.64192,1514
379478960.803082,1453
379478976.519773,8597
379478986.014982,7159
379479008.792236,1693
379479024.347349,13134
379479052.348591,13264
379479063.808622,196
379479082.053491,814
379479107.754493,13156
379479137.061922,7969
379479149.240117,5058
379479162.999935,13150
379479181.768868,3248
379479195.861933,13081
379479203.877726,7451
379479231.839659,7301
379479238.257631,1452
379479260.747769,13145
379479275.418357,113
379479292.468921,91
379479303.756069,96
379479317.273964,13041
379479332.37941,5812
379479359.609733,92
379479380.007557,3780
379479396.52167,1450
379479405.67884,9701
379479429.836801,12749
379479448.212116,9525
379479460.80717,12865
379479479.498381,8349
379479487.31525,223
379479501.650805,8790
379479511.616959,96
379479527.220315,1588
379479541.115223,92
379479551.229481,1457
379479559.390156,5362
379479569.405779,13354
379479583.728,7597
379479590.965122,96
379479612.754331,12527
379479627.01517,1464
379479640.603149,12862
379479647.134028,1355
379479663.283155,782
379479673.635501,12457
379479690.476767,474
379479707.786601,2054
379479724.933058,1487
379479740.284507,1459
379479756.404579,1016
379479772.615505,104
379479785.481485,12739
379479808.873386,12489
379479822.431708,12474
379479834.144901,12459
379479843.245244,12622
379479853.212815,3677
379479866.83908,11434
379479873.81988,13020
379479894.036956,1418
379479905.290731,608
379479922.676338,1468
379479938.386006,12918
379479949.317826,6027
379479962.434886,12637
379479972.487285,12683
379479985.585938,12695
379480002.191297,5842
379480017.444986,12870
379480033.461002,1499
379480045.203785,1476
379480055.063429,1448
379480073.309876,100
379480086.139167,1463
379480095.689435,3712
379480105.62517,207
379480115.865089,12862
379480129.347071,3030
379480139.8106,1682
379480152.305302,1494
379480167.503916,480
379480181.114399,7452
379480190.171364,6828
379480205.607597,12991
379480233.381822,783
379480249.325989,13169
379480265.91019,13334
379480274.42522,11466
379480297.999871,134
379480301.936523,13099
379480313.194983,116
379480320.027999,13340
379480342.067553,4525
379480352.24322,627
379480377.271923,13128
379480393.178793,13357
379480415.120263,157
379480424.788266,13246
379480435.356269,13340
379480449.48501,102
379480467.964207,9599
379480482.864028,91
379480497.997775,92
379480514.40254,101
379480515.018093,8332
379480531.510792,11495
379480544.95319,13423
379480558.907323,2122
379480576.748454,12943
379480589.061818,13036
379480608.774619,13001
379480631.515735,7175
379480642.866045,133
379480668.704351,977
379480688.277649,3079
379480701.005629,8968
379480715.204038,12813
379480724.124589,12806
379480735.220491,656
379480744.516093,4928
379480757.427599,13153
379480760.827223,12818
379480779.263802,5641
379480784.516557,213
379480800.201093,13136
379480808.655444,112
379480818.712338,351
379480828.742571,284
379480835.931947,8250
379480850.001195,10937
379480864.903513,2509
379480887.367703,9053
379480894.154872,688
379480902.212506,12605
379480912.637649,1508
379480920.208006,13207
379480944.523799,12778
379480955.951162,1383
379480970.397271,13382
379480982.271605,9124
379480990.014414,6352
379481003.558167,7194
379481012.952364,8669
379481024.028623,12399
379481035.947468,1294
379481047.237738,13239
379481058.427736,2144
379481074.396832,12023
379481080.036675,1542
379481087.120204,12431
379481100.082067,7581
379481114.679079,12422
379481124.378159,13133
379481138.510144,12983
379481143.505567,111
379481145.240577,4013
379481163.437246,12522
379481174.687832,151
379481185.904863,5671
379481199.629169,103
379481209.200797,13259
379481215.162718,8845
379481222.348129,1486
379481239.985476,1099
379481257.279496,1227
379481268.270538,6360
379481274.585958,12671
379481286.538666,12663
379481296.375219,1148
379481302.832653,12682
379481310.00457,1531
379481324.719395,927
379481335.964357,3586
379481344.785636,93
379481347.200148,100
379481360.209592,12851
379481376.756421,12816
379481383.731236,133
379481390.311002,4346
379481391.918185,8294
379481402.123522,1480
379481415.622011,1470
379481429.03984,12864
379481442.925517,791
379481451.215449,12893
379481456.405529,13031
379481470.649096,90
379481485.801598,1910
379481500.095569,777
379481516.258804,1697
379481531.901913,1868
379481539.807125,1562
379481551.010781,2785
379481558.179559,3250
379481568.134092,12983
379481582.943145,1474
379481604.393542,612
379481612.801811,1184
379481628.255888,2362
379481648.281661,5359
379481660.348396,13121
379481673.417297,1470
379481685.253165,3176
379481696.263817,11214
379481704.811614,1627
379481711.830505,825
379481721.923403,100
379481732.354239,1271
379481737.468482,1631
379481753.801529,13184
379481759.450864,6833
379481762.460928,92
379481768.007127,217
379481787.569272,13174
379481799.640934,87
379481812.904618,13135
379481823.320025,13163
379481835.587757,13121
379481844.510786,3954
379481849.899715,357
379481857.684381,13110
379481869.840435,13058
379481881.50572,1329
379481896.134252,13030
379481903.721178,12012
379481909.154694,1179
379481919.379716,4623
379481936.357284,13011
379481945.146475,5007
379481956.243471,2595
379481966.83858,3513
379481972.825467,1055
379481983.20513,8797
379481990.145399,5499
379481995.396109,8315
379482007.70101,12851
379482024.790852,1967
379482030.852118,1807
379482039.917492,107
379482049.102859,5867
379482064.048585,2503
379482072.557216,1539
379482083.565055,12822
379482097.496733,530
379482105.632638,82
379482122.40966,9361
379482131.889503,12854
379482140.937128,1840
379482154.262309,12651
379482163.534305,461
379482177.270606,12672
379482185.786436,703
379482201.209294,2583
379482209.986798,1517
379482219.97779,286
379482229.111337,1478
379482236.915271,12599
379482247.42082,92
379482258.680883,12634
379482267.90726,12548
379482278.169541,12707
379482296.444165,3088
379482315.613635,1236
379482326.225976,12631
379482340.811949,2676
379482348.399142,12580
379482361.07571,3246
379482372.577772,1482
379482387.69597,10495
379482396.556639,12392
379482412.379637,3334
379482423.438972,5892
379482439.010201,5152
379482447.487746,12446
379482458.451275,2264
379482468.901036,3705
379482478.159475,2199
379482494.882923,406
379482493.94715,817
379482493.192789,142
379482499.162056,2001
379482511.253479,3793
379482521.741027,13200
379482534.380252,1404
379482546.815816,10748
379482556.338912,2916
379482563.873782,12595
379482578.304495,1471
379482590.453773,12586
379482603.199276,5623
379482624.00215,12517
379482635.711536,1928
379482652.349329,4054
379482662.722086,793
379482673.20906,159
379482680.8341,718
379482692.331589,6030
379482697.857169,12850
379482707.582806,12768
379482722.932308,3456
379482733.689853,12831
379482743.917302,7162
379482757.241859,116
379482767.334643,12821
379482784.351637,9207
379482793.388413,3169
379482806.760924,12902
379482822.572917,5590
379482835.599033,1539
379482842.766582,12973
379482852.814451,323
379482860.495499,158
379482866.903645,1018
379482876.673255,12984
379482888.440599,2943
379482893.879558,6538
379482905.504451,13028
379482922.787274,13097
379482940.562881,13067
379482957.338629,12726
379482964.332842,6250
379482972.702582,297
379482982.521727,11442
379482997.960236,13124
379483006.437665,13175
379483017.723672,13133
379483027.624711,286
379483049.461493,13244
379483054.570078,13345
379483062.88073,10176
379483075.411379,296
379483084.161884,1198
379483098.075164,1046
379483107.102374,3378
379483109.455715,627
379483119.210517,1211
379483123.847524,115
379483138.287461,13290
379483153.328572,13136
379483169.044667,1470
379483177.991361,11937
379483187.900482,3071
379483197.929523,5975
379483205.742788,99
379483225.698006,4643
379483236.542556,120
379483244.920515,292
379483251.281342,9590
379483257.275862,1259
379483268.77183,12915
379483278.108909,9862
379483289.439466,1723
379483305.40029,12905
379483316.853532,100
379483321.604703,10428
379483330.310964,140
379483344.796526,5342
379483352.84424,12967
379483359.127125,12820
379483373.329453,3446
379483382.812096,8265
379483397.907419,7486
379483415.366403,3874
379483427.350102,9833
379483436.605905,12750
379483441.079079,7429
379483447.327789,3846
379483451.130055,1430
379483464.503899,3253
379483472.06872,13171
379483482.337542,225
379483495.401171,102
379483502.096247,1348
379483505.64849,8740
379483514.604671,2361
379483518.367947,9720
379483528.562006,1833
379483539.751776,1491
379483548.28577,2203
379483564.009779,12653
379483574.024147,12677
379483581.034573,11791
379483588.447355,12594
379483601.232046,12544
379483608.385846,2915
379483618.215575,5258
379483624.566437,1310
379483629.641669,85
379483638.428124,990
379483640.702025,1528
379483647.310079,4033
379483652.643584,94
379483660.072481,1489
379483665.916245,1022
379483672.753997,12721
379483672.029407,12644
379483679.632908,548
379483686.318807,4199
379483698.421932,2704
379483708.947978,7919
379483717.747843,3637
379483725.993457,2941
379483733.930001,2487
379483743.191655,1505
379483748.060887,2600
379483752.003735,12406
379483758.731476,608
379483764.262122,7793
379483771.25511,7071
379483780.815364,2481
379483783.613227,12582
379483790.685717,5458
379483802.569484,1091
379483809.731035,5471
379483814.708983,340
379483824.190249,1531
379483834.580963,3703
379483839.500763,6800
379483845.874011,86
379483852.532799,12564
379483857.400727,12581
379483862.862428,2076
379483866.826291,444
379483872.225439,12566
379483880.79823,12962
379483891.659041,4673
379483898.119099,255
379483902.615746,835
379483912.218167,96
379483917.553743,3621
379483923.217407,531
379483931.816239,3741
379483936.840612,902
379483942.766876,12634
379483948.518953,572
379483952.721552,564
379483957.856287,405
379483969.977332,4874
379483976.572557,1329
379483980.603317,11025
379483986.125368,6962
379483994.630732,1792
379484008.237175,267
379484011.349374,4187
379484018.649092,7765
379484022.023542,8128
379484029.71326,12763
379484033.267493,2247
379484037.62522,1862
379484052.318896,2986
379484057.308958,2277
379484063.49372,1178
379484068.38308,3155
379363654.748959,86
379363660.818091,13063
379363663.533829,1110
379363668.051565,643
379363673.100657,12957
379363676.266853,1052
379363679.196537,1069
379363683.618001,13025
379363684.76684,12743
379363692.527259,7770
379363693.526939,7867
379363693.709092,3895
379363696.772802,660
379363701.552364,4927
379363705.532767,123
379363707.161273,8655
379363709.426764,12981
379363714.951703,732
379363716.95633,6018
379363719.574457,12942
379363722.453535,3570
379363726.719285,153
379363729.5659,547
379363734.006344,5180
379363735.340365,12937
379363738.737753,7794
379363740.887464,104
379363743.927613,850
379363747.768705,5548
379363754.601995,4972
379363754.899432,2892
379363759.986515,4441
379363760.415702,1184
379363764.463483,12874
379363766.372196,2605
379363769.861605,12147
379363770.947321,829
379363774.49889,6021
379363778.784303,1334
379363785.234742,1493
379363789.930441,240
379363790.483841,2729
379363792.1641,515
379363793.986678,528
379363796.713054,1243
379363801.379944,231
379363803.415997,757
379363804.855029,2588
379363805.920327,7570
379363811.730524,1085
379363812.440974,116
379363817.790892,12753
379363819.423814,12819
379363821.679844,457
379363822.70767,4955
379363827.636288,354
379363829.891599,539
379363831.842061,635
379363833.771679,12818
379363835.810877,1358
379363837.356317,12848
379363840.107489,2230
379363841.071003,12813
379363847.830345,12749
379363850.809141,5922
379363849.567652,6089
379363853.539776,6585
379363858.369338,1526
379363859.455109,2745
379363863.262085,632
379363864.871731,939
379363865.562794,4759
379363868.750365,10446
379363870.716439,396
379363874.386346,5400
379363875.040783,856
379363879.383306,12850
379363880.154377,1797
379363882.583259,152
379363882.789018,1210
379363886.139144,1506
379363888.393053,1590
379363890.630804,7107
379363895.273249,949
379363895.934525,180
379363896.477733,6699
379363898.399559,1109
379363900.584607,1403
379363906.406171,12679
379363910.603596,5606
379363908.546333,1145
379363912.61002,196
379363911.389149,1464
379363914.414458,413
379363918.451132,4473
379363920.879287,127
379363925.684884,7467
379363924.080722,12705
379363929.833315,2414
379363930.191271,12714
379363934.294747,5344
379363932.184742,5361
379363936.820396,883
379363940.036207,1858
379363939.598101,862
379363944.286256,6360
379363948.439799,1280
379363948.215337,4741
379363949.014676,12705
379363951.572019,10875
379363954.293279,2576
379363955.045673,138
379363958.377945,3783
379363958.506105,2218
379363961.708115,8974
379363963.37553,6430
379363967.938413,458
379363969.450933,2296
379363970.178569,232
379363975.514607,5754
379363977.404986,10431
379363979.076191,5752
379363985.049734,3164
379363986.280259,181
379363987.454453,355
379363989.91074,12624
379363993.230465,5955
379363995.141804,5043
379363997.369763,1064
379364000.313609,12652
379364003.660367,12683
379364004.763818,882
379364007.334732,1070
379364010.325623,12603
379364015.940441,3199
379364018.648935,3739
379364025.091848,2209
379364025.826068,596
379364031.483382,5142
379364035.382364,12419
379364036.570241,8253
379364040.40959,123
379364045.699216,418
379364047.551885,398
379364050.454034,9049
379364055.393542,7858
379364056.932013,1652
379364059.7225,911
379364063.82947,94
379364066.102912,509
379364070.552392,145
379364072.218227,1258
379364076.771999,591
379364080.587676,1305
379364086.301563,270
379364089.12825,174
379364094.239019,12485
379364096.712982,1517
379364101.319664,3902
379364105.819335,116
379364109.377835,11930
379364111.597662,4444
379364114.080303,2366
379364117.157408,1696
379364119.889564,513
379364125.368059,1047
379364128.544572,503
379364131.882085,370
379364137.689982,4546
379364142.21277,1742
379364145.329762,1481
379364148.462623,454
379364152.953119,147
379364157.097715,488
379364158.256399,3879
379364162.421437,12469
379364167.132713,627
379364172.433515,943
379364177.166354,285
379364185.310215,270
379364189.56339,12307
379364192.991581,6131
379364199.103593,992
379364200.273103,2048
379364202.286901,588
379364209.654853,2118
379364215.131981,5379
379364215.479841,303
379364221.742825,790
379364223.485392,1496
379364227.897176,1584
379364232.167114,1511
379364238.136887,11415
379364239.957264,1117
379364244.309258,12251
379364248.964084,2078
379364256.002905,12232
379364259.219366,12220
379364262.427184,92
379364266.856715,6265
379364271.393157,246
379364276.386865,3297
379364279.139417,4718
379364280.872959,12500
379364283.134126,390
379364288.551919,338
379364296.082187,122
379364301.515357,249
379364307.057569,3284
379364312.140781,1168
379364316.006233,12785
379364321.870503,9655
379364326.288127,577
379364333.531534,1542
379364336.583982,12243
379364339.28722,6311
379364343.147659,3586
379364345.730308,4303
379364348.197045,2835
379364354.716782,1513
379364356.143462,12279
379364362.97143,502
379364364.327818,1328
379364368.189053,1524
379364368.616201,6146
379364371.543141,7900
379364376.360545,541
379364379.787359,1863
379364385.772408,1270
379364387.044502,84
379364391.190838,10728
379364390.406862,12875
379364394.956569,840
379364397.43341,1699
379364401.647468,1534
379364406.062467,1688
379364410.632814,1151
379364414.966814,12333
379364418.699098,12324
379364424.86438,11266
379364427.038364,5225
379364430.234536,84
379364433.356615,11355
379364433.230512,145
379364436.707028,12385
379364441.105321,12396
379364441.471558,6416
379364447.298392,3532
379364450.522215,4988
379364455.865789,12342
379364459.292413,5982
379364463.495437,388
379364466.900465,10446
379364467.440947,1101
379364471.461004,2244
379364475.055674,11521
379364479.780469,6030
379364481.339584,12370
379364484.392602,1491
379364486.571443,2391
379364486.016505,2120
379364489.187853,134
379364491.868545,12402
379364494.423759,9118
379364497.590072,1197
379364500.634326,1403
379364505.233843,851
379364507.136823,6912
379364509.174419,3090
379364512.747415,823
379364515.158473,1351
379364515.441769,6824
379364519.067469,2817
379364521.253331,783
379364523.407389,284
379364525.530107,12460
379364531.925696,1955
379364534.32812,11843
379364537.055536,1097
379364538.553471,1527
379364541.123893,1194
379364545.181466,2972
379364547.928907,5340
379364550.282548,154
379364551.564137,5288
379364550.705317,7894
379364555.220516,1719
379364557.51843,1532
379364560.826676,9630
379364559.892414,1495
379364562.586724,10350
379364563.885644,670
379364566.497994,13056
379364567.099359,9865
379364569.503523,129
379364573.755721,263
379364574.325999,158
379364578.956452,3073
379364577.774209,1084
379364581.424594,3446
379364583.310746,3271
379364586.336456,12507
379364588.170603,599
379364588.840551,1172
379364589.955549,722
379364594.595201,9355
379364594.359817,12519
379364596.097293,2647
379364597.889097,1850
379364600.39725,5957
379364605.109533,10267
379364604.695265,2136
379364607.528898,12559
379364606.303297,1694
379364609.761299,2194
379364611.130434,134
379364614.760924,458
379364618.116929,12538
379364616.887568,12003
379364620.135758,2209
379364625.919582,6148
379364625.319099,12576
379364627.613206,404
379364630.824259,4347
379364633.031463,3350
379364634.453433,4603
379364638.44198,4061
379364641.403287,2337
379364642.994098,12620
379364644.579836,12664
379364646.868206,102
379364650.914517,10125
379364653.798506,271
379364656.278939,4446
379364657.204859,276
379364664.262029,201
379364665.125092,4071
379364670.267587,4835
379364671.063715,12665
379364676.734055,885
379364679.857419,1118
379364680.562589,3522
379364681.267002,276
379364684.133081,1697
379364685.842344,1238
379364689.824849,1072
379364695.164971,445
379364698.038141,2178
379364702.523898,2283
379364707.897575,1439
379364709.461192,12543
379364716.76146,327
379364720.268108,2629
379364725.98344,12781
379364735.609478,12779
379364741.304141,12923
379364747.582888,762
379364753.172092,3061
379364755.931253,1755
379364758.414636,12309
379364760.849704,98
379364765.229677,4020
379364767.081624,329
379364770.893959,8421
379364771.902163,605
379364776.512722,363
379364778.226197,920
379364781.277634,9077
379364784.291272,7562
379364785.830496,426
379364787.596805,2373
379364790.524936,417
379364791.507086,4787
379364793.009522,3488
379364795.433332,11019
379364798.789522,10477
379364800.741945,6556
379364805.246381,6181
379364807.813088,489
379364809.768739,594
379364809.926997,12848
379364808.408152,3979
379364811.138171,867
379364813.50521,687
379364815.816506,1464
379364820.791457,566
379364822.033539,2548
379364822.221711,1681
379364823.749761,3626
379364825.22073,9201
379364826.259505,296
379364830.525219,1231
379364832.657277,777
379364832.215727,250
379364834.261249,251
379364837.890373,7348
379364840.516294,12865
379364841.916351,429
379364845.213055,117
379364847.665291,4983
379364850.322481,2237
379364851.973274,1217
379364854.587309,7931
379364856.263163,2571
379364858.636081,8914
379364862.283341,1304
379364863.912321,1071
379364866.753234,10864
379364868.869837,8010
379364868.542779,3975
379364871.536254,5076
379364870.408126,1968
379364874.282365,675
379364878.002303,4149
379364878.640402,1813
379364880.605891,152
379364881.462485,5972
379364883.754176,12876
379364883.564627,7553
379364883.674312,416
379364886.725119,973
379364887.229036,3382
379364890.11028,2011
379364891.478134,3919
379364895.46758,5769
379364897.367114,7559
379364898.52643,158
379364903.495964,8238
379364902.208048,4694
379364906.277727,4062
379364907.667197,3152
379364909.884507,1178
379364913.202818,1129
379364915.075124,1235
379364914.59373,828
379364919.452873,4484
379364920.625631,2550
379364925.691699,1689
379364925.503895,3257
379364928.030283,1630
379364932.157361,4556
379364933.910206,154
379364937.445968,2120
379364939.660882,5906
379364945.003153,3584
379364948.106643,713
379364949.643223,468
379364952.505977,10142
379364955.129773,674
379364954.590281,2120
379364957.185727,222
379364963.737498,1640
379364963.793202,121
379364964.632213,730
379364966.823552,1696
379364966.776704,10309
379364971.074991,5420
379364973.648249,1257
379364974.517728,482
379364976.391735,6608
379364979.70793,13012
379364980.723426,9500
379364983.770442,2688
379364986.832029,410
379364988.423113,2282
379364990.967172,12997
379364995.008578,8610
379364993.435305,1464
379364997.712588,867
379364999.066252,1266
379365002.335957,12969
379365006.635153,3101
379365005.579228,2919
379365011.200853,12910
379365015.024473,4512
379365017.805811,12980
379365019.82784,11736
379365023.772427,12935
379365025.126403,2135
379365027.2728,835
379365029.867346,176
379365034.134747,1464
379365037.171784,140
379365040.080451,11140
379365042.470679,2020
379365046.594571,109
379365050.52802,1830
379365054.812527,4211
379365055.446265,436
379365060.406824,10416
379365063.699541,12903
379365068.911202,2078
379365071.401756,9419
379365074.111107,91
379365076.518654,3552
379365078.756976,892
379365082.777308,6701
379365085.650682,721
379365087.457398,2338
379365091.363118,1690
379365092.912841,12930
379365096.191074,12970
379365097.420027,4162
379365100.294619,9626
379365106.670687,4881
379365110.202933,11407
379365117.290736,5243
379365120.068023,906
379365124.063884,1081
379365126.303899,511
379365128.639706,9512
379365131.240414,440
379365133.154712,2264
379365138.812249,502
379365141.342271,130
379365148.134912,12792
379365149.812264,1212
379365151.942216,4310
379365157.364027,12783
379365160.783122,1017
379365163.539763,12804
379365165.496992,1347
379365171.250546,12780
379365172.585413,827
379365176.613407,214
379365179.014656,3346
379365181.390386,1668
379365187.046926,187
379365185.126361,489
379365191.356795,1942
379365194.361802,1961
379365200.645135,7648
379365205.429817,518
379365208.351461,1448
379365209.29525,461
379365213.526279,1963
379365217.677293,1245
379365216.300524,955
379365223.356459,102
379365226.291335,12891
379365229.247855,1186
379365230.777159,3750
379365234.617699,12964
379365234.617235,9654
379365240.067858,5203
379365243.970463,5935
379365245.862585,383
379365247.787248,175
379365252.441984,1016
379365252.738555,2027
379365260.060372,2833
379365262.91409,2028
379365264.555655,3683
379365269.668684,879
379365272.453095,1981
379365275.777708,2049
379365276.790105,3392
379365278.751488,12700
379365285.976928,206
379365286.176128,2999
379365291.340742,12621
379365293.504779,4131
379365296.473653,382
379365297.288982,1254
379365301.261545,12637
379365304.125778,310
379365306.836656,8384
379365311.689318,7950
379365312.573015,1540
379365319.348745,12587
379365321.483188,5801
379365322.864258,12646
379365328.509655,12562
379365329.224776,6069
379365333.501598,8710
379365334.56352,464
379365337.015938,12702
379365339.06118,2603
379365344.90239,1656
379365348.150009,12584
379365348.925959,7202
379365353.068993,11783
379365357.012333,9822
379365359.954863,2059
379365365.67794,1888
379365370.731096,2318
379365370.878513,2474
379365376.961789,12538
379365378.195029,4735
379365384.058911,5031
379365387.38445,113
379365389.94153,13158
379365394.253958,6690
379365399.370734,12508
379365402.976767,2511
379365401.85166,3360
379365406.66587,315
379365412.02097,519
379365418.531336,10600
379365424.031183,437
379365426.645897,1172
379365432.571793,404
379365435.418049,1930
379365440.645028,1515
379365443.222685,1024
379365451.21982,1981
379365457.128647,456
379365458.905349,12436
379365460.784724,13175
379365468.022317,12393
379365465.929654,12435
379365475.588703,12411
379365478.402272,12400
379365480.413344,7919
379365489.046716,12402
379365492.039577,12617
379365498.692515,926
379365502.450191,150
379365507.052906,10351
379365514.399283,3225
379365517.102187,1625
379365521.030855,416
379365528.003813,12315
379365529.349652,9012
379365534.010732,9168
379365539.496795,366
379365543.094459,3262
379365549.673179,3172
379365554.001623,12299
379365559.184279,1276
379365560.402805,5673
379365562.179134,9408
379365565.865646,831
379365569.658004,12329
379365570.6122,12694
379365577.179623,89
379365580.36987,6383
379365587.447001,12303
379365588.39653,2101
379365595.633829,3149
379365599.253359,459
379365603.170992,9067
379365605.650782,218
379365607.476626,852
379365609.934521,9646
379365613.602763,230
379365617.796955,927
379365622.173368,12225
379365625.675226,1330
379365626.177997,12279
379365630.532098,3164
379365634.336757,1641
379365638.950343,314
379365639.594498,554
379365644.318837,325
379365646.313141,12174
379365649.473045,10130
379365650.621931,8269
379365655.31337,2015
379365660.685069,2895
379365662.646538,12166
379365664.013877,10114
379365665.822045,211
379365670.604939,6973
379365672.08326,4671
379365673.827125,6615
379365677.815992,12453
379365682.748188,1037
379365684.264332,9927
379365687.527191,12259
379365691.567782,96
379365694.854205,1645
379365697.651272,1531
379365702.767817,975
379365705.278951,1105
379365709.096966,1847
379365710.336245,5954
379365710.259631,12232
379365715.575871,1721
379365719.247922,5234
379365721.041899,481
379365727.01592,8753
379365727.378294,4959
379365729.76398,1390
379365731.780591,6763
379365733.918077,6955
379365737.071858,904
379365740.959113,497
379365739.062232,5764
379365743.293105,12342
379365744.066886,12406
379365746.620229,12368
379365749.282691,12364
379365753.413659,12609
379365755.471907,1460
379365758.328511,11833
379365759.737825,8677
379365763.445797,12370
379365765.471552,5982
379365769.019949,118
379365771.723171,569
379365772.641439,12327
379365772.628631,2357
379365777.284684,12328
379365777.896388,5960
379365782.857663,7090
379365783.254719,1461
379365786.585188,1915
379365793.134019,12121
379365792.045122,9621
379365795.387383,478
379365798.298298,159
379365801.370981,12373
379365802.622463,12439
379365803.868089,10771
379365807.70371,98
379365807.357615,2750
379365810.064571,3087
379365814.669428,12402
379365818.65172,1857
379365820.835562,12895
379365824.701562,8038
379365828.00416,1125
379365831.535117,5591
379365830.552723,12447
379365833.730076,7673
379365836.017005,12441
379365838.451364,3103
379365838.460803,2197
379365844.997625,3759
379365846.653436,1137
379365849.721676,11966
379365852.038626,11900
379365851.390252,129
379365854.214205,11169
379365855.788487,12793
379365860.272618,1500
379365862.543603,4625
379365866.142223,1534
379365867.500759,10244
379365866.270909,12508
379365871.88047,5988
379365876.391158,3478
379365874.231986,115
379365878.024354,1292
379365880.139022,9086
379365881.649981,9828
379365885.658162,12509
379365884.823786,7143
379365887.443702,12515
379365891.112774,2020
379365889.704024,5795
379365893.166049,7947
379365896.426385,871
379365898.788342,8407
379365901.945353,6995
379365906.211821,3855
379365907.595907,4704
379365907.981776,428
379365912.125534,12485
379365913.894006,8059
379365917.039811,9806
379365920.574454,1183
379365922.795193,3950
379365923.387562,5636
379365926.549489,2994
379365930.976494,12704
379365932.274368,4763
379365934.838031,5129
379365939.922439,3701
379365943.375002,1566
379365946.664189,1023
379365947.857121,6789
379365948.89318,4033
379365950.436226,1248
379365953.881196,5039
379365955.265085,8790
379365961.351608,10124
379365960.218191,3922
379365965.288953,12705
379365968.62183,275
379365971.341933,7930
379365975.703126,6970
379365979.14353,12611
379365982.641408,1333
379365984.272648,158
379365985.314798,12803
379365986.346673,1388
379365991.119175,2905
379365996.273614,8428
379365998.176886,3688
379365998.80807,2118
379366005.252203,6748
379366008.718093,6252
379366009.955043,4768
379366014.514261,633
379366018.954099,433
379366020.600167,1456
379366022.792375,7453
379366025.757011,12702
379366031.607012,128
379366032.782182,944
379366037.082669,11285
379366040.553541,3752
379366043.268751,2406
379366045.79384,4767
379366050.884533,7095
379366053.504739,164
379366056.37121,6776
379366063.692164,12750
379366066.29789,104
379366067.283604,524
379366072.595585,1012
379366075.703958,5640
379366077.492384,172
379366080.811865,1710
379366085.505652,1209
379366087.512664,12765
379366093.251488,1480
379366099.196931,9180
379366101.031938,12771
379366105.548116,8498
379366108.015424,13082
379366111.977107,6253
379366117.21871,1856
379366120.335744,2768
379366124.624548,12737
379366126.536676,12461
379366130.266799,1813
379366132.505176,269
379366134.318744,2384
379366140.394756,1933
379366144.003351,12822
379366146.67028,1162
379366149.951964,447
379366154.216582,5656
379366155.715797,1963
379366159.023957,12861
379366161.760782,1898
379366162.630243,12831
379366163.715016,12857
379366165.997804,319
379366168.912478,11194
379366170.792329,7466
379366174.486353,4274
379366179.20014,729
379366181.167948,650
379366186.294384,813
379366191.374288,612
379366194.486565,2746
379366198.639937,12885
379366199.769138,1861
379366202.237581,862
379366203.39468,2057
379366207.831042,8669
379366206.902897,5892
379366214.443111,4621
379366214.37689,7193
379366214.983451,2797
379366220.560661,4475
379366220.969672,1615
379366223.960033,663
379366227.172363,5280
379366230.883741,5831
379366233.672417,9401
379366236.355356,9418
379366240.070905,1485
379366244.580122,12887
379366246.780292,1053
379366253.543982,12932
379366253.088848,5952
379366255.347972,12984
379366259.503964,13082
379366258.85872,3453
379366261.566885,1072
379366266.273351,125
379366266.597922,5541
379366271.459981,5511
379366272.629408,11309
379366275.601805,6346
379366278.760378,8595
379366282.044852,12939
379366280.646669,478
379366283.056748,1534
379366285.409033,2893
379366288.777424,6853
379366291.476963,9764
379366295.872495,3831
379366298.886954,13137
379366302.529568,13049
379366304.569895,3962
379366307.775271,12982
379366309.140346,2958
379366311.339857,2297
379366312.718961,5859
379366315.067299,7569
379366316.939088,10110
379366320.881875,13058
379366322.728714,12994
379366328.842528,12673
379366332.448682,2806
379366335.851229,12991
379366339.094074,7177
379366341.217116,1802
379366341.983647,12992
379366344.971721,4937
379366348.381243,9391
379366350.989534,3143
379366357.440895,13081
379366359.960653,8970
379366360.570404,12982
379366367.592614,7695
379366369.129128,12686
379366373.85857,13058
379366377.74155,192
379366382.73452,137
379366388.637112,4188
379366391.852807,1165
379366395.229392,12900
379366395.155444,12990
379366398.472832,1481
379366399.53768,8147
379366403.346786,1436
379366409.377946,12872
379366412.14398,1505
379366414.544955,3617
379366419.490839,2636
379366422.297919,4659
379366421.870309,12926
379366426.860487,4694
379366429.050781,13236
379366432.155684,12859
379366434.423172,12874
379366437.684231,6880
379366443.034708,13015
379366443.957281,295
379366446.407928,12917
379366448.598731,12850
379366451.395884,740
379366454.279116,1976
379366458.782907,2154
379366459.873562,2151
379366464.26874,11585
379366467.285441,12850
379366472.953559,12807
379366475.606533,12783
379366478.477657,4150
379366478.493534,1480
379366482.745179,3170
379366483.15403,110
379366485.946835,6743
379366488.629457,424
379366491.512062,6274
379366494.083201,4037
379366496.447231,8006
379366500.313867,12824
379366505.199235,4676
379366503.37356,12381
379366508.643336,12108
379366513.473516,7405
379366517.201744,7538
379366519.537038,2223
379366522.554762,2541
379366528.395741,128
379366531.123596,613
379366532.049535,6268
379366536.907345,250
379366540.071842,1325
379366542.795071,9440
379366545.40935,5999
379366546.687365,1829
379366551.462027,1895
379366555.331658,3091
379366558.288951,13248
379366560.470934,12665
379366566.565054,6525
379366572.583739,3850
379366577.116077,10825
379366585.814028,2533
379366589.619624,12665
379366591.870874,12663
379366594.770079,4322
379366599.869349,9517
379366603.658212,12705
379366607.966022,1946
379366613.511908,9038
379366616.22475,11538
379366621.736379,4018
379366622.834909,688
379366627.238895,89
379366632.676594,12784
379366637.645423,3096
379366642.373948,6866
379366646.707119,12579
379366653.628923,7081
379366654.548724,2238
379366663.714291,2442
379366665.994694,8971
379366671.774511,4161
379366676.724382,8132
379366677.788759,12549
379366682.045979,2331
379366684.070792,12599
379366685.807169,5332
379366690.561711,7653
379366695.944407,5390
379366699.360379,4368
379366706.351924,11218
379366710.024938,137
379366709.462375,1257
379366712.175887,10934
379366711.782454,2203
379366714.223178,1885
379366718.601221,5293
379366719.947465,12540
379366722.966518,6771
379366722.531235,1702
379366724.30246,3401
379366727.241848,1967
379366727.749096,3305
379366731.200002,942
379366732.976787,4025
379366734.81111,4949
379366737.626569,5321
379366741.626083,12931
379366742.545592,8659
379366744.869029,4991
379366746.328162,1619
379366745.731505,12518
379366747.859942,12459
379366748.28949,615
379366751.358072,335
379366753.635564,3353
379366756.071735,4685
379366758.761391,751
379366763.979164,10054
379366766.448476,1455
379366770.981517,10029
379366777.204482,744
379366781.958352,11209
379366787.895764,12442
379366793.111622,12445
379366798.753367,2188
379366802.840261,196
379366812.498035,1006
379366822.685077,204
379366830.08783,12399
379366836.0188,90
379366843.240841,4300
379366848.516133,1110
379366854.65107,2984
379366868.194968,12264
379366874.770063,3155
379366882.302127,12329
379366892.497455,8053
379366899.19662,7414
379366904.983733,4354
379366912.639048,11159
379366921.354009,3188
379366931.493238,1422
379366945.90839,249
379366952.964596,11041
379366959.911216,108
379366964.144212,827
379366966.75328,966
379366970.230654,12197
379366979.928354,1095
379366981.614569,12188
379366985.661368,3680
379366987.313289,12567
379366994.642973,7654
379366995.647402,906
379366999.46809,8431
379367001.996602,413
379367003.553157,7912
379367005.810695,12257
379367008.578731,2407
379367010.894846,2364
379367010.947648,8702
379367013.96408,12290
379367016.69127,8649
379367019.020642,7414
379367024.762539,2503
379367027.654317,1139
379367029.838061,13057
379367033.4536,127
379367035.105373,6722
379367036.997149,2762
379367042.209526,12220
379367042.271364,12288
379367046.547502,4450
379367048.356038,12253
379367051.198534,3078
379367056.544848,5198
379367058.103754,1559
379367061.245793,2526
379367065.264706,489
379367067.929035,2105
379367073.539136,6613
379367078.839726,4319
379367081.006014,2146
379367085.877651,8321
379367092.783165,85
379367096.245633,6898
379367099.441078,7392
379367104.799918,3897
379367107.840353,2898
379367111.199828,2841
379367116.514986,145
379367117.250686,5108
379367121.526619,986
379367122.75241,12434
379367127.324232,8285
379367132.327466,819
379367135.075086,12433
379367143.731953,5356
379367151.571434,12387
379367159.162022,12418
379367162.143984,2644
379367166.682688,1473
379367171.476096,7070
379367180.688315,4328
379367182.302769,2022
379367187.701879,1267
379367190.097868,12461
379367192.877066,2032
379367198.287347,6333
379367202.691536,10750
379367209.958661,1039
379367213.143687,1062
379367215.82472,2860
379367223.242496,1899
379367228.353528,3341
379367234.705545,404
379367241.265663,1464
379367245.224463,12590
379367253.710224,2408
379367258.515089,12531
379367269.243954,84
379367273.576071,9303
379367282.529215,12572
379367290.911632,12990
379367296.478823,12799
379367307.420066,12551
379367314.666201,1052
379367319.161618,84
379367325.149886,13037
379367335.918418,12657
379367339.970819,12837
379367346.494063,12622
379367355.996405,9835
379367368.031438,2179
379367373.187143,5658
379367375.827898,2188
379367379.689299,8649
379367385.055547,7687
379367392.628231,318
379367401.740864,10165
379367406.27642,684
379367412.993524,12732
379367413.771227,123
379367423.480397,12850
379367428.237034,1196
379367437.595385,1187
379367447.92932,12161
379367456.467009,329
379367464.077598,1888
379367471.16337,10248
379367477.580369,4297
379367486.495726,10766
379367500.629124,12874
379367506.118707,1252
379367512.488182,10228
379367517.471542,8870
379367526.414499,12993
379367535.296311,1553
379367540.040552,5476
379367544.51645,6201
379367562.910404,744
379367572.912244,12955
379367590.567725,12947
379367606.896663,3036
379367619.154239,1583
379367639.986616,12951
379367656.320939,12968
379367665.683682,13142
379367672.523872,301
379367676.800876,13027
379367685.683832,12913
379367688.000116,3226
379367686.615739,1793
379367690.222603,10583
379367696.058581,6542
379367700.791274,9188
379367706.444545,11470
379367711.509595,4897
379367717.373564,5439
379367720.780575,1746
379367723.902803,12956
379367726.656403,4616
379367732.305164,4846
379367733.662073,2348
379367739.607593,13053
379367741.642017,13019
379367744.232653,2779
379367746.942622,12881
379367751.787709,1860
379367758.954041,5243
379367762.824865,1086
379367770.021361,7838
379367774.05866,6283
379367782.74793,3693
379367796.798923,1475
379367811.508896,721
379367834.48678,2580
379367845.81171,1408
379367860.64191,12726
379367878.199078,4013
379367891.672348,4960
379367913.046706,12622
379367931.145343,12630
379367946.49714,12855
379367962.625994,3276
379367976.434805,12931
379368000.011872,11312
379368011.641804,12535
379368031.509923,2376
379368038.008022,3878
379368056.102756,12488
379368068.113818,1447
379368081.769081,12597
379368093.548032,12416
379368113.473716,12452
379368124.723891,210
379368150.136299,1490
379368160.014385,12515
379368173.574889,1825
379368194.552288,884
379368212.241532,7468
379368215.603097,12297
379368227.742188,12557
379368240.875613,12251
379368252.648853,3233
379368265.956675,12749
379368301.874744,1431
379368311.892605,6653
379368327.936168,6592
379368345.283825,12929
379368361.759189,97
379368373.355608,12317
379368387.815063,12303
379368403.081586,12180
379368429.41849,1478
379368435.897669,12360
379368451.871262,10579
379368463.107146,11210
379368477.495616,3409
379368495.681848,4817
379368509.516183,4118
379368512.97843,1517
379368515.963422,598
379368522.672236,1023
379368539.013373,12485
379368548.092265,12470
379368565.109781,461
379368584.689206,12586
379368593.875672,12583
379368610.874064,12588
379368624.142448,3934
379368630.472545,5132
379368638.580369,5259
379368655.455123,12491
379368673.199281,12691
379368689.685443,12912
379368695.939183,12648
379368704.93628,6482
379368716.661799,12942
379368733.442356,136
379368749.146957,12760
379368761.224021,274
379368779.781793,11713
379368786.914012,2670
379368808.697482,1406
379368817.98752,1947
379368831.671769,12886
379368849.936239,655
379368858.744481,12859
379368871.326909,13006
379368884.42512,11480
379368908.621032,7348
379368921.283628,9838
379368932.783923,1362
379368950.853291,12951
379368964.190017,10387
379368987.919376,287
379369007.767476,2094
379369032.751474,12855
379369049.687771,12992
379369065.000844,1338
379369074.110173,1523
379369093.420314,8063
379369114.908598,9399
379369127.741418,12763
379369137.683895,2636
379369140.014239,5403
379369143.737062,1426
379369146.606023,3134
379369149.565662,2414
379369154.822873,1965
379369156.714586,3892
379369160.477278,461
379369163.574183,1535
379369167.555027,1514
379369172.254694,6186
379369175.050326,1363
379369177.218422,95
379369181.145426,6765
379369179.412659,5178
379369181.223744,411
379369187.183011,11363
379369192.611753,138
379369191.675099,109
379369196.732293,1123
379369199.42599,262
379369202.920217,4089
379369213.889828,4438
379369217.23355,5131
379369218.039943,1062
379369220.264829,5718
379369224.844461,460
379369229.989453,1047
379369248.130487,12820
379369255.056359,8325
379369260.325664,1425
379369265.75794,831
379369272.932603,8361
379369286.884528,942
379369298.479655,146
379369312.071152,192
379369322.186315,465
379369328.758209,8425
379369333.866909,12588
379369336.092075,878
379369340.692808,9682
379369346.76789,4806
379369352.005705,3072
379369357.979978,2167
379369363.017653,1057
379369369.685356,12499
379369375.07762,4821
379369380.805904,9411
379369386.869976,12520
379369392.787056,12455
379369397.96098,107
379369399.731146,1183
379369417.250991,8741
379369432.290802,12425
379369445.147733,1722
379369456.993184,7688
379369471.694187,8357
379369480.692575,116
379369492.17143,941
379369509.777884,10727
379369518.655112,12340
379369527.924274,762
379369541.417205,12336
379369559.072158,4053
379369569.41006,9539
379369584.228353,12201
379369600.653797,2411
379369620.113052,12404
379369633.764158,3698
379369649.532519,11902
379369665.631333,9748
379369679.727559,12421
379369692.070816,3091
379369707.459982,1541
379369732.070847,12286
379369747.640417,4330
379369762.811342,10290
379369775.510818,1528
379369784.963886,12414
379369803.644602,5701
379369823.978867,1862
379369837.756744,278
379369855.967518,155
379369866.59034,5797
379369882.01165,227
379369891.992278,12775
379369910.80934,12516
379369926.15113,12590
379369934.396997,8309
379369948.756433,87
379369963.146647,12608
379369984.106764,1309
379370008.527856,652
379370025.686881,12764
379370029.542337,5425
379370048.125662,13204
379370062.541785,12758
379370092.568464,218
379370102.622788,13005
379370123.639844,12791
379370143.876119,12903
379370157.036723,918
379370170.734848,12903
379370184.27634,13072
379370196.987158,12879
379370217.607446,1435
379370228.707179,1506
379370243.248217,6404
379370259.955207,11504
379370274.735772,13059
379370297.039929,2223
379370310.154792,12972
379370325.474711,12964
379370345.190526,12908
379370366.009894,10979
379370384.638406,12879
379370404.131011,11376
379370420.987941,1959
379370437.213968,13044
379370455.635879,12848
379370477.190849,5644
379370490.478332,1063
379370501.682944,12798
379370512.694115,6213
379370529.094755,880
379370550.480334,12736
379370567.439181,3445
379370587.476164,12724
379370597.815413,4996
379370611.450853,9845
379370629.530363,1447
379370647.196679,12584
379370656.690307,443
379370665.988206,12912
379370671.932218,12528
379370679.389143,1498
379370691.12008,12453
379370701.345035,7183
379370719.42796,5417
379370736.15438,12432
379370754.523262,12365
379370764.9144,12600
379370775.452164,490
379370790.567586,12438
379370805.448274,1385
379370818.214905,1936
379370835.409523,12639
379370857.297749,568
379370868.657259,1476
379370875.595363,6654
379370888.740616,9900
379370895.614434,12259
379370906.027017,2540
379370928.794033,5841
379370943.304748,12220
379370954.953602,1476
379370968.883648,12347
379370981.026282,12845
379370990.293244,3390
379371001.793852,12683
379371019.234949,12283
379371024.024553,1203
379371034.081275,12540
379371039.374244,7544
379371057.511586,11380
379371068.722697,12338
379371089.080454,12367
379371101.855889,13181
379371118.34067,1504
379371132.742249,2349
379371144.606368,138
379371157.482528,12563
379371173.929664,2920
379371178.702746,12633
379371199.087881,7580
379371221.559959,3793
379371243.093948,8549
379371254.887568,8865
379371266.014181,1523
379371274.365986,4440
379371293.280014,1447
379371306.395722,12598
379371323.192432,12634
379371336.768058,12645
379371347.926519,10654
379371358.297924,6271
379371365.853774,3403
379371375.972269,12952
379371386.350902,12759
379371400.776677,3178
379371411.146358,373
379371423.374733,12733
379371443.927953,436
379371459.468247,12844
379371472.805215,12827
379371484.366528,5002
379371502.61057,111
379371513.235231,1598
379371534.394503,93
379371555.49956,6955
379371566.236267,4823
379371581.167335,1246
379371596.180645,6302
379371601.334805,11887
379371610.36135,12925
379371619.351278,3190
379371632.837314,13115
379371643.58409,12978
379371664.349504,2073
379371681.961569,12888
379371698.628953,7322
379371710.234977,12856
379371727.818294,12868
379371747.538251,4445
379371763.483073,12744
379371777.516929,3310
379371782.819227,12826
379371798.783772,4597
379371818.566939,1327
379371828.352361,6395
379371840.850833,8706
379371861.854901,8301
379371883.461534,8817
379371896.601287,136
379371907.771763,3799
379371921.894821,547
379371941.088003,380
379371961.837193,1476
379371989.36691,12547
379371999.900499,12494
379372010.361169,2101
379372025.690144,12546
379372040.923076,4981
379372047.153663,7126
379372066.088166,12487
379372086.538003,9227
379372115.966895,1534
379372122.860174,7892
379372134.275092,12389
379372143.790337,12324
379372152.096546,6055
379372167.230242,8992
379372182.583529,12288
379372194.289436,1532
379372203.076317,4444
379372223.029341,12257
379372232.531708,2374
379372255.830968,12733
379372276.23496,12212
379372288.38519,12332
379372306.721564,2132
379372314.728215,309
379372329.853939,12276
379372335.646127,8827
379372349.917249,1557
379372366.638034,12291
379372386.444595,7556
379372397.042688,8427
379372416.725917,12782
379372433.351492,1485
379372441.776716,417
379372462.280316,540
379372473.245449,1864
379372489.769019,3914
379372499.704604,7270
379372516.091364,450
379372531.31264,12515
379372547.083222,1433
379372561.946044,1516
379372586.82278,515
379372595.643888,1520
379372607.419672,2833
379372622.509177,12601
379372637.176819,1898
379372645.181477,1249
379372665.861105,5673
379372685.376696,6801
379372704.990759,13053
379372719.119712,12824
379372740.784218,1505
379372764.102721,4118
379372790.608818,4295
379372804.154106,1480
379372825.645641,9290
379372837.962896,1561
379372857.968538,12981
379372876.457861,12952
379372897.843934,13179
379372909.85189,6547
379372927.439578,3026
379372935.135035,13057
379372945.871885,7803
379372959.745372,13022
379372980.988536,1444
379372990.706191,1558
379373014.095463,206
379373020.131558,1492
379373033.966009,4603
379373043.619627,3676
379373066.51002,12870
379373080.281173,12774
379373087.793471,12838
379373101.177585,12814
379373119.192169,4177
379373128.397921,9003
379373146.197306,12763
379373163.293521,11606
379373184.025733,5981
379373190.883003,12153
379373203.256563,8819
379373221.3819,6700
379373231.407794,12643
379373246.283791,920
379373254.391694,12607
379373269.176413,12581
379373286.171185,12595
379373293.179429,436
379373299.099166,12575
379373309.345458,1468
379373320.331163,1423
379373337.357179,12521
379373352.791983,2195
379373368.873937,1511
379373381.096027,5891
379373389.651222,283
379373409.737325,12450
379373421.158007,12382
379373433.765097,12392
379373441.153575,8301
379373464.298122,12345
379373472.479926,12566
379373488.963839,1506
379373498.978807,7268
379373524.834547,11043
379373544.833293,136
379373552.86123,7911
379373562.919248,12279
379373585.63194,12266
379373600.418958,5471
379373614.388327,93
379373626.56692,6016
379373631.715707,12796
379373647.909326,1254
379373666.613314,12687
379373680.399156,8774
379373692.410632,12338
379373711.73017,4561
379373720.378528,6696
379373732.370977,12313
379373741.344927,12034
379373760.0567,178
379373778.870335,6785
379373788.592507,12596
379373799.086482,1145
379373808.161338,1416
379373819.860683,1508
379373834.574908,1516
379373837.88877,230
379373844.618559,12707
379373860.643992,6941
379373875.980085,9331
379373897.43091,122
379373919.08099,11076
379373929.081322,12617
379373942.643863,12593
379373963.731629,1304
379373978.214498,230
379373985.490069,200
379373991.674153,12628
379374002.212436,13248
379374015.406202,5434
379374031.470761,12773
379374043.992577,2055
379374061.339252,3497
379374068.085744,2016
379374080.781476,12934
379374102.666761,12822
379374108.879997,12828
379374125.154501,8727
379374145.846563,1570
379374166.370015,12430
379374187.881391,1543
379374202.779561,1514
379374213.221472,3111
379374225.885077,12923
379374244.73439,6399
379374269.52265,1573
379374286.978663,6350
379374302.946455,615
379374320.911914,6307
379374333.518114,13124
379374348.977563,8234
379374362.4583,12882
379374380.340005,1252
379374396.460325,12881
379374413.483372,1621
379374429.537141,12797
379374461.72669,3072
379374485.033967,12732
379374496.368837,1449
379374508.08786,184
379374518.844268,12755
379374540.962139,12660
379374554.773887,1799
379374567.711817,932
379374584.734934,12605
379374592.804229,1554
379374608.756036,7633
379374608.299012,12620
379374625.716251,12210
379374635.939176,120
379374641.787078,9221
379374655.457442,172
379374675.406418,9894
379374698.952439,1481
379374708.366064,87
379374717.36191,12923
379374731.407599,5078
379374739.273121,12440
379374754.131649,12915
379374770.119644,376
379374782.144476,99
379374802.979323,12333
379374817.717246,12310
379374837.465408,1781
379374853.830734,380
379374868.512021,12286
379374879.283621,12673
379374890.925774,12279
379374903.88956,4374
379374919.26155,12249
379374926.742097,2407
379374938.564444,12152
379374954.861347,246
379374974.158958,12250
379374983.497318,217
379374997.113887,116
379375015.481054,12313
379375030.48967,3343
379375048.419635,249
379375072.340635,8262
379375084.107703,3547
379375092.266618,461
379375117.262616,4744
379375136.447353,1603
379375151.626147,1120
379375166.39004,12511
379375178.135928,9374
379375191.263659,3227
379375206.867743,197
379375222.935212,7316
379375259.77957,3225
379375274.483329,4820
379375293.625346,5396
379375312.26063,13221
379375328.292169,1704
379375337.82604,1510
379375350.168165,12665
379375372.173162,12696
379375384.056404,6915
379375403.284071,2425
379375418.278029,2148
379375433.240982,9202
379375448.406203,1499
379375459.49031,10035
379375474.936357,4853
379375492.398323,892
379375501.451466,5984
379375522.155549,1789
379375540.67761,155
379375550.164215,6854
379375574.265752,2280
379375589.655036,4199
379375613.410495,7659
379375624.815409,1632
379375646.143378,1097
379375661.174924,10466
379375684.420997,7501
379375701.716435,12887
379375737.22616,9465
379375748.932736,5656
379375760.393141,5848
379375770.016371,1507
379375783.550718,8254
379375799.303515,13015
379375815.301494,12861
379375827.975485,8991
379375840.583831,12711
379375854.030697,10341
379375868.512814,12761
379375883.174841,1407
379375896.787213,12586
379375916.890437,1846
379375934.526176,12621
379375951.784403,5994
379375976.142315,3047
379375993.364997,1458
379376012.143146,12587
379376032.023519,102
379376048.512095,5562
379376064.065646,12688
379376075.57398,5000
379376089.442497,12028
379376104.129751,301
379376120.4135,1507
379376135.693654,1540
379376142.023369,837
379376160.555411,12307
379376183.557313,11930
379376198.254579,167
379376207.55871,12243
379376223.249612,12933
379376238.95391,12202
379376252.384064,5278
379376262.505973,12175
379376281.934441,12394
379376302.953265,1433
379376326.101736,10526
379376336.571077,7866
379376355.819938,1489
379376368.570611,1492
379376377.864259,455
379376400.681105,12356
379376416.708603,1518
379376424.861023,12417
379376442.349601,11023
379376449.698016,5904
379376468.861631,12552
379376481.877471,5052
379376496.88151,2980
379376508.024415,12817
379376523.641408,12642
379376529.599956,12577
379376550.139518,1001
379376574.901344,1160
379376583.639193,12576
379376597.897361,10672
379376608.367244,2759
379376618.771231,9338
379376636.829384,11051
379376653.671279,3213
379376665.817678,6161
379376686.659809,12753
379376703.509471,6360
379376721.622759,202
379376736.668916,11126
379376763.931507,565
379376786.401734,9540
379376801.142448,12896
379376817.26342,13052
379376827.957098,748
379376849.482329,12856
379376878.226462,304
379376902.294952,8730
379376907.91325,13029
379376930.463169,2734
379376948.944043,4777
379376963.817864,1514
379376979.993742,495
379376999.508855,179
379377013.654932,12906
379377031.270131,13012
379377041.254967,8825
379377059.332785,873
379377070.385043,7190
379377087.854265,12851
379377100.92452,5858
379377121.089925,2413
379377135.303766,9846
379377140.084792,8647
379377156.00474,10137
379377172.74417,12740
379377201.664335,10487
379377221.101329,4955
379377232.576316,2650
379377246.726807,10101
379377269.046276,12635
379377280.935768,3320
379377292.308172,5013
379377301.505591,3574
379377326.165718,1443
379377347.409702,4265
379377359.463543,6368
379377373.811378,4008
379377374.8746,770
379377390.006881,124
379377403.001327,2815
379377427.763377,12339
379377437.253363,322
379377458.476853,13031
379377475.655262,12569
379377496.690082,12249
379377506.729359,1138
379377520.689849,12239
379377536.235239,881
379377552.102844,1525
379377567.490297,7730
379377581.662368,12191
379377591.368773,332
379377598.876933,277
379377608.712262,12259
379377624.263075,4042
379377636.544903,11343
379377652.521636,4105
379377669.012044,10661
379377679.107064,4528
379377685.797755,12360
379377703.670018,12932
379377715.925336,381
379377725.125192,12359
379377747.728457,7498
379377755.121431,9976
379377771.062119,10326
379377786.573948,744
379377799.541009,5827
379377814.003039,10355
379377823.230489,1439
379377827.945229,6265
379377847.623905,1489
379377861.180529,12558
379377876.314357,5979
379377884.808246,12605
379377898.206701,12564
379377915.786295,6629
379377928.834605,12666
379377950.954186,3182
379377963.488962,5481
379377976.494611,93
379377990.156822,1568
379378006.946672,9833
379378023.091239,12757
379378033.118752,12767
379378047.286196,478
379378065.861932,904
379378097.421419,9123
379378115.606881,1558
379378137.294359,6146
379378158.25899,11861
379378180.920874,2682
379378196.782514,1517
379378204.346201,10262
379378221.131674,12975
379378236.548816,5392
379378247.604069,3021
379378265.478174,2280
379378272.301854,12999
379378295.183484,13136
379378318.127659,12842
379378337.731117,12962
379378349.143584,13177
379378372.038768,1436
379378383.678067,112
379378395.823917,12898
379378415.121621,12765
379378426.498573,12731
379378441.709866,10358
379378451.125947,104
379378462.382743,6422
379378489.167221,11135
379378501.304298,12677
379378519.218038,3933
379378541.637337,166
379378550.668269,13175
379378557.020483,2363
379378570.607005,1459
379378595.807442,6543
379378602.545615,12605
379378617.45589,12786
379378632.403633,8118
379378642.5007,12532
379378661.229891,12659
379378681.872257,7466
379378703.910791,12432
379378709.492665,12722
379378715.111373,1992
379378733.93698,8830
379378747.800589,12412
379378782.13744,1384
379378791.310846,12343
379378807.21842,12276
379378827.363246,7966
379378841.346693,12263
379378852.245267,12270
379378867.660111,12243
379378879.741329,404
379378891.653802,282
379378910.062039,12139
379378916.564627,10357
379378926.854365,12229
379378939.863838,286
379378945.038234,8921
379378961.527117,12210
379378989.157052,6268
379379004.043196,331
379379011.465328,425
379379027.247426,12343
379379034.23214,117
379379060.651329,12498
379379072.753728,1486
379379086.411095,12443
379379098.940152,12449
379379115.245387,12403
379379122.137311,6638
379379139.651075,3706
379379159.740825,12480
379379173.454023,3452
379379191.330578,13065
379379210.296831,11443
379379226.925254,3824
379379242.853924,12652
379379260.147649,9019
379379274.29308,423
379379286.488165,6901
379379297.027919,1682
379379305.917146,1226
379379332.039676,12704
379379344.436994,10343
379379363.561072,12737
379379373.223063,9387
379379387.242472,11292
379379402.504497,1555
379379431.584904,12818
379379450.604798,5490
379379454.5395,1498
379379471.638694,6060
379379491.022309,13129
379379509.382588,12856
379379521.891998,12924
379379555.43306,12989
379379573.059935,12978
379379584.572599,1466
379379594.008125,4638
379379607.993098,13103
379379624.037633,12999
379379643.521432,12974
379379657.005485,9657
379379677.48323,12396
379379692.948523,13134
379379707.053345,1475
379379726.159668,2609
379379734.982513,8253
379379746.235027,12851
379379766.746401,91
379379783.204485,2433
379379796.261581,12769
379379808.165909,12759
379379828.583385,3878
379379840.864569,3714
379379865.816052,210
379379878.371895,1518
379379912.66589,362
379379923.450772,12544
379379941.184473,12558
379379959.78509,5518
379379975.727788,12512
379380007.220762,12522
379380022.431245,487
379380037.096001,97
379380052.63736,1467
379380061.58145,12395
379380074.765407,988
379380101.525975,1511
379380116.961394,12274
379380137.420811,1332
379380150.658953,570
379380178.218141,12287
379380195.481927,408
379380216.907777,10526
379380225.816277,2628
379380241.968294,107
379380262.07888,12233
379380279.837051,12330
379380304.201108,12520
379380317.544765,12594
379380336.7956,12508
379380358.657107,6505
379380371.944241,2489
379380394.678231,1476
379380413.224984,12693
379380433.477188,6246
379380445.209949,249
379380468.884295,1454
379380483.789285,11656
379380498.282721,1012
379380517.769238,12514
379380530.20435,2956
379380542.650007,239
379380557.144712,12590
379380584.300888,7130
379380598.951478,1947
379380614.212861,12656
379380624.374818,664
379380649.150041,11964
379380664.408276,195
379380677.330761,5728
379380692.650068,12757
379380714.139005,12741
379380723.003345,5152
379380735.089857,12858
379380749.569176,12964
379380766.06439,12828
379380776.082523,1215
379380789.160028,1562
379380802.486686,13061
379380818.989163,12921
379380836.698796,89
379380860.840116,297
379380884.61856,3740
379380898.287139,9046
379380918.942463,13006
379380941.391596,682
379380955.924718,1492
379380969.506455,12881
379380984.120995,12926
379381002.272909,259
379381025.914151,12894
379381041.286042,12778
379381054.952797,12415
379381058.817802,2000
379381074.273931,1461
379381095.326309,12804
379381115.977249,12772
379381129.005858,12697
379381141.340936,12887
379381158.387489,9243
379381175.072789,589
379381194.573141,354
379381216.85732,5617
379381233.786828,6160
379381262.764457,12726
379381271.953517,7270
379381292.794623,12573
379381310.55515,12798
379381323.322396,10646
379381341.296274,12618
379381355.206177,12553
379381370.034015,5768
379381380.363228,9425
379381391.025038,185
379381408.36369,905
379381419.796523,12403
379381435.617746,12302
379381445.620313,13194
379381466.097843,5390
379381476.657532,12292
379381484.402081,12306
379381492.76485,118
379381512.761655,2902
379381527.436209,5564
379381542.946693,12213
379381560.204444,12403
379381573.665374,12438
379381589.918808,12167
379381614.509226,12239
379381631.487751,6895
379381645.941748,8484
379381658.658726,6138
379381669.74608,220
379381681.557723,12413
379381693.495054,4034
379381704.201375,7709
379381712.116305,11021
379381729.270797,12165
379381746.722121,7045
379381758.677193,12445
379381773.717644,12523
379381780.80109,1523
379381790.132718,8719
379381802.926013,12452
379381822.447493,8401
379381834.546156,12527
379381846.690903,12495
379381864.526912,1246
379381895.701577,7356
379381905.695088,2397
379381924.348583,1427
379381936.350122,13149
379381950.409166,12611
379381971.181661,12723
379381990.405056,11841
379382007.799882,12772
379382025.681484,12829
379382040.294783,12822
379382049.028978,1500
379382056.797752,12788
379382077.229904,12842
379382094.92705,12833
379382104.351072,12435
379382126.421719,12899
379382140.552375,8540
379382145.151662,333
379382154.464074,1497
379382161.707613,12906
379382173.888223,12960
379382186.112373,12917
379382196.746643,1650
379382207.627935,133
379382225.151356,6465
379382247.433545,2886
379382278.959948,12963
379382288.687513,211
379382299.54486,278
379382319.560063,1506
379382331.532566,6800
379382338.117976,12912
379382351.560036,12195
379382373.249431,12825
379382382.200796,129
379382397.294015,1448
379382411.927029,254
379382430.682899,9482
379382447.247147,12722
379382460.964523,148
379382469.874436,13062
379382495.46727,12707
379382507.19446,12669
379382524.124453,3361
379382539.607135,12872
379382552.160084,1704
379382567.947278,403
379382579.257336,1419
379382594.047865,12572
379382613.148871,12886
379382631.976407,1472
379382653.327903,926
379382670.113402,733
379382691.898773,12475
379382709.709692,903
379382724.923324,1296
379382747.068984,6115
379382761.656712,1567
379382774.642184,12245
379382796.01751,7549
379382809.752385,8504
379382814.444663,12329
379382830.170228,12278
379382841.440973,10575
379382847.642642,1699
379382867.697019,11026
379382887.224817,5871
379382907.76674,7235
379382924.33953,1354
379382941.466794,12251
379382945.841754,120
379382970.825508,2352
379382985.119579,11147
379382992.608337,7712
379383011.281146,12303
379383021.979718,12582
379383045.61913,179
379383056.020001,12377
379383068.477828,10887
379383081.913626,12816
379383092.651438,12934
379383104.191976,12525
379383121.622815,1465
379383135.923639,7021
379383158.841014,12486
379383175.847396,12552
379383184.82644,3789
379383198.004871,5320
379383210.957293,1470
379383230.957902,6726
379383251.936433,314
379383263.545939,13130
379383278.035941,12916
379383290.134318,11258
379383299.490157,6524
379383309.698914,12769
379383328.535893,1323
379383348.095537,6122
379383363.698698,5328
379383389.841496,12766
379383399.430211,7686
379383416.069707,1503
379383444.894542,11497
379383465.558444,12858
379383478.099274,3595
379383495.05085,12927
379383510.025565,13154
379383531.65792,13106
379383548.613738,1478
379383562.128387,1620
379383579.952336,13100
379383589.642594,10383
379383596.724364,1547
379383606.280085,1490
379383620.758873,1443
379383638.801555,1604
379383651.093077,10896
379383671.128331,5704
379383677.305119,12898
379383702.271793,9792
379383719.887461,595
379383730.796004,12760
379383743.733964,12798
379383753.701649,1556
379383767.115206,12704
379383794.903753,13070
379383808.272764,1198
379383821.971981,2682
379383841.628851,12715
379383851.193778,12800
379383869.704338,12597
379383883.756915,8294
379383908.310441,1462
379383931.746114,117
379383950.327799,89
379383953.521223,11346
379383974.211492,476
379383990.603446,12698
379384002.511421,1495
379384012.269888,12426
379384028.629522,12539
379384042.652967,1473
379384051.700292,2443
379384060.502508,12579
379384074.802612,4316
379384090.120479,12411
379384099.537518,394
379384107.225514,10120
379384128.508074,12310
379384140.267181,12629
379384151.448451,12271
379384164.641474,1695
379384176.710127,8949
379384185.617496,5485
379384204.699938,12135
379384216.555991,12195
379384228.857053,13070
379384250.04988,10485
379384262.2684,4018
379384279.276422,1521
379384294.854785,12274
379384303.69506,12414
379384323.834351,12266
379384343.722035,12307
379384355.12236,12651
379384369.361614,12757
379384390.612343,1533
379384408.19843,1344
379384435.314548,9187
379384444.926506,13156
379384463.171162,13248
379384485.041929,1850
379384508.729332,1526
379384532.758507,11216
379384548.090525,6315
379384559.945548,570
379384576.676543,6286
379384583.553591,12620
379384583.510949,1203
379384583.175361,12680
379384596.232154,6779
379384608.344273,108
379384630.155637,1886
379384646.86333,1522
379384671.62836,854
379384681.990124,12715
379384691.877128,5570
379384703.422485,3443
379384731.43627,6721
379384741.811806,12457
379384756.888089,13221
379384767.755454,5117
379384783.667198,4185
379384811.339587,6524
379384831.339122,12994
379384843.90055,9120
379384858.785831,13019
379384876.919761,219
379384897.567418,6378
379384903.931745,1314
379384924.905328,11276
379384940.592137,7110
379384958.307451,12986
379384975.608162,12358
379384989.893202,11833
379385011.9941,12881
379385024.182376,2171
379385046.521069,703
379385057.101102,12725
379385077.222615,12737
379385090.834501,12771
379385111.097786,12706
379385119.99487,6035
379385128.665409,12718
379385143.350342,12802
379385160.771872,321
379385167.84852,5592
379385182.40152,12695
379385194.749848,2797
379385212.849122,1053
379385226.629415,12979
379385240.016224,8650
379385253.136153,12579
379385266.223173,732
379385280.214336,3626
379385296.613809,1185
379385317.515414,12479
379385328.8224,277
379385350.268698,12454
379385361.891149,1457
379385383.743715,115
379385398.833129,8482
379385415.978855,4260
379385428.902391,12514
379385447.527722,6854
379385458.329175,622
379385460.615035,12292
379385466.397926,12340
379385493.472789,2373
379385504.461291,148
379385509.954918,144
379385520.215933,12212
379385534.499058,378
379385543.742141,4504
379385564.035465,1536
379385576.671251,5322
379385601.528404,11924
379385620.798466,8745
379385639.121122,118
379385666.172097,2702
379385679.623127,12426
379385699.321496,12456
379385716.32927,12403
379385739.010588,12438
379385765.788585,12435
379385784.174175,8218
379385809.619851,12563
379385818.851908,12549
379385843.831669,151
379385861.103509,12620
379385878.99809,6444
379385894.012756,134
379385902.253894,12586
379385922.151878,12696
379385935.243051,3692
379385952.065907,1335
379385967.500052,3366
379385973.660349,119
379385999.78276,123
379386017.793348,12949
379386034.490942,1738
379386058.122414,122
379386086.168642,1504
379386111.398078,4178
379386132.356901,1533
379386152.58795,12994
379386162.124429,9708
379386180.138514,13148
379386190.722944,3483
379386211.804725,12986
379386226.063991,13118
379386243.524381,4371
379386257.685419,1150
379386266.884561,8552
379386285.352396,11420
379386294.917803,11751
379386316.219244,13096
379386329.747159,4134
379386341.226158,13095
379386352.528307,110
379386371.134201,315
379386393.833215,12828
379386405.105562,807
379386419.134928,5053
379386429.03016,1416
379386452.92106,13110
379386475.42586,12681
379386484.321879,12639
379386501.283604,7961
379386513.845607,12759
379386532.78963,12576
379386547.051201,12578
379386563.011671,6813
379386573.374037,13152
379386587.492865,7969
379386614.055917,171
379386627.578216,10387
379386645.200881,12498
379386661.903849,505
379386676.32027,931
379386687.189601,12547
379386710.516729,12485
379386725.663484,8921
379386744.511085,12916
379386767.319476,8831
379386784.22474,4560
379386797.753896,1423
379386813.577937,5162
379386827.35793,1053
379386844.103084,10471
379386858.369162,6789
379386872.746511,12362
379386880.506433,958
379386896.166973,488
379386914.499897,12272
379386936.109278,12216
379386951.242613,3445
379386967.820103,12302
379386981.107823,11298
379387001.173498,1440
379387018.375917,4379
379387036.678857,8346
379387046.257251,1306
379387061.204432,12632
379387071.691244,3934
379387086.115318,2360
379387106.517837,9729
379387121.576552,10067
379387135.425709,6537
379387153.696566,6156
379387165.314384,8828
379387172.82798,12951
379387190.780877,568
379387201.894069,12556
379387217.705308,1121
379387237.33584,12642
379387246.14865,6011
379387268.983189,12746
379387277.496211,1434
379387294.349689,1840
379387302.723704,1529
379387312.100564,9012
379387322.299157,12742
379387336.720795,480
379387349.954514,1541
379387361.519092,12800
379387383.122125,8279
379387398.613449,12835
379387418.388893,12893
379387435.671436,12886
379387446.081228,3979
379387458.168675,12943
379387471.763313,7914
379387483.422507,9034
379387494.903647,12987
379387508.562681,13001
379387526.740893,2291
379387559.103657,111
379387588.364741,10054
379387600.740812,12871
379387624.29702,10863
379387645.521444,1475
379387666.656401,12822
379387686.97588,1177
379387712.390878,153
379387728.898191,12907
379387744.625172,6919
379387756.351191,3752
379387776.288124,1445
379387787.553747,508
379387803.046681,104
379387815.053069,12687
379387830.525887,5482
379387848.792787,6138
379387858.746698,3996
379387882.89838,12141
379387900.040576,11601
379387918.613969,12571
379387930.581069,12513
379387947.674098,12528
379387961.929783,12484
379387976.922892,1500
379388001.76569,1039
379388011.459421,12448
379388024.551768,12409
379388041.066781,3194
379388050.106454,12370
379388065.81759,2219
379388077.078634,12834
379388088.788306,158
379388100.069791,12335
379388112.419942,2037
379388123.024797,9481
379388143.01849,12158
379388155.08721,1466
379388167.239162,2152
379388177.508617,1424
379388188.887554,12683
379388204.279508,12169
379388212.66958,12187
379388228.577314,127
379388238.15108,6472
379388254.441504,8384
379388267.415012,9997
379388278.791766,1468
379388292.799214,12262
379388302.037942,6954
379388316.268251,4222
379388335.115477,4291
379388353.316475,12433
379388374.703455,8134
379388397.563414,2037
379388410.013314,6486
379388424.149147,12486
379388442.81622,12502
379388455.250918,1119
379388476.914384,12527
379388488.336463,11572
379388507.410035,12563
379388521.137851,236
379388540.671484,12797
379388553.435038,11039
379388572.944956,97
379388591.81924,12844
379388608.394907,12681
379388620.31371,13072
379388639.683087,12695
379388651.117579,8018
379388679.226667,12858
379388694.273415,5651
379388714.401658,714
379388735.776445,12982
379388765.380329,848
379388782.443222,12899
379388790.674287,620
379388804.564482,7213
379388823.052295,1272
379388838.223174,13014
379388854.23246,2347
379388878.356585,1489
379388892.321964,11741
379388904.511342,1506
379388927.396142,1474
379388948.074074,13019
379388965.458923,13154
379388988.756492,12884
379389014.685242,10592
379389037.69713,12785
379389050.48963,12833
379389065.914468,12777
379389076.923559,12714
379389089.221508,1454
379389104.09732,1483
379389113.988998,4433
379389124.555488,7752
379389137.894066,10307
379389153.109012,1476
379389165.881689,136
379389177.669666,146
379389186.091909,8792
379389202.131935,1519
379389227.080807,11789
379389238.692223,2492
379389253.480173,519
379389276.726649,1473
379389295.008395,12482
379389303.452841,12911
379389319.304018,1429
379389338.15368,12352
379389357.357786,485
379389370.522436,12313
379389392.747606,2366
379389401.953168,469
379389419.812322,1840
379389429.557287,12374
379389446.85417,3397
379389463.214555,423
379389480.121909,205
379389495.324626,6256
379389505.035632,11823
379389516.654188,12164
379389537.634833,104
379389556.238382,1786
379389571.685592,454
379389588.539128,257
379389602.967822,5976
379389615.189084,11984
379389635.824647,5941
379389649.822334,1478
379389654.503832,12226
379389677.395383,7296
379389694.868779,3030
379389711.591857,8153
379389728.653272,2132
379389744.434275,6567
379389748.886745,11814
379389754.283742,3132
379389762.376237,12498
379389781.565971,994
379389794.239807,3916
379389805.377624,1518
379389825.843668,9692
379389834.647595,900
379389847.71861,12553
379389857.412061,10857
379389874.5102,1332
379389883.33956,12606
379389898.444985,12655
379389908.090742,12642
379389918.263018,12807
379389927.627471,12773
379389951.750769,393
379389967.994553,12734
379389977.034044,1385
379390003.935739,12743
379390016.102985,13074
379390029.952303,12828
379390043.918175,9242
379390056.067732,1535
379390073.255184,12201
379390098.068666,2320
379390129.739404,12985
379390143.192648,11771
379390164.698151,5946
379390180.380262,4159
379390207.344531,13012
379390227.736766,12954
379390247.95927,1417
379390269.61353,5083
379390283.049349,12082
379390293.063076,10754
379390301.945586,12825
379390314.383756,12853
379390327.90386,10327
379390339.211829,1436
379390351.36778,1997
379390370.435517,3339
379390387.121774,6509
379390396.254335,175
379390415.906753,1478
379390430.247198,6127
379390437.515821,150
379390456.795755,1553
379390473.854892,3106
379390484.171172,12690
379390491.227619,12655
379390510.018063,1427
379390521.400976,2969
379390537.842336,11691
379390557.72367,12544
379390569.662383,13198
379390585.175169,1837
379390599.244271,6953
379390607.354979,12541
379390617.496624,1529
379390629.158261,2440
379390646.732385,5555
379390668.929911,12374
379390683.379131,3906
379390695.432097,1460
379390719.392166,10596
379390725.559399,5590
379390738.93832,12349
379390752.307667,12262
379390778.125529,9403
379390791.139991,198
379390804.983002,3956
379390814.553562,946
379390838.790824,12184
379390845.119869,1413
379390865.985635,11597
379390880.858307,12236
379390891.820569,12236
379390908.059469,1318
379390921.961204,129
379390936.720426,4342
379390957.34504,4883
379390977.717999,298
379390996.434763,12416
379391003.748198,6960
379391015.629113,9214
379391030.37704,3015
379391050.839936,6251
379391064.384104,315
379391077.056657,1441
379391083.591027,290
379391099.952165,10033
379391112.155487,12785
379391126.103701,12668
379391144.140105,3574
379391148.371282,12629
379391160.588439,590
379391177.428214,12654
379391195.022507,1569
379391199.753418,1647
379391216.874799,12652
379391233.420191,6350
379391249.590608,8355
379391264.824898,456
379391289.369646,12816
379391303.005208,8167
379391310.747141,12793
379391332.335305,209
379391361.488436,2570
379391368.728265,4841
379391383.900444,5074
379391404.116835,1627
379391420.160689,12985
379391431.725636,4254
379391442.932746,1516
379391459.503279,12982
379391489.052348,10850
379391508.886012,12972
379391528.182353,7573
379391539.962955,13249
379391562.204537,13039
379391581.164887,3116
379391588.692307,1483
379391615.003469,4782
379391625.677759,12918
379391643.115829,13066
379391654.970502,140
379391673.573146,1426
379391683.910805,12850
379391695.63541,1067
379391703.849489,12729
379391713.743933,12781
379391734.287516,590
379391756.675444,1456
379391766.074795,12623
379391776.318492,12708
379391792.017559,5456
379391801.796725,2503
379391813.241086,1459
379391824.570421,11321
379391838.417797,12124
379391864.637848,10790
379391884.57226,187
379391892.856329,12562
379391917.184246,6976
379391937.320214,1561
379391952.324642,12740
379391970.940958,12432
379391993.641304,12599
379392008.596669,12414
379392018.688436,690
379392034.466021,12562
379392050.664038,12491
379392063.2866,1644
379392091.559048,12291
379392117.906661,12287
379392133.789818,12282
379392142.513093,12242
379392158.974307,12522
379392183.572753,10838
379392202.867066,12196
379392226.154106,5799
379392242.102634,2371
379392257.011363,2757
379392275.784758,12291
379392299.966897,12688
379392316.268459,1592
379392336.361284,98
379392348.281128,12452
379392376.417761,4729
379392382.779307,12433
379392405.785588,10727
379392420.091958,3347
379392445.200609,8683
379392462.302199,6712
379392474.156199,8603
379392493.986338,2428
379392505.537576,659
379392533.822031,12551
379392547.008956,12686
379392561.635406,12600
379392585.843109,12012
379392602.259201,12714
379392618.82572,12783
379392633.507589,1933
379392645.658679,9297
379392666.534253,1582
379392681.466324,151
379392691.163932,3853
379392705.16018,10624
379392716.912305,13034
379392737.682208,148
379392748.286032,156
379392772.138076,12861
379392786.494069,13170
379392805.437333,6637
379392822.280659,972
379392835.480736,12971
379392844.634623,230
379392862.82434,4286
379392884.564898,12955
379392906.281216,155
379392916.835484,5898
379392937.344442,4248
379392950.715661,7525
379392972.780653,2591
379392999.728012,12822
379393010.701995,7570
379393020.413525,12896
379393032.976475,1621
379393054.403572,6013
379393072.755072,12779
379393088.395925,3125
379393103.943458,442
379393126.624345,12641
379393142.716306,12591
379393157.940449,6524
379393174.742853,12607
379393194.865129,371
379393208.465962,1462
379393228.172346,8901
379393239.521399,1434
379393254.423961,12535
379393272.158008,12581
379393288.381794,381
379393305.090266,12458
379393320.237046,12470
379393338.005833,4706
379393357.884119,1616
379393365.067066,4845
379393379.047812,12307
379393389.95482,12384
379393408.606112,12477
379393427.206669,12516
379393439.961226,9044
379393454.162134,2349
379393460.370356,1519
379393472.338722,12257
379393482.557613,4939
379393516.937522,12245
379393531.649416,12254
379393550.485824,12888
379393562.292206,160
379393579.886325,374
379393600.507093,1524
379393610.227417,144
379393623.238325,11359
379393643.837471,1320
379393660.332855,12501
379393677.525749,1503
379393697.379086,9565
379393711.092773,558
379393728.923143,105
379393752.411767,12485
379393771.411891,12582
379393777.708634,12539
379393786.911272,344
379393798.98042,1561
379393809.476623,1513
379393828.450119,12602
379393840.870812,569
379393858.428055,1501
379393872.560521,12721
379393884.657685,7123
379393894.638606,808
379393906.755748,12830
379393923.569051,3486
379393944.889089,3617
379393958.792946,12667
379393975.237259,1547
379394015.175264,12829
379394030.523277,2524
379394048.288332,91
379394065.615719,1265
379394081.880772,12310
379394098.998925,11065
379394110.179626,6083
379394128.686881,1484
379394138.278094,9210
379394146.358943,91
379394170.03972,219
379394179.426323,13011
379394193.382805,2302
379394208.578885,6610
379394219.682004,395
379394239.108403,12891
379394251.729032,1420
379394265.22506,12919
379394282.834929,4963
379394301.054316,6090
379394325.575905,11001
379394334.088384,12879
379394346.465218,5773
379394361.121157,12830
379394379.276364,12929
379394399.963256,11011
379394418.079758,9389
379394436.377311,9022
379394452.509896,5954
379394468.841826,1832
379394489.230264,10709
379394499.850894,8859
379394518.703013,12523
379394530.336321,12523
379394542.122517,12367
379394552.35142,1081
379394573.551094,12488
379394582.252334,1128
379394599.686518,105
379394608.055014,9622
379394618.565975,2028
379394648.339997,6336
379394668.211367,12374
379394683.493724,97
379394704.588547,5390
379394725.785905,12262
379394743.645829,7214
379394759.645023,12213
379394772.556859,12213
379394779.971879,1757
379394801.865936,12210
379394822.231628,4630
379394829.446239,12178
379394845.587767,10465
379394857.695003,207
379394862.783533,1472
379394877.639524,1548
379394887.779412,3026
379394909.414169,1460
379394921.161183,464
379394937.02383,7985
379394952.491197,1485
379394963.535202,8344
379394977.346032,7253
379394997.923314,1032
379395016.943497,8147
379395027.778226,1487
379395042.987817,1510
379395062.035925,13016
379395084.781141,253
379395098.997871,10874
379395114.719546,9930
379395125.720325,1471
379395136.269939,8594
379395150.628618,10569
379395160.931661,12644
379395182.249462,375
379395197.24697,4040
379395204.20165,1501
379395203.594162,12638
379395202.57808,3844
379395202.816532,12628
379395204.548148,1486
379395210.21469,5465
379395224.672426,12630
379395252.675572,12738
379395266.300123,1499
379395278.105204,12790
379395292.033175,9669
379395313.358876,6629
379395334.217366,12910
379395351.125929,1474
379395365.874418,182
379395378.647263,13173
379395389.103861,8157
379395402.525641,283
379395414.266047,8379
379395429.079687,5916
379395443.284973,1479
379395461.060228,1533
379395478.949076,9249
379395487.218927,95
379395505.472284,13121
379395517.764429,3738
379395526.934246,9542
379395541.264048,4394
379395553.552903,12911
379395561.156793,12972
379395577.942784,12860
379395591.656719,10736
379395606.598449,12827
379395618.651054,10309
379395629.835427,3779
379395653.67531,9372
379395664.829639,138
379395677.442347,1470
379395687.889958,12739
379395704.621266,1299
379395716.241928,12723
379395727.176773,475
379395736.154759,12630
379395758.110084,8871
379395768.901127,217
379395779.392432,12689
379395786.439502,9089
379395803.211044,266
379395813.770886,12739
379395825.322969,12606
379395844.098546,12548
379395861.012767,10041
379395871.112596,4053
379395888.159621,12560
379395900.042869,7158
379395910.398595,5147
379395922.550775,4086
379395935.235404,12481
379395948.948688,12537
379395960.377034,2987
379395976.169908,12575
379395986.42785,12387
379396001.099755,12593
379396021.922876,10862
379396042.40224,6025
379396056.612971,1455
379396086.009472,4501
379396093.869118,4763
379396102.646231,1909
379396119.066945,12523
379396137.899583,1494
379396141.039805,12241
379396153.739644,3721
379396171.116293,567
379396191.535898,3179
379396218.131318,380
379396238.343076,12343
379396250.887582,1533
379396266.154506,122
379396282.008862,3063
379396297.361687,12607
379396310.160489,9628
379396326.781552,7819
379396333.758925,3471
379396352.532902,12402
379396359.662371,132
379396375.813922,12789
379396388.645549,1443
379396402.990074,10685
379396409.80603,473
379396420.260093,1745
379396434.829268,1375
379396447.619336,12565
379396462.345752,1428
379396482.987169,772
379396497.513991,7258
379396511.405586,12825
379396529.653165,12712
379396544.818366,5605
379396554.223363,12733
379396571.434077,12543
379396603.544987,1477
379396611.823561,6191
379396622.780593,6896
379396646.25656,1907
379396656.997077,8694
379396678.773931,7215
379396693.052653,12896
379396714.927945,12870
379396727.540228,12912
379396744.60804,8332
379396764.557414,203
379396779.051159,214
379396797.202393,13152
379396814.976193,1242
379396834.669356,9898
379396848.056828,5155
379396871.322933,12932
379396884.305389,1392
379396892.949453,13107
379396910.948438,13139
379396930.067074,97
379396941.973848,1546
379396959.050721,12885
379396989.97365,12959
379397013.555619,12776
379397033.296573,1940
379397048.974533,12692
379397068.314141,5153
379397077.704277,1144
379397082.953829,12744
379397101.060378,12643
379397112.512885,5980
379397120.681032,1466
379397141.412147,12574
379397146.237534,221
379397157.955515,12676
379397184.152721,12613
379397199.391199,12562
379397211.758302,2114
379397221.882021,1499
379397248.282736,1435
379397256.456222,1475
379397279.099905,12472
379397302.929033,12442
379397315.791345,1311
379397330.277738,1195
379397353.960427,1441
379397365.594711,7206
379397381.677195,12284
379397394.865024,12337
379397402.572645,12310
379397419.432679,2701
379397434.885228,2139
379397447.683769,4914
379397461.071309,3897
379397477.228262,769
379397486.136669,233
379397515.232467,12167
379397525.538179,12224
379397538.491499,12707
379397554.488243,12268
379397567.317258,12564
379397574.965851,11088
379397594.430178,12320
379397615.424589,12378
379397623.359578,273
379397634.410931,11541
379397658.986035,12665
379397684.539467,12435
379397700.039047,8497
379397708.173303,8173
379397731.292029,12478
379397738.792336,6523
379397745.416118,1502
379397756.694991,12562
379397780.98321,12875
379397798.303768,12819
379397811.283185,3447
379397829.252102,12593
379397839.674343,8826
379397840.581148,12620
379397849.386555,8249
379397868.384543,12658
379397881.14432,257
379397893.700588,1035
379397908.429478,1469
379397916.104499,7776
379397926.124138,1516
379397933.19426,2660
379397949.425131,3027
379397956.904528,1445
379397965.148862,5906
379397982.941052,8241
379398000.361048,12802
379398012.71459,5543
379398027.316378,12836
379398053.644761,7831
379398066.641315,12932
379398074.677316,13066
379398093.294215,4740
379398113.374932,1518
379398124.75669,1526
379398143.646594,135
379398153.512395,6788
379398164.131809,828
379398172.399141,13230
379398193.973932,12916
379398207.650715,1505
379398214.976146,5680
379398233.747544,1533
379398242.318051,9358
379398269.060069,12802
379398286.350095,1923
379398310.735636,12778
379398324.921392,12730
379398334.275876,1501
379398352.324043,4435
379398369.766693,6090
379398385.337928,12928
379398403.263648,1471
379398413.933761,9972
379398430.888401,7307
379398443.364218,2063
379398454.012546,4625
379398469.118667,12731
379398484.598384,282
379398502.486398,12560
379398514.266544,12597
379398529.037809,8230
379398539.331202,5486
379398559.253582,2392
379398573.730244,12454
379398586.235832,1193
379398597.319494,12487
379398608.587327,12517
379398619.823756,10788
379398635.596794,2402
379398648.726437,6889
379398664.174182,7907
379398673.737608,1810
379398686.160004,8916
379398709.26519,12355
379398725.231816,4705
379398746.623875,12212
379398766.802599,117
379398779.26545,12700
379398785.758396,12242
379398804.019735,331
379398813.978257,9614
379398831.002584,12256
379398847.490886,3922
379398866.404051,6492
379398875.881473,9968
379398892.727505,1467
379398902.809927,12623
379398913.679999,2224
379398923.088604,12488
379398933.416339,12634
379398959.150954,12392
379398968.757454,12289
379398983.615575,12747
379399007.410609,12432
379399026.019466,155
379399031.117573,12539
379399045.530185,12933
379399058.299036,3860
379399075.412129,96
379399098.075667,1482
379399110.511678,828
379399127.585712,10933
379399135.911898,8112
379399146.29267,12591
379399165.245767,12655
379399182.136647,2685
379399194.921259,1468
379399207.091236,10500
379399228.007817,199
379399239.390808,12727
379399251.288686,6728
379399263.148289,9720
379399274.443642,2752
379399282.51509,12735
379399297.840824,8927
379399313.411164,12965
379399330.828952,10597
379399348.401713,12893
379399359.607738,12888
379399377.257809,13131
379399397.295241,11137
379399415.556879,12178
379399422.195809,11542
379399436.023963,4404
379399455.143072,5507
379399476.480926,413
379399487.852542,12955
379399503.794253,104
379399512.013793,8278
379399526.708477,255
379399543.258158,1449
379399559.40705,3475
379399567.176765,13027
379399587.477448,12801
379399603.405347,12871
379399612.49016,538
379399625.858858,3296
379399644.854378,5049
379399658.636733,441
379399667.191788,12980
379399685.050425,7733
379399709.362626,386
379399721.153285,1002
379399745.591984,12734
379399751.316689,12728
379399762.319377,12697
379399777.205918,8382
379399788.642192,511
379399801.295186,7817
379399817.882732,1008
379399829.310905,12595
379399848.848173,12523
379399862.890626,12515
379399875.169558,12549
379399894.643542,189
379399912.034077,6463
379399928.623062,4455
379399940.947119,10371
379399959.579042,12413
379399970.683666,12465
379399978.314036,12410
379399988.09187,2183
379400002.293987,1687
379400020.654549,1405
379400035.659231,213
379400045.554589,12301
379400078.490914,1481
379400100.410559,12243
379400125.760115,7497
379400143.418209,12345
379400162.031506,8335
379400173.635637,126
379400188.286603,8767
379400210.314993,12209
379400225.810313,9882
379400238.305044,133
379400249.839321,699
379400271.234643,10027
379400284.291911,7850
379400292.17947,983
379400301.665554,12748
379400316.007713,12375
379400325.797047,3108
379400338.558638,5330
379400360.158502,12592
379400370.866546,12495
379400385.198567,12508
379400401.048152,12815
379400415.181009,12680
379400426.595479,1541
379400446.764349,198
379400459.932703,12542
379400481.23934,12627
379400491.943708,3105
379400505.442328,1468
379400522.98197,8762
379400542.020006,8102
379400553.762005,7462
379400568.531423,12659
379400587.737488,1455
379400595.568459,1588
379400606.075823,12753
379400621.450862,119
379400639.657297,9804
379400650.55264,12671
379400668.137704,8202
379400675.495915,12350
379400702.531362,12846
379400715.398072,3398
379400736.091852,875
379400750.040466,8466
379400762.368774,1565
379400778.090616,13172
379400799.116049,5754
379400809.778528,13188
379400828.384238,103
379400831.681874,13007
379400844.518728,12914
379400855.787261,10885
379400872.959786,12892
379400902.958235,12916
379400921.618349,12828
379400937.335267,1670
379400947.345917,4147
379400960.19011,12863
379400971.123083,12820
379400986.744906,13144
379400998.507919,5906
379401009.7832,12702
379401019.864177,6512
379401034.093229,12686
379401040.979273,1301
379401063.923489,12713
379401080.584798,12728
379401089.725604,6378
379401097.807823,6787
379401111.048458,2305
379401125.060625,1256
379401133.272475,12390
379401149.301131,12702
379401171.934214,1437
379401189.963775,6019
379401203.393908,5123
379401215.446408,12487
379401232.525102,5861
379401245.52122,12428
379401260.868762,7489
379401283.907315,12572
379401304.262326,11685
379401324.568513,89
379401341.82098,12301
379401361.167936,1425
379401375.357589,5884
379401385.674068,1678
379401392.383404,11802
379401413.171004,12259
379401432.181421,1511
379401460.500932,5365
379401471.037789,12225
379401478.868664,12955
379401489.384012,12437
379401505.815583,12217
379401515.133439,12251
379401535.063182,1498
379401546.539656,12311
379401563.11676,12917
379401580.357801,12269
379401593.385241,12410
379401610.613507,5892
379401621.819862,13173
379401641.626959,11373
379401654.708898,12418
379401677.359692,12379
379401687.468117,1878
379401703.700855,12161
379401708.758306,1602
379401727.013264,12573
379401734.666904,2150
379401746.080188,913
379401755.258714,12514
379401770.76498,3569
379401779.601465,12570
379401792.611622,12621
379401799.591472,12926
379401816.958652,12575
379401827.928046,4351
379401848.702841,11936
379401858.544754,7100
379401874.196447,12805
379401896.407445,8054
379401910.130838,12699
379401917.761876,649
379401929.281979,12819
379401945.475533,12910
379401963.829834,297
379401978.823172,12836
379401992.765662,13077
379402000.992403,10231
379402015.221755,3855
379402039.276474,1503
379402053.70735,2881
379402068.498654,12885
379402090.625599,1196
379402106.422982,1508
379402119.589609,13221
379402134.150081,98
379402154.01906,13030
379402171.802112,8493
379402200.869222,11198
379402215.213162,3858
379402235.197029,12940
379402241.049442,3681
379402252.333273,5254
379402265.295664,13142
379402274.49591,12748
379402285.56746,8515
379402316.527864,12741
379402344.198696,12817
379402359.439383,12734
379402371.207034,12911
379402391.980863,12654
379402419.331655,12482
379402432.062948,1500
379402453.618023,8407
379402474.108526,1164
379402485.896381,12584
379402501.68257,1441
379402521.909251,10570
379402544.371621,12500
379402552.727619,1467
379402560.6903,12662
379402572.684019,815
379402576.398024,12651
379402595.374315,1153
379402623.355406,12363
379402635.735608,12352
379402644.203222,12335
379402654.016968,11536
379402671.669013,10481
379402692.126257,12277
379402709.220205,12273
379402721.510589,4212
379402727.765761,12485
379402739.428296,5217
379402745.366744,12213
379402765.357637,1487
379402785.772712,12201
379402806.134255,1465
379402818.315068,12429
379402831.432987,3403
379402840.529464,12760
379402839.082759,12258
379402839.038178,12609
379402858.510549,5296
379402869.499677,894
379402885.227697,12304
379402900.614025,6688
379402911.292551,3621
379402928.112075,139
379402950.321733,12603
379402972.249645,12523
379402992.638425,96
379403006.290311,671
379403021.152309,12860
379403059.5634,12533
379403065.471876,8846
379403080.362697,12606
379403100.652237,10356
379403124.096098,1128
379403133.274498,831
379403140.044872,11207
379403159.47205,1544
379403181.262076,12847
379403194.863174,6838
379403204.836736,10976
379403213.159709,1394
379403231.702093,11524
379403250.127846,1489
379403260.367485,2752
379403275.436109,13043
379403288.634586,12779
379403299.5286,12834
379403309.422155,12833
379403325.667034,448
379403335.185043,12837
379403356.899627,12856
379403369.77504,1469
379403386.23741,7319
379403405.471271,12973
379403424.428331,5337
379403438.977081,11276
379403447.914687,6433
379403462.021526,926
379403482.640504,12977
379403496.821624,1464
379403524.548924,12956
379403536.758391,5084
379403553.781786,10219
379403564.579052,12861
379403575.532923,4059
379403588.871064,12895
379403604.125536,5159
379403614.921449,12780
379403623.210472,13179
379403628.132602,12766
379403637.734645,103
379403647.457643,12760
379403655.295088,12756
379403670.802543,12752
379403685.888486,5079
379403699.63384,12866
379403727.530644,12798
379403740.976116,12631
379403766.273337,12233
379403773.584615,12642
379403782.681712,9138
379403799.88476,293
379403814.459971,127
379403826.096643,4366
379403841.322736,10158
379403856.582288,6898
379403865.839401,12545
379403880.066229,1270
379403896.787163,1454
379403914.667568,12444
379403927.695627,282
379403937.007402,12474
379403954.601285,12355
379403960.82997,1552
379403973.1269,12371
379403985.054487,7145
379403998.661421,819
379404013.080079,12293
379404031.614133,1471
379404043.970231,12398
379404058.785438,1435
379404069.892159,109
379404083.961581,4586
379404098.282944,12254
379404115.109264,12204
379404134.011448,4830
379404145.785492,12254
379404159.385843,6334
379404175.014731,8833
379404189.216925,1505
379404199.101126,12598
379404218.459446,9191
379404231.134423,12639
379404240.840667,2179
379404255.73502,10055
379404273.0559,12354
379404288.738692,12400
379404302.632686,8219
379404312.174073,1507
379404332.455054,12401
379404354.28288,12510
379404362.646472,12620
379404377.933988,5219
379404392.700758,2404
379404413.902853,6182
379404420.04376,5148
379404436.85066,12502
379404457.207823,1520
379404471.775573,895
379404484.802808,181
379404496.211235,1458
379404510.964877,12709
379404527.133706,12690
379404547.722739,5099
379404575.258106,12255
379404580.581706,12755
379404587.503846,9458
379404605.50619,2077
379404624.515486,5623
379404645.034893,2282
379404663.064103,7495
379404679.58798,1556
379404684.632942,755
379404692.878395,586
379404714.560352,1584
379404729.395656,7482
379404740.997095,12967
379404770.086457,12973
379404786.585962,13014
379404800.605037,1501
379404813.149635,13147
379404823.527248,12985
379404833.038788,7286
379404849.20713,12858
379404854.226489,945
379404877.34776,3078
379404895.110081,222
379404914.312311,195
379404925.288778,12863
379404934.371904,780
379404957.871775,12778
379404980.560236,12794
379404999.106553,12768
379405012.836915,2532
379405028.346957,11358
379405044.813909,12738
379405059.951799,12736
379405080.255501,9151
379405092.837565,1456
379405103.517803,12650
379405112.126807,12573
379405119.241492,11500
379405136.064456,12587
379405144.11073,12538
379405159.674951,2430
379405169.823339,12534
379405186.957562,2181
379405211.831279,12459
379405219.874722,12507
379405224.296807,12991
379405243.985466,880
379405256.531449,212
379405270.761198,6583
379405280.217413,12389
379405301.50236,12322
379405325.979615,12419
379405351.863176,1530
379405368.282299,2865
379405380.354038,6133
379405389.378912,3566
379405402.662903,12256
379405413.917545,12222
379405435.427667,12126
379405450.699098,12188
379405466.528548,1451
379405494.425525,7406
379405504.812809,6452
379405517.694016,12310
379405526.747575,5275
379405536.733621,12293
379405551.087258,11046
379405566.982892,12398
379405582.448527,12412
379405605.501577,11099
379405620.43432,9947
379405634.20738,13041
379405647.241267,6248
379405663.345838,8791
379405681.646195,878
379405695.522379,12463
379405700.891688,8941
379405711.874584,314
379405724.179564,11964
379405737.398471,12564
379405748.236241,12576
379405770.539312,12204
379405795.554227,209
379405811.712442,751
379405830.137838,1457
379405843.491077,11629
379405854.617223,1539
379405866.958659,9846
379405878.312634,94
379405898.562511,1456
379405923.472296,12846
379405945.337838,4128
379405958.249037,1571
379405969.885209,1073
379405994.983865,1446
379406010.118051,5657
379406028.061772,878
379406048.683402,12926
379406069.427653,12936
379406079.844728,2487
379406104.309568,1445
379406112.882986,11071
379406118.431759,1492
379406152.434238,883
379406170.669021,5412
379406179.886091,12932
379406200.29062,12858
379406215.41256,1474
379406227.162629,12855
379406240.852567,12816
379406259.265723,13016
379406271.539557,7260
379406293.206032,12840
379406303.901998,12745
379406321.709298,12755
379406341.217791,12722
379406359.13898,183
379406368.070632,1176
379406381.129167,12653
379406390.424869,12649
379406412.602699,1502
379406433.863284,1482
379406442.426811,12901
379406461.860591,4527
379406478.852624,13177
379406488.80454,1520
379406502.740182,1441
379406522.645883,12602
379406535.02831,238
379406547.558286,3566
379406569.257883,3321
379406584.59312,4072
379406610.399185,5276
379406618.391442,1552
379406626.805278,12414
379406638.705405,9274
379406654.45441,12304
379406672.140047,1368
379406685.536223,12466
379406696.494178,12369
379406713.429946,1276
379406723.812749,143
379406740.344132,12424
379406756.030215,12176
379406776.167092,1499
379406786.831494,12269
379406797.635443,5871
379406808.569618,291
379406816.248518,1245
379406829.958745,8686
379406850.994131,6095
379406866.301084,12234
379406874.646817,7412
379406896.855108,5815
379406909.14057,12388
379406923.484348,128
379406931.934349,764
379406945.437693,12391
379406951.262311,12555
379406954.041412,11991
379406965.293048,12583
379406975.799456,3006
379406997.492539,12540
379407011.08272,12689
379407016.858637,1445
379407028.805338,6816
379407052.139178,12386
379407069.638577,2681
379407077.84665,1459
379407094.929807,1451
379407111.21703,1516
379407122.895575,12493
379407140.932433,2478
379407148.359065,12658
379407168.191779,12696
379407180.221336,1877
379407202.714762,1467
379407215.055539,1536
379407253.48657,1535
379407278.158743,12339
379407287.920214,2741
379407304.721844,1513
379407314.008896,5252
379407336.433972,12874
379407356.495561,1370
379407368.831754,13174
379407380.46686,7638
379407392.235273,112
379407407.242538,13004
379407420.616665,1717
379407435.168334,1532
379407447.685421,3365
379407464.773504,2515
379407484.469988,4313
379407495.782962,91
379407509.301108,2681
379407529.987925,12358
379407544.578037,12878
379407559.299715,1575
379407579.909262,12836
379407587.455584,1495
379407603.461222,12775
379407619.815102,10546
379407642.009691,1491
379407651.476702,1485
379407670.124277,2957
379407684.557085,12674
379407690.525461,8368
379407709.936526,655
379407723.539936,1531
379407742.660511,9280
379407758.151147,6553
379407775.340477,5133
379407786.426535,3778
379407795.722069,7451
379407804.944537,1582
379407827.322075,88
379407845.542674,12535
379407858.312962,9493
379407865.297198,1542
379407876.980957,12480
379407900.237161,1441
379407918.345493,1926
379407934.035861,1612
379407951.502102,8106
379407967.451855,136
379407980.324661,9020
379408001.360523,1181
379408018.526485,102
379408037.328856,5658
379408047.815649,9539
379408053.646242,12647
379408075.636006,12177
379408095.606303,3693
379408113.543151,12254
379408125.173073,12211
379408140.988798,10874
379408156.365983,1482
379408164.782912,12663
379408177.109253,12280
379408192.568968,9036
379408202.333136,3731
379408206.210937,2561
379408214.094772,2078
379408234.307242,12368
379408258.596993,12401
379408277.085449,10130
379408297.392435,12433
379408320.89954,2799
379408330.027426,2837
379408355.588858,1441
379408373.460653,4189
379408380.528988,5915
379408397.885819,12591
379408415.628226,8022
379408435.248669,1150
379408449.072025,12615
379408466.737655,12638
379408480.710682,931
379408494.742566,1290
379408507.47485,3632
379408526.52773,931
379408535.897739,977
379408544.619953,1301
379408559.616427,6949
379408582.09432,12946
379408598.341633,1305
379408614.217509,98
379408627.891143,4637
379408652.857727,1277
379408670.448461,10182
379408688.210127,11622
379408697.278487,13055
379408707.569023,846
379408726.84152,2307
379408736.194568,12424
379408757.807574,7681
379408777.168068,10790
379408789.320857,1499
379408803.517684,13119
379408818.781453,4895
379408841.164066,13178
379408862.953602,12811
379408878.764506,1525
379408905.363195,12953
379408923.883859,184
379408933.174569,3096
379408946.444781,12781
379408961.252614,12757
379408983.571259,1677
379408989.783861,12734
379409003.435009,10508
379409012.548324,12724
379409034.54161,1466
379409047.971096,466
379409064.805025,9411
379409090.331967,11080
379409105.304336,12617
379409119.764596,1103
379409137.729609,162
379409151.025375,4540
379409165.925522,1025
379409186.150212,13005
379409202.251451,13181
379409228.086071,271
379409241.011235,10392
379409253.447307,7149
379409269.771283,285
379409288.95001,9139
379409303.574598,9679
379409314.572369,3662
379409332.716246,12333
379409351.393402,10121
379409363.579611,2362
379409371.83049,12259
379409383.165248,12638
379409401.813625,12183
379409413.014333,12187
379409421.973455,12197
379409437.725728,10511
379409448.359001,1512
379409468.615188,12403
379409479.305045,86
379409497.037509,1894
379409503.483438,355
379409516.53591,9138
379409531.968403,12324
379409545.269424,12387
379409558.552526,773
379409564.8536,8210
379409574.587346,1489
379409586.867205,371
379409603.660132,2274
379409621.260977,11202
379409634.35824,12494
379409642.28799,10389
379409653.436188,7854
379409666.999592,12471
379409690.797967,12490
379409711.600689,4944
379409727.672275,12541
379409734.041394,4916
379409755.345019,12967
379409769.214567,12623
379409782.500329,12778
379409794.023964,13061
379409809.331031,12641
379409836.260136,12713
379409854.686449,4950
379409869.957933,8373
379409886.469669,1493
379409898.903284,12838
379409915.054399,12897
379409930.580787,12872
379409949.068384,4474
379409962.732622,1524
379409973.405868,12899
379409992.091687,3368
379410015.4606,889
379410027.056366,10153
379410042.211184,12992
379410045.864759,12968
379410064.725806,7095
379410090.613757,11128
379410099.828892,1504
379410115.909774,9344
379410142.495136,2754
379410162.335638,5507
379410175.019909,11252
379410190.142125,4842
379410199.798354,12873
379410211.221367,1518
379410218.185478,12881
379410232.802231,9177
379410243.738265,4635
379410251.948219,5199
379410272.911561,12894
379410280.962912,1467
379410290.240205,90
379410298.837222,600
379410318.993534,12728
379410336.127296,611
379410347.097592,12693
379410360.087015,4205
379410373.928941,4234
379410389.397708,1566
379410405.469979,433
379410419.905511,12877
379410435.080429,12602
379410451.045474,11715
379410474.261576,10354
379410488.523711,1477
379410506.420978,1832
379410525.417225,1431
379410544.697696,12427
379410556.875539,12587
379410570.512487,11120
379410583.585474,12420
379410600.909399,12402
379410617.308554,9022
379410630.505638,3053
379410641.014732,1994
379410651.057083,12595
379410662.848317,12251
379410688.087107,820
379410696.620693,1506
379410711.831835,12317
379410732.99125,12200
379410747.810085,3185
379410758.464108,12904
379410767.313449,12160
379410779.743781,12355
379410798.109611,148
379410826.820179,1492
379410842.947404,2238
379410859.46998,12381
379410873.715408,5063
379410886.801471,12744
379410901.577812,12445
379410922.643381,12443
379410952.42699,576
379410978.094833,11183
379410985.411062,12556
379410998.897156,12492
379411009.269891,6831
379411021.204253,9378
379411030.812122,12528
379411055.478249,12656
379411070.762779,1411
379411090.478998,117
379411114.063825,1358
379411126.315743,12719
379411138.307112,8177
379411156.431367,12938
379411181.941838,2737
379411193.8059,2687
379411208.052344,11626
379411218.44206,1709
379411240.01608,3313
379411252.629193,5698
379411267.969911,13098
379411278.369574,12807
379411296.31327,12890
379411314.227557,7626
379411325.790957,1651
379411352.934513,12921
379411362.747393,2180
379411377.316737,12948
379411395.936758,1542
379411406.640001,644
379411424.10502,935
379411441.552279,8211
379411456.53103,5192
379411473.294163,6009
379411484.77667,1717
379411498.73297,4706
379411505.705802,12873
379411518.049378,6417
379411538.181468,6348
379411552.083791,11297
379411575.882142,338
379411586.561612,1598
379411604.260056,5172
379411619.415964,2255
379411630.474219,13154
379411639.814568,7032
379411655.479783,1922
379411671.624131,12686
379411678.177718,13243
379411694.847127,1644
379411716.303039,1376
379411731.600298,8342
379411745.267229,9023
379411751.689221,2218
379411762.485127,12567
379411781.66594,3167
379411793.02228,5356
379411808.461757,12506
379411818.853101,10375
379411833.526187,12502
379411854.380789,12467
379411872.755809,8240
379411886.532895,1447
379411899.176362,11454
379411919.115866,989
379411933.874912,2864
379411959.13356,1526
379411973.302208,12307
379411992.774303,194
379412005.460758,12462
379412028.4856,12444
379412041.862982,12228
379412056.452524,1585
379412067.773377,12373
379412086.859405,3556
379412094.81322,12256
379412109.469227,1596
379412121.57511,324
379412135.468446,12259
379412150.605478,3891
379412172.614496,1171
379412185.388313,1549
379412199.747085,12033
379412207.973385,1478
379412215.997055,12350
379412227.278917,1501
379412237.744721,1904
379412252.010801,13212
379412263.121147,1502
379412276.097503,12681
379412304.178307,1477
379412316.469365,280
379412332.717795,12513
379412339.352767,1495
379412347.096031,12535
379412360.545004,146
379412370.800753,12601
379412398.887054,93
379412417.13287,89
379412427.315386,4010
379412442.98239,12689
379412451.622661,12985
379412461.339749,13201
379412474.804957,4722
379412488.420737,1502
379412505.702466,12712
379412522.353353,13123
379412532.371828,11292
379412546.000237,6425
379412566.759026,12815
379412587.35897,12870
379412601.671191,9439
379412627.581682,13250
379412640.21317,1519
379412651.724961,3055
379412668.477346,6317
379412682.585943,1491
379412693.954315,13031
379412711.66024,13000
379412732.136215,1420
379412749.960926,8706
379412756.567634,5826
379412768.309389,13054
379412796.561511,13036
379412810.787881,729
379412832.586615,12838
379412841.597259,6062
379412860.749926,12835
379412884.092161,12837
379412896.953395,5861
379412906.816651,3256
379412916.116348,7252
379412924.611799,12793
379412933.305401,12802
379412957.24579,12738
379412971.065038,13148
379412990.217748,12809
379413012.922491,1545
379413030.038025,8945
379413055.02101,452
379413070.209513,3716
379413088.058473,1569
379413111.762045,6455
379413133.103132,12524
379413161.852135,12478
379413169.678844,1852
379413187.287603,12489
379413198.775031,134
379413213.8708,2364
379413229.07154,12417
379413240.529122,12773
379413264.865303,326
379413279.936006,12355
379413302.128085,12223
379413318.327474,3098
379413328.067788,1787
379413344.293952,12250
379413357.084052,12228
379413375.139231,12225
379413387.92451,12521
379413398.638447,1947
379413411.88361,12365
379413419.843775,693
379413432.97506,12149
379413447.802958,12287
379413461.467098,12190
379413472.931105,12588
379413494.274691,1484
379413506.716158,12358
379413522.147366,7669
379413542.656032,315
379413566.492517,6270
379413580.548019,1235
379413589.840657,12416
379413601.902419,7598
379413612.441722,12036
379413619.869307,391
379413619.547569,489
379413635.85676,1099
379413653.545069,1509
379413671.492421,8345
379413694.283571,12536
379413706.668938,12486
379413719.531259,12596
379413729.979156,12596
379413745.505921,10520
379413753.95565,7176
379413766.611755,12674
379413788.587454,12858
379413799.301864,3692
379413805.769069,12677
379413824.463713,4175
379413841.381711,5481
379413849.693994,4746
379413865.592004,12766
379413877.120993,1462
379413888.047378,12940
379413900.448181,11916
379413907.138062,1523
379413929.112288,654
379413947.269303,5673
379413959.251893,1547
379413966.44069,12882
379413983.973353,12909
379413994.608381,6262
379414002.847642,1425
379414018.329706,12943
379414041.392216,12933
379414053.964632,1446
379414068.688171,13108
379414091.989936,8509
379414104.010214,1491
379414113.983495,1170
379414127.272407,1472
379414140.278851,12874
379414151.304837,8049
379414168.467925,13182
379414193.0671,3111
379414205.067433,1437
379414216.825757,92
379414231.021589,12811
379414244.130896,12796
379414264.597899,12726
379414282.840234,12700
379414306.073037,3233
379414326.403687,2808
379414343.497461,4980
379414358.399082,8987
379414384.340911,8825
379414398.645498,12591
379414418.298061,4285
379414445.373536,7744
379414460.493294,1392
379414477.062754,2125
379414491.134542,9264
379414510.065437,201
379414524.990218,12399
379414535.448062,12377
379414553.427129,4311
379414568.489196,1044
379414582.109612,85
379414594.215165,6452
379414614.311222,1411
379414628.844781,9237
379414632.444164,8488
379414651.523114,12706
379414668.89392,12346
379414680.459111,12236
379414688.082124,1413
379414706.629582,7071
379414718.068944,12181
379414727.258916,1482
379414737.486468,3131
379414752.220826,1497
379414762.932379,1459
379414769.650564,106
379414780.740028,12287
379414794.398893,703
379414816.400355,1486
379414828.332694,2527
379414837.781833,326
379414852.845031,1422
379414860.012659,12375
379414873.601361,1485
379414892.30567,3737
379414902.592281,12390
379414919.757651,12479
379414930.213774,1496
379414946.446148,12540
379414965.111385,12471
379414974.897656,4956
379414993.415495,764
379415012.433114,12513
379415030.153753,12556
379415048.334894,12896
379415068.265502,10843
379415081.849176,12636
379415096.538121,12976
379415110.019426,351
379415121.728802,489
379415137.184367,1506
379415151.447472,12782
379415169.213334,12936
379415187.458795,12738
379415201.313367,11967
379415213.250322,1924
379415226.848025,12768
379415243.364509,12096
379415266.493488,12831
379415276.708172,12469
379415287.398622,11246
379415295.633106,12900
379415314.72748,8373
379415326.451587,625
379415337.21721,13050
379415352.912612,8453
379415367.947142,3840
379415386.715876,12997
379415406.667421,10031
379415418.44827,1282
379415432.273261,12896
379415445.020374,13100
379415462.326631,7461
379415475.347662,5914
379415487.067314,8998
379415501.967212,1465
379415515.916167,209
379415528.870837,1490
379415546.278667,12848
379415563.335114,1404
379415580.747854,12800
379415589.962582,5304
379415606.77376,3136
379415627.227295,6588
379415645.360169,12652
379415670.744817,149
379415681.676625,3571
379415690.868745,135
379415702.862851,12810
379415713.424653,12602
379415729.652816,12588
379415738.064736,1485
379415751.829927,11994
379415762.894437,394
379415773.961203,1487
379415790.855496,12490
379415801.149551,10052
379415816.322952,12426
379415830.823528,8784
379415849.620242,1287
379415863.791426,8295
379415877.620463,12405
379415887.536382,5169
379415902.573308,6095
379415916.749897,12706
379415936.129058,12406
379415952.729999,13238
379415971.288821,1291
379415985.615171,12243
379415998.63352,12223
379416008.355869,12356
379416031.400595,12247
379416056.208971,12560
379416067.126191,12223
379416080.480312,12194
379416095.966162,12870
379416111.407495,8477
379416122.109288,12269
379416141.595209,3121
379416157.353697,3434
379416176.958006,12400
379416194.586592,12365
379416200.766221,12443
379416216.02398,1469
379416228.961397,8210
379416238.853008,9498
379416246.091597,12395
379416254.221404,12453
379416276.33405,12680
379416294.174314,2885
379416306.445655,9081
379416317.124284,12493
379416337.276951,3046
379416344.149104,200
379416360.702195,116
379416384.628391,12574
379416397.596228,3735
379416410.217297,1497
379416421.114326,4382
379416439.278057,12751
379416457.290642,12703
379416465.670179,12194
379416478.637824,12734
379416491.65504,12707
379416516.627592,1355
379416526.422862,321
379416535.29248,5397
379416556.46631,659
379416576.522659,11619
379416585.96664,12831
379416595.288407,2671
379416613.55438,6963
379416644.351227,1467
379416653.642825,2878
379416674.242758,12986
379416687.601483,2600
379416710.362482,1471
379416721.152232,4822
379416737.96509,12982
379416751.709145,1715
379416765.801473,831
379416780.970676,4399
379416802.632389,3928
379416819.290727,2595
379416839.478911,6743
379416852.590898,12837
379416859.422777,235
379416872.397928,13028
379416894.233803,3535
379416906.471053,12827
379416923.294311,9715
379416945.737722,12726
379416952.715988,6530
379416978.132402,866
379417000.875631,12694
379417018.602565,3898
379417031.417616,12634
379417046.814611,1071
379417069.264433,3855
379417084.161043,3643
379417096.559387,10856
379417107.043045,12571
379417121.955765,13246
379417134.793766,7487
379417139.164094,1377
379417145.139837,11857
379417144.912692,1455
379417145.845069,4718
379417146.247113,12796
379417177.460549,12461
379417196.048653,12809
379417212.787799,5437
379417227.172054,2852
379417244.350787,87
379417252.178224,12345
379417266.187585,8742
379417280.227696,9178
379417292.025548,12283
379417290.197672,12354
379417319.222995,10289
379417343.54637,12496
379417354.581681,8094
379417369.304998,12264
379417387.973571,12195
379417397.750283,12242
379417408.768817,12273
379417421.772293,366
379417437.941795,9664
379417458.263602,1510
379417474.28274,11283
379417487.63245,5255
379417507.391396,12404
379417524.478505,12848
379417541.095972,12404
379417560.390439,12385
379417568.24595,12355
379417579.918272,12722
379417586.454893,12669
379417597.983787,1429
379417612.036732,1458
379417622.560454,12471
379417636.124667,9434
379417654.390443,152
379417661.746213,3019
379417676.024855,2158
379417695.587225,3229
379417721.580236,12630
379417739.314196,12620
379417749.739439,665
379417762.416273,1238
379417774.832561,4497
379417783.463334,12656
379417797.721126,467
379417815.562466,12750
379417840.585826,5955
379417859.523608,10516
379417875.266102,2987
379417901.071229,9522
379417913.717247,124
379417933.659956,1637
379417940.819268,1463
379417954.272249,12934
379417969.547788,3422
379417988.506453,1434
379417996.688256,13100
379418014.835742,6009
379418025.511128,7698
379418040.538818,7520
379418056.167972,4632
379418071.771104,320
379418090.938722,8591
379418123.08658,11242
379418139.483119,12891
379418160.024674,1477
379418175.607543,10281
379418182.000314,806
379418198.214156,12810
379418219.500001,1431
379418232.70113,1473
379418239.758927,12988
379418259.305515,724
379418273.187008,10146
379418291.193084,10900
379418302.64243,1140
379418310.97052,12710
379418329.693868,3821
379418346.15911,2009
379418366.120297,10908
379418390.788091,12573
379418403.073233,12497
379418415.435616,12546
379418429.027776,103
379418452.175453,2166
379418462.526302,13007
379418482.718679,2799
379418498.08525,12403
379418519.031628,12401
379418534.280171,8536
379418544.219753,1486
379418558.229839,1469
379418574.73784,1484
379418589.852313,1796
379418603.102872,7797
379418628.20369,1534
379418638.74011,11123
379418649.33483,9241
379418661.473785,145
379418679.006212,2113
379418692.322261,7075
379418702.190959,7108
379418714.335298,5045
379418728.116381,5001
379418744.713948,1375
379418760.819287,10376
379418773.084169,107
379418789.139222,12344
379418804.63643,6865
379418817.094444,5572
379418829.984341,12341
379418841.657786,364
379418857.37555,5308
379418877.872595,1509
379418887.275605,12397
379418902.274372,1579
379418916.587349,12404
379418925.489966,8653
379418941.423074,214
379418976.70568,12482
379418986.744979,12528
379418998.558903,12318
379419020.401059,429
379419025.507982,12613
379419046.243743,12671
379419061.346397,12642
379419083.489927,229
379419096.78316,12681
379419106.529741,12646
379419121.494365,1631
379419136.197173,12714
379419161.179589,13195
379419169.521258,9800
379419178.72293,10850
379419189.578627,12803
379419202.187653,12988
379419219.643266,12832
379419240.58342,6912
379419251.587655,12872
379419265.85848,13138
379419276.922434,12909
379419292.691804,208
379419307.627178,12918
379419337.23856,4667
379419360.735741,13012
379419388.683912,12965
379419397.803241,11493
379419411.067192,551
379419425.682833,12915
379419439.167783,8924
379419455.076675,3350
379419468.809262,2461
379419478.819288,12907
379419491.670482,12834
379419500.523991,5622
379419516.142617,12818
379419526.808993,1497
379419540.106563,12835
379419558.750096,1485
379419573.40044,1534
379419596.688124,12770
379419608.325591,5099
379419618.490964,12757
379419621.539315,6724
379419636.325601,12710
379419646.686769,2800
379419653.020391,1476
379419670.908461,12635
379419689.097076,1499
379419697.684445,12213
379419709.579979,12564
379419717.547811,1531
379419732.292923,1075
379419741.147327,5337
379419752.792269,11064
379419763.916986,9037
379419775.705959,12472
379419796.246333,2687
379419808.728434,6895
379419820.943925,2853
379419834.607134,12429
379419851.041961,12593
379419875.761503,5372
379419887.971063,1640
379419909.104482,11153
379419919.764732,94
379419928.721709,12265
379419941.71927,1497
379419964.916752,10134
379419976.61479,9601
379419987.562046,12355
379419997.149865,5017
379420015.136682,106
379420036.091771,12192
379420053.458618,8167
379420067.243285,12755
379420076.661362,12254
379420092.74837,1891
379420101.544582,262
379420121.244427,12478
379420134.348497,10199
379420142.709799,12337
379420165.20174,12357
379420174.829509,4490
379420186.367285,161
379420197.140173,10235
379420208.77478,1377
379420225.10484,12431
379420235.666434,12475
379420257.099155,2983
379420278.874948,1519
379420293.096752,12391
379420303.984013,12526
379420317.014069,1351
379420342.921799,746
379420363.649283,5340
379420373.537168,4598
379420383.728131,12629
379420403.670718,12623
379420420.426189,12856
379420447.937493,12728
379420463.764725,13164
379420481.73341,980
379420505.30579,1088
379420517.995669,13153
379420532.774562,12804
379420553.867389,13192
379420574.149405,12864
379420587.781207,6515
379420613.929009,12934
379420632.369729,1518
379420649.229828,3361
379420668.702735,111
379420688.144547,13234
379420705.690505,1474
379420716.489899,91
379420733.216311,7196
379420749.373209,1817
379420765.913149,8515
379420782.024139,6271
379420794.556741,12617
379420801.713563,803
379420821.229738,1157
379420842.406829,1383
379420861.397236,2982
379420876.264024,13067
379420899.437155,12756
379420918.004559,1479
379420930.919384,11307
379420953.355275,12733
379420969.797273,6896
379420979.676073,1500
379420996.63714,12823
379421015.404891,12625
379421026.880347,12602
379421040.654908,1512
379421057.753075,12613
379421073.27743,4598
379421083.159049,12544
379421102.938804,12528
379421111.820585,12732
379421129.901471,1035
379421143.003901,206
379421155.604006,629
379421164.858046,12489
379421182.145657,12365
379421198.873729,12417
379421217.0145,12368
379421238.418196,9884
379421251.733951,13056
379421262.919853,2166
379421262.77829,1001
379421281.154228,12290
379421304.256579,12252
379421317.973643,12433
379421327.675925,6921
379421344.917789,3069
379421350.635982,6167
379421362.171976,247
379421377.123764,2651
379421402.042841,1418
379421412.012933,12308
379421437.361468,4906
379421451.504672,12362
379421470.783443,12287
379421484.535643,7021
379421499.333185,12806
379421516.186719,12364
379421529.98602,12415
379421543.354892,1501
379421563.876182,1468
379421573.759297,1708
379421581.535942,12728
379421608.189925,3265
379421627.689922,12496
379421645.740692,1493
379421659.999225,10424
379421662.069119,12716
379421675.069042,104
379421692.267015,1498
379421705.818046,1466
379421721.037511,1820
379421739.456959,13075
379421751.296577,12757
379421771.98609,12735
379421779.328405,8779
379421793.497019,1548
379421807.145144,12723
379421823.676119,12771
379421840.249382,4206
379421856.144128,1079
379421866.719921,13193
379421893.131113,5183
379421906.786389,1453
379421923.338448,197
379421943.587815,10132
379421951.805551,6604
379421966.102261,1304
379421979.307104,12937
379421983.107422,8002
379421992.61152,9577
379422002.792717,2473
379422017.613881,12952
379422028.655021,1525
379422045.378067,12981
379422060.490431,6004
379422083.045042,12949
379422090.958326,6692
379422106.583985,2102
379422116.588933,146
379422138.391167,12901
379422149.828734,3487
379422154.746135,1539
379422173.258038,12793
379422192.614245,9760
379422196.290085,12026
379422212.456175,1601
379422225.0815,7310
379422233.096673,2491
379422250.640453,11811
379422266.25874,12728
379422284.019948,1926
379422289.944489,1252
379422301.32014,12748
379422317.211835,6815
379422328.925632,130
379422346.487058,12842
379422359.354752,12602
379422369.82975,12596
379422383.210928,12504
379422386.486443,5306
379422396.080528,1407
379422404.064865,116
379422414.253839,901
379422426.967003,12517
379422439.211211,12513
379422454.037542,1750
379422463.59889,5095
379422477.876636,13179
379422487.439345,4266
379422509.78948,12422
379422518.71095,12376
379422527.587831,6090
379422540.388185,881
379422547.906899,1639
379422562.310021,12438
379422571.637704,920
379422585.587122,8244
379422591.712218,12511
379422604.192168,5336
379422616.258268,1521
379422625.097875,12198
379422649.424656,8957
379422657.174182,12217
379422663.216567,12712
379422679.487318,12200
379422687.716749,3167
379422696.056635,12218
379422706.047579,12161
379422717.24648,1397
379422729.378956,1525
379422742.660435,3420
379422749.094877,12312
379422756.689369,1267
379422768.856965,12356
379422781.420474,5008
379422792.244914,1429
379422800.633403,3859
379422814.271567,2378
379422829.882083,12359
379422840.451295,12467
379422849.525024,2684
379422865.882331,11614
379422877.302495,3169
379422892.744826,12473
379422912.127853,12029
379422927.04713,10041
379422941.51281,2411
379422948.82816,12543
379422962.416406,10645
379422973.840014,12521
379422989.582305,12796
379423004.605924,1765
379423014.281126,1406
379423023.814796,12604
379423043.790194,113
379423051.914379,12956
379423054.065924,1487
379423063.779405,106
379423073.093542,1437
379423081.457185,1654
379423089.017277,6938
379423096.697424,1709
379423106.744957,12702
379423120.55281,9852
379423128.603361,5523
379423136.334588,1418
379423147.330352,10883
379423161.373495,4433
379423169.661697,1708
379423176.120198,1463
379423187.461568,8833
379423202.915035,8487
379423214.894366,6113
379423223.636306,9128
379423229.228029,3138
379423241.898636,409
379423256.57285,1100
379423262.239612,3133
379423273.708838,12882
379423277.002029,4562
379423289.817086,335
379423295.934621,5078
379423304.438074,12517
379423314.894037,11776
379423326.265063,12990
379423333.896384,3265
379423352.302146,927
379423363.269082,8342
379423384.605245,1779
379423406.322003,1452
379423415.41461,132
379423434.907534,4458
379423451.627269,1520
379423469.012641,1559
379423473.535051,1616
379423494.832416,1017
379423510.616734,12920
379423524.051115,12780
379423539.8583,12761
379423557.28401,12753
379423573.093596,12799
379423588.841271,4303
379423608.080838,3366
379423623.668647,10835
379423649.917269,12864
379423665.936822,6678
379423690.192658,1414
379423705.879218,10988
379423718.25979,12606
379423742.368163,1642
379423755.243071,10836
379423771.827084,4439
379423785.007332,2354
379423794.935398,12450
379423808.069133,6346
379423818.737559,1523
379423834.846992,12349
379423847.086359,3672
379423861.007528,132
379423871.087528,12409
379423890.189052,12637
379423900.629289,986
379423909.991224,1420
379423919.793761,10903
379423938.711809,12294
379423952.44705,12194
379423963.203707,1171
379423977.691192,5400
379423985.728423,5504
379423999.814678,811
379424007.815787,4518
379424016.152066,4799
379424040.608417,224
379424049.113605,1486
379424063.986831,12203
379424082.268038,7728
379424098.563762,12280
379424108.895446,1419
379424124.153291,10142
379424137.696067,12691
379424152.459591,7484
379424164.089437,131
379424175.13722,7173
379424190.422418,96
379424206.372938,245
379424213.688605,2810
379424225.352633,893
379424239.94623,9767
379424253.586301,1349
379424270.250605,3166
379424283.462685,1480
379424297.497039,1519
379424311.057402,9036
379424325.52219,3815
379424331.725031,7854
379424346.999869,12625
379424363.355537,1364
379424373.959048,12726
379424382.749344,12697
379424397.374574,1089
379424411.940986,889
379424419.513958,7067
379424428.314402,392
379424438.632198,11639
379424449.594893,5635
379424457.33871,12888
379424475.268537,12791
379424484.980618,86
379424504.491247,5939
379424520.80314,8557
379424535.096657,3850
379424540.682177,12832
379424552.785528,5444
379424568.648996,126
379424579.055173,12886
379424607.921917,3676
379424608.599712,4284
379424621.551793,928
379424643.51221,12930
379424665.937876,109
379424685.693189,4727
379424705.576223,12966
379424723.737811,12910
379424748.250603,2475
379424756.800226,13175
379424776.140521,12903
379424781.534286,425
379424786.818935,1611
379424798.387188,1425
379424808.947043,4263
379424830.029985,129
379424847.445328,10797
379424857.5981,1873
379424866.286287,8300
379424879.422579,12773
379424892.607772,11864
379424914.247108,598
379424925.478839,4858
379424939.246633,1544
379424946.696264,8455
379424959.576801,4545
379424969.495637,965
379424978.289262,12596
379424993.398762,3872
379425006.689965,12596
379425015.336102,1452
379425032.760501,574
379425046.167936,4884
379425055.180535,990
379425068.042435,12553
379425089.043594,10512
379425107.745766,10209
379425117.524215,1484
379425130.033917,12951
379425140.129485,12446
379425165.065358,1731
379425168.015361,6183
379425182.198023,6906
379425196.663857,12334
379425212.93767,141
379425233.751156,1507
379425243.679342,12334
379425262.0628,160
379425269.89486,8067
379425277.751582,912
379425294.465289,2116
379425313.056174,1176
379425326.462361,1916
379425349.082176,12214
379425361.0631,12229
379425376.266087,10001
379425388.716473,7720
379425404.402118,1535
379425422.421713,12345
379425441.414347,1544
379425454.184097,12337
379425462.282015,12310
379425478.797622,12497
379425489.07059,3236
379425499.689492,141
379425512.229653,10119
379425524.30866,1413
379425541.546277,225
379425550.307218,10235
379425552.388682,146
379425567.237765,12456
379425581.884534,5877
379425604.468343,12512
379425613.647693,6086
379425630.445244,6222
379425637.555956,5246
379425649.172977,1461
379425660.150449,554
379425674.122764,12591
379425691.889103,12631
379425701.447115,6990
379425715.693859,2731
379425727.031539,3052
379425744.080742,6570
379425753.016114,12686
379425778.014285,11474
379425786.877515,12768
379425807.025837,1481
379425821.161136,5717
379425827.071836,13193
379425847.238648,12803
379425859.100617,2475
379425867.401607,1396
379425883.032863,12841
379425896.336729,982
379425902.484669,215
379425913.971749,12928
379425927.232937,5848
379425938.534518,121
379425951.570424,13077
379425955.507926,12993
379425966.531755,13225
379425979.335038,12980
379425994.414987,1466
379425998.736457,3175
379426006.138744,10728
379426012.96556,4984
379426029.74545,7838
379426040.580778,7439
379426053.123549,12539
379426068.29576,4113
379426086.136036,13230
379426096.112521,9667
379426104.689737,9176
379426111.25817,12926
379426115.83854,11108
379426124.106688,5905
379426135.848773,5944
379426148.387507,6521
379426155.382715,11350
379426164.143622,1453
379426174.666596,2615
379426188.217141,12740
379426194.199645,13133
379426209.824752,12777
379426218.365001,12742
379426228.947112,12867
379426247.073269,10553
379426268.017053,1803
379426280.201963,1490
379426289.847744,3342
379426313.063566,1482
379426328.166723,12696
379426340.15571,90
379426344.996509,10623
379426349.34245,959
379426362.005285,12609
379426378.000336,12508
379426385.934439,12622
379426396.176753,6122
379426411.669812,1428
379426420.155109,12544
379426440.771228,9521
379426451.902446,12441
379426462.074093,1338
379426475.297833,12413
379426483.760417,1287
379426494.64582,12931
379426508.874274,5892
379426520.604163,9218
379426532.198376,12538
379426542.05244,12379
379426554.269278,4484
379426571.111988,12329
379426586.075367,4931
379426607.31584,84
379426624.526471,12854
379426634.182902,1060
379426643.186064,1508
379426652.284426,12161
379426657.183089,1268
379426665.805868,7563
379426683.57262,12173
379426701.332679,12217
379426713.220686,10808
379426723.249495,1528
379426732.5591,4222
379426739.334557,12251
379426747.504301,12324
379426762.060637,1905
379426766.823562,12287
379426787.593696,461
379426798.760024,4849
379426812.34314,111
379426824.21388,2639
379426843.186139,5730
379426851.898477,1380
379426862.233017,1426
379426876.867018,12747
379426885.172359,1389
379426900.444409,433
379426907.21452,7663
379426916.964991,5481
379426927.171064,12627
379426948.702229,513
379426966.039164,1977
379426970.871918,12607
379426981.870024,677
379426998.2261,9880
379427021.146621,114
379427033.330132,3728
379427054.746909,170
379427068.340102,12711
379427077.37672,2426
379427092.548359,12670
379427105.271297,2655
379427121.082237,126
379427133.049273,1518
379427145.931957,4855
379427161.1292,12853
379427172.21855,12867
379427181.359507,2183
379427194.99387,7128
379427201.966237,160
379427223.463183,1896
379427236.851471,12938
379427246.862226,601
379427272.576962,82
379427286.68887,217
379427305.826834,10503
379427325.265133,13016
379427350.840551,2339
379427363.766177,5708
379427380.46063,12947
379427392.192057,1521
379427419.711772,12936
379427432.767298,12869
379427449.452241,12829
379427467.761662,6171
379427480.287235,12827
379427497.199488,2883
379427512.408793,7019
379427519.882402,12788
379427532.84386,3758
379427553.803862,5398
379427569.657601,3876
379427575.00663,768
379427581.72447,12689
379427599.509694,8274
379427613.159727,6054
379427631.33523,3672
379427645.135704,481
379427653.80501,11830
379427676.582181,12566
379427690.807218,12494
379427706.425954,215
379427732.929852,12513
379427755.407233,6037
379427774.651528,12500
379427781.189791,12632
379427804.737547,5115
379427824.349676,9644
379427838.565636,1442
379427849.659876,5233
379427857.944418,1446
379427869.517465,12705
379427879.667669,12348
379427897.098463,7581
379427903.591103,12438
379427914.097795,12335
379427924.306012,1453
379427936.38117,429
379427941.177954,6631
379427948.448124,1344
379427964.115837,6727
379427973.548003,12206
379427988.621236,91
379427997.863778,2960
379428007.048129,12238
379428021.74743,5850
379428040.243064,1475
379428056.427027,12269
379428071.664523,12441
379428094.413633,7305
379428108.158705,5119
379428119.515028,388
379428136.505503,1471
379428146.785944,1318
379428158.537648,11694
379428170.395559,6067
379428190.106978,1337
379428201.603909,12496
379428217.394506,12694
379428232.560459,914
379428246.469965,12542
379428262.034811,1453
379428275.839697,12528
379428289.484783,9701
379428302.434826,12652
379428327.87731,470
379428333.436708,7595
379428347.11537,1524
379428359.095115,5162
379428373.719215,1367
379428382.588978,6341
379428396.170572,12693
379428409.974149,12655
379428421.101585,10146
379428430.437602,12706
379428436.401109,325
379428449.198303,97
379428468.585236,3544
379428482.951108,7292
379428494.431049,3061
379428513.151019,12865
379428525.512071,11972
379428537.850632,2474
379428550.515846,12850
379428561.172582,1392
379428574.189667,1436
379428584.901146,2057
379428611.224622,12990
379428625.382684,212
379428634.041604,12650
379428654.643336,13098
379428672.434434,12952
379428682.624975,2825
379428697.397633,13156
379428716.309014,6337
379428730.794026,12903
379428744.758419,13115
379428763.290022,4790
379428772.015622,12909
379428786.149051,4256
379428810.255232,1468
379428821.685228,2160
379428840.228878,12863
379428858.720819,12710
379428872.547952,12666
379428890.754965,6346
379428898.328102,12759
379428909.353777,12714
379428921.218353,8808
379428932.39997,1477
379428950.972663,1353
379428962.194219,9793
379428976.150495,1429
379428986.438204,12557
379429000.881521,5794
379429021.930575,10472
379429039.03383,12590
379429052.766236,12549
379429075.770551,10070
379429098.102823,12444
379429110.293014,1466
379429131.145271,4166
379429148.109291,12579
379429159.701533,12428
379429170.598928,12374
379429186.593216,9784
379429194.221822,4085
379429205.216569,4627
379429214.660564,12364
379429224.76913,12308
379429239.22405,12347
379429245.466831,1105
379429259.076629,5867
379429271.541662,12280
379429286.084086,12202
379429293.041996,12271
379429299.527039,12198
379429310.167217,1516
379429320.463576,1674
379429328.839195,4511
379429340.806477,6379
379429353.294492,13080
379429365.347092,12405
379429384.836333,360
379429402.386977,12322
379429412.736207,6406
379429411.93347,4405
379429418.279548,1430
379429427.380994,1472
379429441.971877,1499
379429454.251439,10495
379429467.726402,4683
379429493.753966,9299
379429501.011201,12564
379429511.769449,1823
379429525.515873,3791
379429542.500787,12445
379429553.359478,1456
379429578.994375,8812
379429590.958208,13246
379429601.431666,5360
379429631.830586,12599
379429649.584436,12607
379429666.603123,12633
379429677.660539,1712
379429693.10557,12864
379429709.501866,6417
379429722.551127,302
379429739.922975,13160
379429759.543971,11423
379429781.779792,5019
379429795.437502,94
379429812.962421,939
379429821.773323,13181
379429832.841276,12841
379429843.212133,7800
379429853.739903,8683
379429865.819107,12837
379429879.319483,12865
379429882.41641,12494
379429892.742326,12965
379429905.916866,1479
379429930.843764,13118
379429941.886765,12820
379429951.998181,1512
379429968.632169,10629
379429981.62104,12985
379429997.211939,12986
379430010.086269,8163
379430035.035084,12959
379430045.736601,7092
379430053.825755,12991
379430074.549633,270
379430100.128222,6200
379430110.337754,88
379430124.718213,2510
379430142.888766,7134
379430162.451764,1494
379430176.162464,7745
379430187.271199,12784
379430196.154824,11030
379430208.925283,12737
379430222.911191,8982
379430241.438001,7160
379430256.891859,139
379430271.012384,1470
379430284.733886,3677
379430299.45937,2368
379430316.618235,5174
379430337.229898,13177
379430358.165689,3393
379430383.081766,12502
379430394.426491,12508
379430407.803297,1002
379430413.745065,12535
379430420.63114,11993
379430429.826802,9418
379430433.274097,12479
379430443.802355,12422
379430455.092692,227
379430464.698039,12444
379430472.152538,12862
379430475.943236,12780
379430496.858723,13128
379430512.720116,12561
379430524.492878,12924
379430546.037187,3082
379430557.412453,1712
379430570.063245,5388
379430589.497815,163
379430596.15339,2732
379430604.803167,12619
379430624.627005,11525
379430632.771964,9474
379430647.082186,12150
379430656.694879,847
379430684.0098,9203
379430697.410464,831
379430709.447366,4931
379430732.410333,9717
379430743.161563,11496
379430760.026458,6636
379430771.382575,9555
379430789.747145,12498
379430808.723115,4589
379430813.979477,1246
379430839.518887,1376
379430850.475419,532
379430862.18021,12403
379430869.927224,11944
379430884.084993,5906
379430894.186923,13162
379430903.387701,11548
379430921.455466,4515
379430933.851985,12558
379430943.676137,2691
379430964.094687,11910
379430979.177943,3846
379430992.814815,4303
379431004.884139,763
379431023.962171,1473
379431033.052705,12745
379431054.945118,11173
379431064.321027,5909
379431068.351866,12718
379431076.728776,12895
379431092.289782,12765
379431108.673454,816
379431121.471724,1497
379431131.307706,9054
379431142.822225,12774
379431157.842133,1639
379431168.418537,6141
379431183.750674,10755
379431197.954699,1567
379431216.906463,170
379431233.984296,2202
379431250.643177,1090
379431262.204723,1504
379431279.25413,6029
379431300.350034,3088
379431311.924903,13068
379431328.027559,5892
379431345.061769,12920
379431355.176031,12961
379431372.562982,12935
379431397.3752,1271
379431414.984304,12882
379431423.649156,3429
379431439.388809,9760
379431459.412194,7049
379431473.062701,12782
379431485.133423,1348
379431489.572578,12826
379431501.197029,12766
379431508.418527,5982
379431522.006902,13022
379431537.626644,1498
379431547.751949,5088
379431563.916283,5930
379431572.000488,6829
379431585.384681,250
379431604.095218,120
379431625.132979,7016
379431635.920632,6937
379431647.074142,1335
379431664.774411,6162
379431675.385661,12621
379431688.111527,12547
379431701.635701,109
379431710.829858,1464
379431724.612175,1495
379431735.442739,10113
379431754.937961,1456
379431775.818906,5998
379431788.637329,455
379431795.971881,1454
379431813.717126,12383
379431827.750353,12324
379431843.141496,7949
379431858.547005,7390
379431876.173346,12403
379431887.953609,2152
379431901.560648,10473
379431924.370592,2734
379431939.897495,367
379431957.369082,9759
379431970.536353,6927
379431994.706804,2737
379432006.224805,12285
379432018.78091,9264
379432043.303654,5042
379432053.293501,1490
379432072.646443,3189
379432085.046935,1456
379432111.793337,6294
379432121.318851,2938
379432131.693213,902
379432143.015993,1463
379432155.946288,12400
379432178.093867,12577
379432187.625033,12486
379432197.804777,5989
379432212.812248,12460
379432233.799825,12493
379432247.218223,12454
379432258.360392,12515
379432270.90644,13009
379432282.666536,12591
379432290.447914,1517
379432305.970141,4929
379432321.731408,8419
379432338.091356,7966
379432346.564127,6807
379432359.37672,3305
379432373.422122,474
379432388.396803,12879
379432409.541481,12733
379432424.630927,12672
379432439.082339,6850
379432452.72462,1247
379432458.867567,11769
379432474.561161,11096
379432493.11101,6724
379432514.895932,12866
379432527.742573,1454
379432540.654948,1264
379432556.70008,12929
379432565.935587,6758
379432584.495233,1448
379432596.867252,990
379432617.94695,10356
379432631.895593,13247
379432660.641912,4518
379432671.088945,1547
379432682.840335,1523
379432694.768577,460
379432715.076563,12893
379432735.457705,221
379432754.270181,10451
379432782.251159,3016
379432798.520665,12759
379432805.492952,12792
379432817.841312,5507
379432841.94132,12803
379432859.571444,2676
379432867.265455,5757
379432889.845065,4568
379432904.762883,12676
379432909.554955,531
379432917.34592,4658
379432930.632763,12881
379432938.901248,12518
379432945.986839,12807
379432953.366731,4309
379432964.000135,9469
379432969.118546,1776
379432978.347097,12592
379432986.61433,6176
379433008.560214,9786
379433018.619415,1005
379433052.185621,337
379433077.627887,13149
379433091.423538,5592
379433100.678624,12415
379433110.0021,12419
379433119.679312,12413
379433137.096983,12404
379433154.661542,3682
379433169.075897,1510
379433172.98561,273
379433187.389808,517
379433199.858854,1456
379433208.345775,12360
379433225.411748,13015
379433246.165538,12244
379433264.646256,12194
379433279.756609,135
379433294.46801,12187
379433317.736126,693
379433336.401998,128
379433354.066274,12241
379433372.889535,143
379433375.98218,333
379433387.731062,12326
379433406.979124,12455
379433413.972276,8987
379433430.448915,203
379433452.510212,12398
379433459.502139,2027
379433492.12911,5270
379433501.703026,2950
379433519.246665,1574
379433529.542928,4282
379433544.786985,12513
379433558.460912,11389
379433573.627555,6221
379433595.034988,2078
379433611.062578,4134
379433622.764432,12598
379433637.672493,12507
379433652.14453,127
379433665.345781,12705
379433682.571665,233
379433696.440518,6970
379433709.598204,12726
379433727.071344,9376
379433744.517466,12948
379433754.182092,1533
379433772.326436,1454
379433789.757787,3125
379433802.773859,12793
379433821.009318,4149
379433835.17831,5287
379433846.767091,4643
379433866.677946,4155
379433884.649698,3073
379433897.285148,12876
379433906.500667,421
379433932.179935,7883
379433943.438928,5553
379433963.063555,1186
379433976.384669,9477
379433994.584476,12964
379434003.232065,12956
379434010.920552,2780
379434027.424565,12960
379434045.022189,6511
379434059.091938,1491
379434076.028206,486
379434088.303015,2092
379434110.537127,5218
379434118.566081,151
379434133.835195,3178
379434149.59687,12771
379434165.307692,204
379434193.359187,13050
379434207.78423,11964
379434225.054408,8586
379434238.871398,13181
379434250.463628,6531
379434261.280726,12641
379434284.187519,12594
379434293.2039,93
379434301.392134,12610
379434310.386032,5870
379434335.048732,12565
379434344.841886,1890
379434365.753822,12524
379434375.798357,12893
379434387.512975,1014
379434400.278473,1923
379434408.439886,9652
379434427.748632,4316
379434433.828763,9245
379434445.265645,1475
379434453.392522,1491
379434472.045624,12352
379434478.977706,2498
379434497.495763,12361
379434506.438935,12332
379434516.00992,263
379434526.17764,377
379434542.26013,12243
379434548.849824,12411
379434558.710221,12316
379434573.45086,1491
379434589.269027,12169
379434598.399233,12256
379434617.231107,1585
379434630.004543,10117
379434641.515614,1476
379434645.66565,9478
379434657.83209,6236
379434674.869127,12193
379434702.243076,12253
379434708.666801,6690
379434722.926365,12332
379434734.56351,1510
379434746.845389,811
379434763.682292,96
379434789.411592,344
379434797.892393,1952
379434807.001419,2418
379434811.604966,9912
379434841.388311,1773
379434853.781101,5408
379434878.350003,12956
379434885.174745,12473
379434903.720994,4159
379434910.07776,4935
379434933.40752,9381
379434944.235377,100
379434967.952431,12619
379434990.249572,12661
379435009.327048,1507
379435024.792613,12262
379435038.227467,10466
379435055.281439,2252
379435070.929073,6341
379435082.537291,1617
379435094.791419,7332
379435111.847853,8237
379435128.147533,12819
379435145.447297,10243
379435162.030678,12870
379435176.956847,12889
379435188.554381,261
379435210.624833,6299
379435234.55017,1518
379435261.456984,12982
379435281.008064,10241
379435294.622193,1103
379435306.542002,13018
379435325.620037,13048
379435349.050865,13101
379435372.369343,12915
379435387.976413,602
379435401.036504,6368
379435417.921626,11784
379435440.169356,2137
379435450.945311,12830
379435463.987463,8087
379435475.588124,1275
379435497.546471,12045
379435522.476606,560
379435534.060175,12815
379435553.831542,9918
379435576.706481,2896
379435595.525364,3423
379435609.329125,9006
379435623.401102,8031
379435649.311509,1529
379435669.645199,12488
379435684.837907,1748
379435701.597449,12381
379435710.936142,1957
379435723.336727,12401
379435737.316459,12677
379435744.723068,1418
379435760.275977,12356
379435765.971403,12461
379435777.728924,8945
379435787.969508,1441
379435806.099635,12708
379435814.958474,9441
379435833.763205,12327
379435854.91129,3048
379435865.49577,12538
379435884.042197,8274
379435897.47004,1397
379435910.381029,470
379435920.154702,12257
379435942.513094,214
379435954.948646,10779
379435970.223965,9936
379435992.532413,5795
379436000.28777,198
379436014.692363,3674
379436020.441766,9929
379436037.076591,1742
379436047.287888,1457
379436062.000836,10462
379436080.558077,5078
379436094.22478,247
379436111.403082,322
379436123.147468,3934
379436132.191527,2506
379436144.08679,12423
379436157.907368,3658
379436165.734512,12721
379436186.849117,1463
379436208.749923,5166
379436230.909714,12471
379436247.055045,1440
379436257.001106,13023
379436274.552163,12578
379436285.345745,5395
379436308.072688,12923
379436318.852307,12685
379436332.14981,12952
379436340.047413,12038
379436353.385833,8222
379436370.876799,134
379436382.04219,12759
379436394.404071,1476
379436401.496473,12745
379436419.595214,12755
379436431.565882,12818
379436449.222974,4657
379436462.350313,1492
379436481.830264,4862
379436496.466779,12864
379436527.165599,112
379436556.723588,12986
379436570.70054,12963
379436577.12404,8308
379436586.379767,10562
379436603.065384,12999
379436617.979931,4448
379436631.355428,10515
379436650.882012,12953
379436664.646505,2907
379436675.820066,6816
379436690.350208,12924
379436695.929098,4392
379436715.097464,138
379436733.947859,4007
379436746.436628,6305
379436761.445487,10647
379436771.781527,12867
379436789.111969,12837
379436793.165491,13204
379436823.357114,12559
379436835.770094,2577
379436864.945047,12708
379436874.060424,12634
379436894.497241,9365
379436910.070902,1438
379436930.104764,4369
379436936.568686,7942
379436946.824752,3101
379436957.902807,2700
379436971.943174,3576
379436989.315064,3438
379436998.707983,1280
379437019.227947,449
379437037.297355,337
379437056.502552,12445
379437079.21982,12383
379437086.908641,7205
379437114.821137,11132
379437130.985471,2513
379437150.39737,907
379437163.919378,11068
379437173.979384,3138
379437186.959837,7016
379437193.899358,1433
379437208.071953,1356
379437217.561819,12262
379437238.693181,1495
379437248.5397,12371
379437259.714324,12246
379437276.007484,12157
379437287.579654,1539
379437299.660401,12247
379437330.716429,12270
379437341.082825,6663
379437356.660433,6425
379437368.635565,10724
379437402.566417,1478
379437420.357567,2558
379437435.864717,12630
379437449.500533,3610
379437460.220853,3603
379437476.058365,12424
379437485.726527,6802
379437509.149778,12597
379437521.272115,12823
379437544.499204,12033
379437554.288193,12024
379437568.831644,8896
379437582.12809,11007
379437606.171479,5571
379437618.48058,884
379437636.196689,2749
379437649.019767,12837
379437656.795006,9714
379437674.192745,13033
379437682.722552,2728
379437702.773128,103
379437714.249252,12720
379437722.04031,3771
379437737.094864,6121
379437749.405166,5054
379437759.843197,12775
379437774.307799,12995
379437786.562747,12810
379437809.676937,11865
379437826.104948,9464
379437851.906412,12889
379437862.789714,321
379437876.565597,493
379437887.063928,892
379437899.82239,7867
379437911.907587,1198
379437925.190106,2660
379437943.975292,3800
379437957.8317,11379
379437969.304194,13017
379437999.214576,3205
379438008.053857,5218
379438020.826028,4265
379438022.392564,1586
379438022.378746,5479
379438024.491545,4205
379438022.806147,866
379438043.46565,10036
379438059.640819,1601
379438069.576283,13026
379438094.594144,1108
379438114.980903,1796
379438129.827814,3404
379438134.80289,12798
379438139.993644,12513
379438153.975484,12094
379438161.851508,12736
379438182.247727,7848
379438197.116284,2974
379438212.120816,3831
379438228.828428,12612
379438233.569166,9755
379438244.472482,12877
379438259.482284,4602
379438276.20718,9953
379438294.015103,11695
379438307.433404,8317
379438314.379691,5827
379438325.449033,12588
379438342.282706,12497
379438375.365988,8546
379438381.990246,3325
379438392.98635,6566
379438411.790562,12409
379438423.060088,13203
379438428.996834,3355
379438447.049519,12438
379438451.331623,1574
379438467.157392,1268
379438481.629491,106
379438490.245664,2420
379438501.913674,1509
379438508.740515,11452
379438524.114629,5969
379438536.707827,6051
379438549.165858,728
379438552.82998,12193
379438564.487962,9662
379438575.557957,1473
379438580.53353,183
379438601.098088,789
379438619.621018,3001
379438635.821478,1045
379438647.420347,1439
379438659.443585,178
379438672.550913,12320
379438695.035358,2147
379438704.79975,4210
379438716.628906,121
379438730.426171,12405
379438750.915608,12339
379438777.822628,9476
379438790.144676,95
379438810.882419,1486
379438832.758197,2162
379438844.074196,217
379438869.047785,12516
379438883.978899,94
379438895.538666,1625
379438906.415213,12706
379438919.128484,1042
379438927.630385,8780
379438933.471608,12614
379438951.758144,4026
379438963.822848,1485
379438970.857211,12602
379438975.556737,6393
379438990.139756,1515
379439007.030359,8469
379439019.7894,8733
379439039.020985,12260
379439043.936548,12091
379439062.108943,4971
379439072.702427,7962
379439092.792012,295
379439105.160679,10484
379439127.587616,12846
379439141.55843,569
379439151.234083,1442
379439165.688018,13142
379439172.93023,368
379439196.159355,12962
379439219.590849,4422
379439224.422099,2117
379439247.529827,8299
379439265.798937,164
379439291.675166,3847
379439305.835221,12911
379439312.695298,6672
379439332.466048,4353
379439343.783554,12903
379439365.90818,5991
379439381.400183,3501
379439400.197883,4958
379439409.141294,2172
379439419.119354,4992
379439432.65639,1470
379439443.703843,12977
379439453.604178,12847
379439462.417464,1402
379439474.965106,13009
379439488.419467,12804
379439508.150585,535
379439520.3864,12693
379439540.194818,231
379439555.598725,6353
379439566.842242,1506
379439575.037399,1079
379439587.386437,12580
379439597.255974,2441
379439611.408205,12624
379439624.773627,12557
379439635.319814,12561
379439644.794976,2185
379439658.646706,12577
379439669.45399,1381
379439686.677387,1881
379439714.25542,12482
379439726.613687,10612
379439744.97634,11524
379439758.342529,9506
379439762.863385,6294
379439777.334608,12415
379439789.671087,114
379439800.869747,12309
379439813.775861,12613
379439829.908221,216
379439837.07682,5747
379439863.929936,1434
379439893.399973,5304
379439907.282039,12208
379439920.792329,6394
379439933.460302,12162
379439945.287041,280
379439957.551297,12205
379439973.313175,12256
379439993.057068,4332
379440013.407634,2670
379440025.44841,195
379440033.843921,1097
379440043.356374,6905
379440052.804496,12339
379440064.794027,12027
379440076.777057,1489
379440094.624669,10727
379440105.212427,12738
379440118.682707,12330
379440128.907978,619
379440146.607788,5990
379440159.630098,780
379440175.288916,12500
379440190.968054,2472
379440197.333123,12634
379440208.13729,12514
379440230.783503,12727
379440250.621778,2957
379440257.570507,1529
379440270.079003,553
379440288.964106,4186
379440301.181977,12792
379440315.669322,13246
379440327.816882,12712
379440338.744693,5564
379440348.472664,3138
379440359.363844,2338
379440370.782031,2745
379440385.396975,12773
379440397.4782,4613
379440411.220796,4151
379440429.992707,1497
379440443.980958,3435
379440460.154895,12249
379440473.515389,7880
379440487.63663,422
379440504.589771,1436
379440518.097815,9867
379440528.888144,12926
379440529.294549,7267
379440534.498612,6173
379440544.316509,12930
379440558.319409,4525
379440570.956479,630
379440588.499736,13003
379440602.55744,4821
379440629.476387,6448
379440643.953573,1558
379440666.524038,2158
379440683.904106,9524
379440712.515308,3451
379440731.738332,12811
379440750.152934,9954
379440755.161958,5551
379440766.108401,12774
379440776.588681,9443
379440794.069834,1523
379440810.220979,12796
379440835.904542,6713
379440847.418124,12663
379440871.337427,12341
379440876.688018,1544
379440884.630246,12968
379440893.769545,2451
379440898.194411,1811
379440914.332777,11439
379440931.085176,4776
379440943.919716,12715
379440952.423221,5360
379440959.922544,12549
379440969.878232,3395
379440975.98859,12561
379440985.672988,7268
379440994.268803,3588
379441003.121609,106
379441012.28975,12656
379441023.446999,8912
379441037.215142,114
379441046.412771,12429
379441063.400095,279
379441079.443963,1478
379441085.658904,12480
379441101.545721,11750
379441117.053655,6631
379441133.902173,10035
379441148.618641,10481
379441161.261038,9756
379441179.875873,3191
379441195.556705,10035
379441207.582623,12243
379441235.250368,1594
379441241.590902,7083
379441251.004025,12210
379441257.541993,6089
379441279.779578,5571
379441291.029533,3611
379441300.91898,6696
379441319.12582,103
379441333.990931,12289
379441353.433132,1451
379441369.627979,6846
379441377.980051,11191
379441389.016446,141
379441403.624519,12377
379441411.994812,5561
379441429.323404,10252
379441439.494794,9667
379441452.657802,13249
379441466.165662,5776
379441479.628324,9931
379441491.985238,1294
379441504.657717,12986
379441523.079289,13098
379441544.338396,7557
379441551.981296,6047
379441572.877859,1518
379441581.001973,12570
379441590.055756,2949
379441606.487746,12580
379441617.698303,12834
379441636.093201,12683
379441641.963588,1540
379441654.720364,11863
379441670.010634,6754
379441691.534723,12888
379441707.310055,4979
379441733.356272,735
379441758.036756,1446
379441778.95298,124
379441801.572936,8421
379441815.957667,5034
379441827.509998,2171
379441843.97043,871
379441859.103799,13109
379441869.476181,12900
379441875.619827,955
379441890.773079,2273
379441908.202469,12957
379441922.974872,1125
379441936.098962,538
379441952.937217,13170
379441973.401069,4536
379441987.636194,13073
379442007.104064,12865
379442023.563973,12870
379442034.220598,12833
379442050.225641,12467
379442067.281463,1537
379442082.747596,12844
379442097.054193,2356
379442126.086013,12744
379442132.661445,2902
379442148.084604,13143
379442159.467826,10224
379442179.750135,12725
379442190.652342,12639
379442201.567359,12171
379442214.674203,152
379442230.549278,1377
379442244.921375,4752
379442259.196624,12559
379442280.594385,9083
379442296.457698,12836
379442304.933757,8670
379442318.656006,12506
379442333.172414,13120
379442349.404454,4020
379442359.735203,12417
379442377.492552,2182
379442388.115856,12482
379442404.992407,5656
379442414.370086,12400
379442433.652143,8708
379442446.759978,13176
379442460.53618,6644
379442476.632478,486
379442495.950613,12263
379442514.354588,12266
379442522.25976,12303
379442534.861346,12252
379442555.387266,1893
379442566.724939,12268
379442592.815585,12174
379442600.765788,137
379442618.68912,12243
379442642.060478,12826
379442653.185251,910
379442669.58301,12972
379442681.298818,12327
379442687.319132,12519
379442697.842277,12394
379442727.142571,12367
379442735.462785,744
379442756.202803,10748
379442764.761877,1612
379442779.622658,1439
379442798.808061,1565
379442817.511637,12494
379442833.923444,12509
379442851.517336,12500
379442855.810529,3063
379442872.256061,12570
379442885.78438,8714
379442893.012171,12633
379442906.56547,12560
379442913.246175,238
379442921.162064,12645
379442946.536979,8949
379442953.198234,9502
379442958.894102,1251
379442970.185334,5161
379442981.37566,6201
379443007.997718,12731
379443031.655387,12728
379443047.209696,9897
379443058.992452,10174
379443079.580055,468
379443094.450224,12777
379443109.344068,8516
379443122.88621,3549
379443150.824419,4306
379443160.924377,113
379443169.425269,12920
379443184.076563,5555
379443211.469135,13015
379443225.109167,12242
379443238.616504,8187
379443248.901985,1940
379443269.757861,3287
379443281.864513,3183
379443290.158695,13182
379443309.092963,1490
379443322.033436,1211
379443337.598006,1236
379443350.17626,120
379443362.767323,13011
379443383.255521,1919
379443393.848566,11717
379443412.823412,259
379443423.546444,12810
379443450.001342,1477
379443461.166604,769
379443471.652861,1487
379443488.854361,2833
379443506.477619,12727
379443520.06231,9737
379443535.063597,5135
379443542.892982,2561
379443558.293203,12609
379443575.36215,12638
379443585.084094,1466
379443597.354192,12548
379443612.793921,3513
379443621.155459,5883
379443633.397689,1641
379443650.969871,2425
379443662.471016,1912
379443682.152552,12399
379443692.088563,12598
379443704.134465,2931
379443719.348131,2496
379443734.198186,12368
379443741.655004,6677
379443755.078976,7405
379443769.81751,11010
379443777.651905,12383
379443798.374166,1784
379443806.565121,1449
379443818.587399,1464
379443832.155281,12235
379443841.959141,2936
379443849.616393,12272
379443857.571979,6208
379443872.922787,5986
379443885.747908,10651
379443893.886484,10708
379443903.070442,1088
379443912.274921,12331
379443925.201593,12185
379443932.403493,146
379443942.953574,13132
379443955.677977,1491
379443966.400047,4841
379443982.368557,832
379443992.520476,12008
379444000.465083,5400
379444011.416792,4342
379444018.392107,541
379444032.055775,10764
379444059.881605,8161
379444074.62898,12733
379444087.644562,12398
379444101.171289,12363
379444124.105588,1531
379444135.787921,6163
379444148.743413,12511
379444159.813808,7853
379444173.546358,90
379444186.030074,1437
379444210.442074,1453
379444225.376077,1744
379444236.333641,480
379444251.242771,12586
379444254.984565,6139
379444269.706626,11582
379444282.154625,12581
379444297.602028,254
379444305.616644,12697
379444317.197011,4548
379444327.894594,1444
379444342.607764,2833
379444350.67893,3389
379444359.180371,12729
379444369.082183,301
379444386.751272,4380
379444403.905807,8918
379444418.522151,767
379444435.43628,9222
379444450.261153,290
379444469.456787,6462
379444478.177882,3580
379444500.547099,7842
379444513.791109,12957
379444525.239193,1525
379444553.457318,1010
379444566.957348,13013
379444582.92451,372
379444594.403233,12973
379444602.917659,13124
379444619.284785,12944
379444637.312296,1146
379444652.574725,13033
379444676.104173,11636
379444696.666349,1448
379444707.490914,8768
379444718.165536,95
379444752.53992,12890
379444765.605578,3474
379444776.714156,12846
379444784.719915,13221
379444802.590467,12669
379444817.254669,7331
379444828.838642,1931
379444856.52187,12655
379444884.662201,311
379444899.173709,756
379444912.471913,12591
379444925.459242,5228
379444939.563162,12963
379444954.86439,8827
379444968.356789,3364
379444976.064723,12730
379444992.91722,4281
379445006.300826,12523
379445022.936559,5502
379445036.630864,5826
379445055.583767,1533
379445079.025875,3909
379445094.674613,4837
379445107.901107,12993
379445121.411084,12305
379445135.996315,12271
379445147.429953,12297
379445161.722704,12298
379445173.850311,5949
379445184.752285,12269
379445195.972271,12226
379445210.444573,6395
379445229.559959,7520
379445249.792994,6405
379445257.461859,12223
379445269.424058,12289
379445283.380895,8625
379445302.36014,197
379445316.167683,3332
379445328.396297,200
379445339.211042,1495
379445356.435495,12337
379445373.42338,12373
379445391.503511,10779
379445399.85085,9911
379445419.459249,12710
379445438.604351,101
379445454.038924,4184
379445469.455777,13084
379445477.770852,1478
379445493.782053,11980
379445511.919974,2768
379445530.926324,1449
379445551.52098,5814
379445571.54604,5155
379445593.660147,493
379445610.380704,500
379445619.104098,5032
379445629.150373,12696
379445636.657387,943
379445644.226674,12719
379445659.836433,5016
379445670.967481,286
379445690.090948,12735
379445710.976669,1732
379445724.559308,12832
379445737.283466,1579
379445755.600685,7896
379445774.652963,9512
379445796.238506,13088
379445806.792072,5921
379445826.9813,6726
379445841.348887,12947
379445868.826296,12958
379445877.343344,13247
379445898.211208,12960
379445915.525817,12938
379445927.621872,13010
379445936.066736,5480
379445953.261432,11567
379445960.929699,276
379445985.572295,12885
379446001.994219,12871
379446023.660582,377
379446047.153269,377
379446061.238181,9496
379446080.334756,2030
379446097.60961,136
379446115.423507,1504
379446138.317347,209
379446147.839236,7980
379446161.383281,12678
379446174.309127,12692
379446193.533655,12844
379446207.940483,8712
379446222.479782,8608
379446240.553907,11347
379446264.76955,12538
379446281.679936,12561
379446298.78426,12517
379446317.302264,298
379446333.452505,1375
379446338.135279,1873
379446359.569345,4080
379446371.000897,1078
379446382.756898,11082
379446391.873326,1634
379446402.142398,7964
379446412.884815,304
379446425.604541,281
379446440.511044,1503
379446449.454071,12341
379446463.664689,9746
379446475.477481,1586
379446485.868807,12423
379446496.686192,1555
379446513.797113,12177
379446531.09223,1446
379446547.622938,12197
379446562.588061,6683
379446571.328086,8020
379446591.881615,119
379446603.870485,5077
379446626.748387,10576
379446632.722751,232
379446643.467594,12321
379446648.15342,12594
379446661.13629,1467
379446681.734421,12569
379446701.956449,5955
379446714.619598,11976
379446730.231984,8955
379446745.406658,9175
379446773.715739,8213
379446779.363603,5346
379446795.693635,263
379446809.857459,1555
379446818.523162,3301
379446832.421753,12510
379446850.336392,12555
379446865.56544,12555
379446876.01778,7611
379446898.762419,6085
379446909.02841,11636
379446926.711842,12657
379446937.536343,1412
379446945.074171,1556
379446963.490238,1949
379446975.708132,12854
379447001.347924,1548
379447013.292216,12711
379447032.014739,12865
379447047.660282,3630
379447068.060987,1552
379447087.495651,1529
379447108.404821,12924
379447122.281339,12845
379447134.032331,13027
379447142.56181,12446
379447161.298402,972
379447176.406407,12943
379447189.608364,13192
379447208.025696,13002
379447230.621241,1706
379447239.73297,1886
379447251.149657,4190
379447266.619618,13022
379447279.0378,936
379447293.774585,632
379447299.379607,12901
379447316.351636,8715
379447328.298192,10844
379447334.235802,7621
379447360.208765,12829
379447377.390902,1570
379447394.479023,13227
379447409.968117,12733
379447419.109174,888
379447421.907311,12770
379447439.590061,11978
379447459.553919,12710
379447470.153482,12733
379447494.166193,12933
379447507.198621,9880
379447525.212132,7720
379447551.220087,5624
379447562.770515,7170
379447576.802934,3724
379447594.055653,3622
379447606.986224,1536
379447619.095662,12505
379447634.491564,7618
379447649.082117,12379
379447664.90689,333
379447676.490838,12592
379447687.954814,12432
379447701.659602,12442
379447717.006302,1458
379447731.664142,2791
379447739.794236,12363
379447754.319862,7636
379447767.876146,12548
379447787.256658,6266
379447802.627277,245
379447814.907008,2604
379447823.503695,12289
379447844.743502,3831
379447859.39762,12249
379447872.230351,5010
379447883.730556,12219
379447892.466123,199
379447907.684547,156
379447926.737707,12228
379447933.956028,93
379447946.249117,8322
379447952.961627,12272
379447972.77352,12973
379447987.602936,82
379448003.18862,13182
379448017.918643,12275
379448032.952627,6513
379448050.091813,284
379448067.133605,12394
379448081.472461,1474
379448101.85748,12735
379448117.560923,12530
379448124.980252,1472
379448141.336116,1465
379448150.21904,1179
379448179.588067,7253
379448185.826897,790
379448196.717121,11231
379448213.488001,12634
379448236.444355,9576
379448246.42827,12634
379448260.40595,1137
379448277.407203,12653
379448291.052671,12615
379448303.716619,12751
379448312.342902,6416
379448322.960201,8930
379448345.017831,12739
379448361.415041,8681
379448375.1509,1017
379448382.819628,3104
379448399.071183,819
379448416.755309,12922
379448429.353054,13071
379448439.246946,12861
379448463.315834,12849
379448481.708775,287
379448496.423757,1499
379448508.662626,5840
379448516.074479,1514
379448536.895171,4947
379448566.505176,5372
379448585.66344,13021
379448602.122247,4272
379448622.317439,6567
379448631.356061,13040
379448644.140744,1634
379448662.38106,977
379448673.123476,12832
379448683.677366,450
379448690.639061,1489
379448710.541247,1514
379448726.413546,11960
379448735.982312,3034
379448743.46966,10325
379448762.597761,12778
379448771.276143,12715
379448787.808115,8201
379448798.430383,1518
379448822.505216,6470
379448842.402551,12751
379448872.888519,2518
379448890.529879,12611
379448908.200889,1583
379448924.913403,349
379448939.674083,13106
379448948.537108,12497
379448963.590497,12481
379448983.855771,12480
379448995.647246,7738
379449000.94201,4094
379449010.983704,12418
379449026.869329,12436
379449044.756941,3753
379449054.863914,1453
379449065.671366,4930
379449078.476985,9275
379449089.012091,12374
379449098.967776,1468
379449108.359332,11255
379449122.641057,12461
379449142.388944,12273
379449152.25493,1458
379449167.873688,5932
379449178.034445,12255
379449194.341424,12244
379449208.174093,2187
379449218.954747,12318
379449227.094503,164
379449239.495168,780
379449258.999647,842
379449262.317672,194
379449273.025264,12268
379449282.240831,377
379449292.584599,631
379449302.84493,12339
379449307.525222,7190
379449318.083195,1472
379449323.637756,1233
379449333.675571,4804
379449340.94075,2462
379449352.367208,12363
379449363.002851,12374
379449373.728619,3718
379449378.902701,12367
379449390.58818,6507
379449401.561931,7008
379449415.947538,11245
379449434.272045,12415
379449447.893941,12525
379449460.354755,201
379449473.7933,12474
379449484.241884,12542
379449499.307486,12507
379449509.367686,10292
379449520.46277,12511
379449536.074686,12786
379449544.958348,8747
379449558.232498,8584
379449574.87222,12725
379449588.676544,2796
379449605.127104,12686
379449620.565851,4351
379449637.836655,12715
379449664.859009,12698
379449678.62584,2051
379449699.225756,8264
379449719.751171,13212
379449729.492139,1406
379449750.834049,12944
379449759.980386,12838
379449774.780932,83
379449793.492623,108
379449805.008177,4101
379449827.704905,12984
379449842.650353,2073
379449867.737959,150
379449872.685268,13038
379449891.064371,5836
379449899.093748,814
379449921.992809,5693
379449934.148173,2022
379449947.569651,3196
379449953.641939,3604
379449967.235603,12885
379449982.958871,4866
379449998.704476,3007
379450007.449499,858
379450020.142263,676
379450031.212954,10627
379450042.419599,429
379450054.284024,3405
379450063.870356,275
379450072.330521,1464
379450080.335585,2128
379450090.878894,912
379450099.742855,4200
379450107.949453,1521
379450119.307034,462
379450124.433749,2322
379450133.850081,11459
379450143.556102,7737
379450146.800145,924
379450157.81922,721
379450162.267329,3024
379450175.859634,1144
379450183.669736,740
379450191.36603,312
379450198.590314,12670
379450207.973064,6535
379450215.625674,1531
379450217.183263,699
379450228.967672,4249
379450238.927455,12867
379450247.260016,3269
379450248.837081,182
379450259.588768,607
379450268.257647,12496
379450275.683478,3172
379450282.232815,961
379450294.4718,9248
379450305.256,1301
379450308.755263,1521
379450313.893279,12468
379450321.652404,1508
379450329.155658,1857
379450340.77089,12721
379450351.216651,12573
379450359.022337,2200
379450366.645285,5690
379450379.576125,123
379450390.724501,980
379450398.615326,12406
379450409.205256,2632
379450420.777011,5721
379450431.910675,1463
379450441.419417,1456
379450454.467987,8091
379450463.597423,1459
379450473.340025,12223
379450479.967045,8715
379450488.152424,6826
379450499.665489,901
379450508.030719,10098
379450518.768754,9975
379450524.293355,2494
379450530.886811,12240
379450540.048424,12239
379450552.707042,1992
379450561.590714,658
379450570.924852,12321
379450580.31275,7261
379450585.945939,12236
379450596.516409,92
379450601.293547,8186
379450612.445628,4179
379450616.961155,1456
379450624.28471,4633
379450631.934588,1438
379450641.947662,10242
379450650.507281,1978
379450655.589853,6977
379450662.484513,9892
379450670.656934,9255
379450679.756576,7649
379450689.870001,9326
379450711.438006,12370
379450725.798504,1532
379450742.320373,1488
379450756.327198,12918
379450769.087244,12514
379450781.570923,1505
379450789.589279,4118
379450800.144728,88
379450805.858305,10664
379450813.044955,12820
379450828.240157,636
379450833.573156,7437
379450843.286946,6103
379450850.686645,1505
379450858.779899,12642
379450869.282927,12596
379450873.994285,12653
379450879.804416,12585
379450894.144161,1498
379450896.852883,12678
379450903.561119,9802
379450910.405045,295
379450914.662534,12625
379450920.424508,12672
379450927.136588,8959
379450929.555097,12739
379450934.02459,871
379450945.913277,13191
379450949.905294,9865
379450956.050973,1565
379450960.754852,98
379450968.55002,1035
379450974.530244,4968
379450991.03064,3462
379450996.037143,7494
379450999.855513,1510
379451007.843221,4767
379451013.475167,617
379451023.505302,12971
379451032.025638,12848
379451041.493539,671
379451048.821767,187
379451054.34707,12823
379451059.099148,6404
379451064.545627,3166
379451069.264731,12890
379451076.211547,5574
379451084.429862,6068
379451091.095275,4087
379451095.543688,6144
379451105.167841,12433
379451111.575091,12016
379451123.714857,3442
379451127.57506,5828
379451138.653456,2448
379451143.836944,1504
379451156.82781,318
379451158.883176,1517
379451165.441682,12979
379451171.651293,5282
379451178.693916,451
379451188.740724,12968
379451194.931438,13015
379451204.59624,1453
379451215.794015,1184
379451218.76098,1172
379451226.690928,1506
379451235.750568,361
379451244.292666,10922
379451250.832576,2014
379451254.505267,12908
379451259.067876,91
379451265.026362,1917
379451277.721253,128
379451284.928812,3446
379451291.75612,2036
379451299.20028,834
379451305.732666,2449
379451308.833967,906
379451314.970619,2876
379451319.285607,10971
379451325.32096,9608
379451335.7072,1278
379451342.056999,7000
379451348.050625,708
379451357.24695,106
379451362.530182,10387
379451366.437929,558
379451375.914208,3877
379451379.358017,1747
379451391.107794,12735
379451396.429328,1802
379451406.383359,266
379451407.606869,13050
379451413.96487,1418
379451415.245984,2548
379451429.259793,12734
379451438.048265,1451
379451442.393578,1379
379451445.858881,12717
379451452.134739,4551
379451459.276968,12743
379451463.619564,5741
379451468.88132,12732
379451479.155001,12008
379451489.66966,5900
379451496.236078,13143
379451503.088135,10406
379451508.573781,1011
379451515.848807,12643
379451523.888737,655
379451531.850495,2133
379451546.583977,12807
379451551.298299,371
379451561.035231,7811
379451572.384406,6681
379451577.14553,12565
379451583.372615,4427
379451587.452695,10094
379451594.42896,7716
379451600.6298,885
379451609.007206,12538
379451621.832301,5733
379451626.554039,1681
379451633.480745,5620
379451645.329638,8044
379451655.416979,12445
379451657.724177,12499
379451672.199655,3769
379451676.430661,2876
379451682.444688,7394
379451685.985207,12997
379451697.77111,12563
379451703.986611,12501
379451712.071693,12413
379451721.536715,2769
379451724.5602,12355
379451734.195097,2987
379451746.498484,9767
379451753.403162,370
379451762.128968,2377
379451765.695467,12376
379451773.381599,12302
379451776.330455,4492
379451781.674496,342
379451784.75216,8575
379451796.179494,9193
379451803.11076,2039
379451811.142732,8487
379451814.967186,4012
379451823.130103,12400
379451830.644251,2229
379451836.200386,12222
379451847.842243,12220
379451856.685788,2357
379451862.856952,5958
379451874.262955,1540
379451879.30722,2375
379451887.130719,9998
379451893.130313,3768
379451897.584397,5782
379451901.528678,2419
379451910.162762,1267
379451921.642156,12203
379451922.893017,1477
379451931.866184,12423
379451943.903489,3544
379451953.151847,4759
379451957.534158,12052
379451965.955186,458
379451972.213765,1555
379451982.667946,5913
379451995.352895,3378
379452006.333453,1459
379452012.48376,2748
379452025.584813,12416
379452029.763131,12408
379452038.066181,4247
379452044.23576,12685
379452051.742646,12569
379452055.683094,12366
379452066.747563,12399
379452069.623803,12782
379452076.841915,12432
379452084.078359,6425
379452089.279521,8788
379452094.126418,3981
379452106.085323,7167
379452115.018666,1379
379452125.159006,1429
379452131.746399,12572
379452139.098312,1367
379452141.78382,1423
379452151.69305,11051
379452165.126647,10333
379452173.072705,1521
379452186.238477,1489
379452197.20702,2298
379452208.823766,11258
379452219.249906,1003
379452231.902174,8662
379452252.376168,12646
379452271.464811,12666
379452287.942422,12732
379452302.915545,3095
379452320.270137,1643
379452342.187555,12816
379452352.888138,12683
379452359.941624,3740
379452375.472165,12385
379452394.319832,5935
379452414.859942,12866
379452438.31718,262
379452452.855047,12957
379452471.344297,12939
379452482.186927,3138
379452492.257423,13153
379452508.650526,1437
379452530.335982,3689
379452541.60814,922
379452555.80845,3250
379452577.108007,12918
379452585.059702,4897
379452600.613912,12915
379452615.779042,13093
379452626.929029,116
379452648.381721,12857
379452664.410024,2223
379452679.432153,12785
379452703.065679,1492
379452716.320332,564
379452730.329561,2465
379452743.004893,12180
379452754.289115,12764
379452777.296451,12694
379452796.148299,12636
379452809.848014,11797
379452821.136079,12626
379452830.1537,3573
379452841.950358,5173
379452853.131119,6142
379452870.686238,1482
379452886.583066,459
379452894.564963,775
379452907.126813,12597
379452926.225783,12554
379452945.471218,11034
379452954.422991,3542
379452962.086559,12504
379452975.488734,6944
379452986.384344,12418
379453002.758241,8596
379453018.293122,7774
379453026.916285,12621
379453047.067081,12370
379453057.959522,12508
379453072.312843,12369
379453088.071979,693
379453097.457795,8724
379453107.499858,12972
379453118.950803,2508
379453128.173488,12466
379453141.77344,1512
379453160.31262,12233
379453171.807139,12226
379453188.673802,12202
379453198.528994,1521
379453206.283581,1482
379453228.016895,12263
379453244.223399,1504
379453258.704712,1507
379453275.104434,1490
379453294.692848,12350
379453303.613356,8717
379453330.406163,2072
379453344.941714,12406
379453354.947091,9251
379453379.104577,7852
379453397.925033,1926
379453408.92089,12450
379453419.671749,12479
379453428.745961,6546
379453437.376194,9612
379453446.896525,12549
379453473.754932,1456
379453490.239399,3228
379453495.883147,4057
379453504.026942,4382
379453520.513465,729
379453529.657398,9850
379453543.739446,12662
379453552.390256,370
379453566.961584,1470
379453579.02127,167
379453588.6899,11572
379453597.836077,5128
379453615.432954,243
379453643.164406,1937
379453666.258516,90
379453675.404238,6450
379453687.405395,12851
379453694.041903,4558
379453709.792773,12973
379453722.350398,11292
379453734.412082,12206
379453746.156977,11164
379453766.341768,10281
379453785.461982,1085
379453794.385893,9021
379453804.673673,12943
379453812.379805,4175
379453820.581192,4360
379453833.73185,4714
379453851.420136,231
379453861.945802,1485
379453873.854599,13015
379453880.178624,13034
379453907.65944,1503
379453927.452242,12859
379453938.087767,9739
379453945.803336,12829
379453971.995211,277
379453993.650822,5755
379454005.536018,1486
379454018.243288,6716
379454025.555115,577
379454038.980348,12823
379454059.580561,11218
379454077.051086,12751
379454088.171318,9564
379454096.063347,1764
379454106.080194,12858
379454117.42306,287
379454139.51443,3494
379454151.305241,6251
379454162.576734,382
379454181.083184,951
379454189.473408,12600
379454197.125465,9322
379454210.668707,8966
379454225.675019,3329
379454247.989935,89
379454257.166123,12638
379454269.103496,10152
379454281.701007,12827
379454295.114289,12595
379454305.753906,12596
379454313.812656,4834
379454316.647948,1462
379454330.981196,13013
379454342.366422,1474
379454355.302732,220
379454361.37711,4899
379454375.81767,12409
379454395.469506,6302
379454403.362492,12511
379454413.866533,12326
379454427.970436,1481
379454454.091118,5231
379454467.973232,12228
379454483.994979,1997
379454501.177996,292
379454506.678841,11427
379454522.427427,10360
379454532.521109,2022
379454554.056427,615
379454569.163876,1458
379454576.293882,469
379454582.287627,1040
379454601.320338,12504
379454610.966982,12355
379454618.477955,12298
379454629.954084,1475
379454642.824006,8621
379454652.267962,1656
379454666.171658,12781
379454684.469067,12417
379454699.357049,4794
379454715.865182,1236
379454725.030868,342
379454736.111281,89
379454742.945697,1570
379454757.986449,12466
379454772.378251,8890
379454791.780721,123
379454805.011705,3102
379454815.839256,12483
379454832.943408,12539
379454841.121383,1490
379454856.897617,12684
379454872.541976,132
379454887.189319,12609
379454906.53475,3114
379454918.581128,2409
379454927.890585,263
379454941.715707,12695
379454951.348628,13151
379454973.283365,3912
379454997.902139,2350
379455013.137166,427
379455029.734171,12807
379455047.48402,12886
379455062.667544,12852
379455073.512285,12914
379455085.692743,7865
379455097.808762,12931
379455104.942288,12894
379455116.05928,12960
379455135.247624,2662
379455152.398084,7347
379455167.588874,13021
379455185.942346,4918
379455196.554386,642
379455211.518501,1451
379455220.390624,13002
379455235.708381,4987
379455253.903232,12981
379455256.345793,11153
379455274.582944,1462
379455285.171137,1845
379455299.806791,4483
379455313.18442,1365
379455324.379275,12827
379455341.371213,1223
379455355.765601,8990
379455368.227276,12815
379455385.273328,7255
379455400.875975,3874
379455418.242182,1163
379455422.341104,12645
379455430.803665,1510
379455443.561226,12653
379455452.618847,12826
379455469.068146,12803
379455487.320773,1970
379455497.600069,4566
379455511.623286,8564
379455523.357165,5153
379455543.819118,12875
379455558.389507,7968
379455570.470179,5309
379455587.439701,9695
379455612.193744,4909
379455626.448714,12491
379455635.640319,12466
379455649.699531,12435
379455665.227546,1192
379455678.211627,12428
379455695.213361,12396
379455708.506262,12374
379455718.59103,6172
379455740.934223,12327
379455752.382009,12398
379455759.68295,12432
379455774.333557,1342
379455797.460232,7349
379455811.158777,1762
379455826.414712,12291
379455839.084989,2090
379455853.037747,6917
379455864.043634,182
379455876.300928,4139
379455890.760934,2329
379455906.361677,8283
379455916.984979,1467
379455936.899312,1445
379455952.397357,9887
379455968.69071,1490
379455984.325318,10640
379455997.928536,2694
379456015.178695,3758
379456035.893996,291
379456046.339763,11258
379456072.530089,12815
379456086.701809,12520
379456099.998918,12515
379456111.171204,2940
379456128.330887,2764
379456138.847616,10393
379456154.707216,725
379456163.142571,7361
379456177.507306,2054
379456188.879599,12623
379456197.328803,1445
379456211.16305,167
379456229.297305,12925
379456242.678673,12628
379456255.065575,12673
379456268.071622,101
379456282.242095,2254
379456290.407965,12189
379456310.276999,148
379456333.152198,12768
379456342.799478,4049
379456352.747578,12332
379456361.334742,6391
379456374.537892,12817
379456389.375256,2901
379456404.105389,12913
379456415.594627,12860
379456422.999895,1393
379456443.891792,811
379456451.289884,12988
379456464.607096,12928
379456475.100733,12939
379456484.901135,13063
379456506.879097,13048
379456514.839636,1506
379456528.636077,5579
379456551.286945,7772
379456566.201123,664
379456576.205611,12967
379456589.863501,2637
379456594.601754,13249
379456616.715587,13002
379456623.044884,7245
379456648.175016,12833
379456658.737146,13250
379456668.577628,909
379456687.70113,11640
379456701.495245,775
379456712.124835,5823
379456733.855047,9789
379456747.196501,12691
379456753.116177,12940
379456773.840664,12659
379456785.380899,5583
379456796.870217,4540
379456806.386278,1519
379456815.272104,12607
379456829.146652,9229
379456839.206735,2536
379456853.467579,12572
379456872.616375,12509
379456884.057141,4231
379456892.213686,920
379456903.177485,12554
379456911.261398,13128
379456928.831871,11561
379456940.431144,8185
379456954.500815,6968
379456968.566652,12455
379456982.26601,98
379456994.804163,8385
379457007.913687,11227
379457029.337346,3433
379457039.968236,12389
379457044.815525,12361
379457058.372019,5679
379457072.179539,94
379457084.454838,3569
379457096.505733,6684
379457109.775987,12373
379457129.518712,12196
379457146.640085,12174
379457147.049539,1280
379457153.575402,12192
379457165.409788,9036
379457175.706008,129
379457189.067735,12226
379457204.189205,12213
379457212.477036,12282
379457231.189982,94
379457237.747305,1487
379457254.543334,12306
379457268.043086,6937
379457279.382923,772
379457296.120929,1554
379457306.385432,4709
379457324.326963,12359
379457331.183208,4519
379457347.093973,12380
379457362.252124,12463
379457375.399005,12438
379457392.29509,12523
379457418.88115,4015
379457441.356343,2194
379457453.029078,7479
379457471.671327,2348
379457478.805822,4524
379457492.055765,12593
379457502.015356,12560
379457516.337296,12634
379457527.788355,12621
379457548.180332,12671
379457571.19284,12737
379457584.060231,214
379457594.295242,8994
379457606.080471,13214
379457617.326433,12946
379457637.054043,245
379457656.780958,1535
379457678.632379,420
379457696.336606,12887
379457716.313999,3689
379457731.944286,12886
379457746.549308,4919
379457760.899354,12891
379457761.050135,12853
379457759.380816,7572
379457768.892245,1141
379457779.789979,4128
379457792.53589,5656
379457800.001603,10079
379457822.274159,3083
379457833.807702,6632
379457854.034565,12994
379457875.850876,333
379457894.309734,1491
379457908.003362,10263
379457920.950763,359
379457937.587858,10143
379457953.095949,12877
379457967.254009,5759
379457986.882146,12877
379458011.219904,6167
379458020.18071,4538
379458038.259741,870
379458048.26946,1398
379458061.854438,117
379458078.41845,12679
379458103.021901,12829
379458113.390152,8713
379458129.478876,12804
379458140.60065,12778
379458155.607652,1273
379458171.050388,11679
379458192.275013,12593
379458204.434588,12567
379458216.874188,824
379458222.5366,202
379458232.347274,1498
379458250.518761,3211
379458263.099643,12476
379458277.571378,11806
379458292.092267,3386
379458315.374588,1594
379458321.076231,1463
379458334.324987,8976
379458346.953048,1494
379458358.062207,2656
379458377.850968,130
379458400.774235,12285
379458414.075619,12255
379458419.105126,92
379458431.984586,1453
379458438.472568,4280
379458446.951068,2719
379458455.911023,100
379458466.436474,12196
379458482.303232,12202
379458496.657649,12366
379458513.652015,1504
379458527.950765,12660
379458531.645651,13135
379458551.543997,1446
379458573.656059,8982
379458584.374999,183
379458592.900571,2886
379458601.385404,376
379458604.721706,1518
379458619.381553,3883
379458632.145901,6170
379458647.790281,3752
379458658.752646,11783
379458669.259028,7072
379458682.488394,9899
379458706.631054,8862
379458717.147412,7730
379458727.615668,8116
379458742.597383,339
379458752.366518,12580
379458766.304928,1483
379458787.379159,726
379458796.943122,958
379458812.381315,870
379458828.640985,7690
379458842.772072,11201
379458856.765994,1471
379458867.837501,12676
379458877.473961,12604
379458895.14071,1512
379458907.673935,405
379458925.579046,12678
379458944.883967,1492
379458955.371382,13043
379458969.931469,8767
379458992.809403,172
379459017.73043,3321
379459038.595201,12896
379459047.771382,6302
379459065.774488,1449
379459091.960551,12961
379459109.831602,1949
379459128.31134,2290
379459146.656145,13074
379459172.477191,3057
379459194.219207,6556
379459208.978292,1504
379459225.225449,144
379459238.019284,12882
379459247.09762,12913
379459266.408461,1500
379459277.24915,792
379459295.981876,588
379459313.469027,2467
379459323.490158,6971
379459333.847902,12812
379459350.824162,8609
379459371.918672,5687
379459386.725728,12782
379459405.545643,102
379459425.134486,12759
379459438.795281,1230
379459451.769127,141
379459472.01984,2306
379459485.22974,3809
379459496.887031,2653
379459514.886606,2553
379459529.442148,12757
379459540.343273,1497
379459557.94201,12547
379459571.98155,9084
379459588.216469,12457
379459595.80401,416
379459608.009171,294
379459618.64203,12624
379459638.814044,1234
379459649.276446,12475
379459670.57722,7918
379459685.874924,7982
379459700.17061,12752
379459714.111406,1412
379459728.690989,1436
379459744.855324,12268
379459751.904561,11308
379459769.85829,9674
379459790.578353,5988
379459802.137064,12218
379459812.666155,1495
379459825.900558,4957
379459836.458355,12222
379459844.153277,12018
379459855.299934,4769
379459864.520001,1536
379459883.150428,6650
379459891.519997,12423
379459906.29777,9940
379459923.754632,1491
379459937.889447,9601
379459949.801368,10238
379459974.019418,11148
379459984.23909,4707
379459994.837487,917
379460010.52045,2286
379460040.609872,12709
379460051.035317,12558
379460067.806955,409
379460083.383235,1431
379460108.154654,13254
379460121.127898,190
379460137.479357,12632
379460144.266688,8333
379460161.025778,797
379460173.165559,1890
379460180.157899,1476
379460194.615862,2066
379460217.892074,12664
379460228.737387,569
379460250.527128,1281
379460269.675143,12728
379460282.518565,12935
379460302.371009,6290
379460323.931405,1428
379460355.149223,1478
379460369.374043,7368
379460387.861749,3179
379460396.566056,1492
379460413.605607,13091
379460425.259717,7030
379460435.614665,2931
379460454.680041,13027
379460470.989101,12980
379460489.911363,1494
379460505.150765,1178
379460513.246911,155
379460523.728123,7281
379460536.266559,634
379460552.070417,12953
379460561.349437,3584
379460569.487098,12932
379460581.222404,13086
379460594.965513,1025
379460614.412455,12793
379460625.40495,585
379460640.360653,13169
379460663.143647,5418
379460681.416123,5268
379460696.477673,1359
379460709.182717,133
379460728.050196,11655
379460734.362115,4746
379460749.460269,257
379460764.06705,12678
379460770.275971,12887
379460784.261943,12647
379460801.820046,5008
379460813.92671,12624
379460821.950401,7510
379460843.40016,6514
379460854.941233,12563
379460867.934578,12538
379460880.750197,151
379460886.885,4005
379460901.332087,9751
379460907.159457,12577
379460929.521371,5396
379460961.401536,6259
379460977.015408,652
379460987.667278,1431
379461006.126402,12371
379461018.358897,12320
379461031.555702,1424
379461047.953154,1810
379461057.775812,11720
379461064.72917,1526
379461070.01615,3703
379461081.655775,5470
379461092.59256,12725
379461103.108134,4798
379461122.034039,1649
379461140.210628,8485
379461154.877234,13231
379461169.743818,6060
379461186.559452,12256
379461205.532396,12212
379461210.294863,1480
379461226.214021,12283
379461237.297786,8972
379461255.26017,1521
379461267.001533,1492
379461284.312481,8408
379461299.939424,12398
379461313.430073,12404
379461327.180243,12458
379461347.606398,12817
379461365.477119,12563
379461389.756581,426
379461404.63247,12516
379461422.317519,942
379461434.248858,118
379461454.76656,8870
379461469.175935,12634
379461475.225181,1075
379461491.72111,12655
379461498.808337,13036
379461510.136671,118
379461518.98912,962
379461532.860132,8243
379461552.614461,12639
379461576.344571,12684
379461599.776355,5843
379461622.893421,6676
379461644.420349,12823
379461657.548232,256
379461689.022377,11821
379461700.837172,13004
379461715.523973,12840
379461726.328794,12933
379461739.299113,5006
379461753.928401,2521
379461775.305072,3248
379461788.164998,1519
379461813.860621,13059
379461830.11751,12956
379461845.008891,5671
379461866.886407,1025
379461878.680763,8960
379461894.663719,12869
379461905.546734,13049
379461915.320415,12876
379461922.059778,1498
379461938.116194,11006
379461967.927529,1497
379461983.10566,388
379461995.777224,1112
379462009.532982,8908
379462019.036738,12741
379462031.16237,13070
379462050.189699,12720
379462057.259822,12734
379462071.151686,1607
379462087.156476,11190
379462101.869166,1490
379462121.832073,8089
379462142.825243,1087
379462155.377635,12598
379462167.985588,13104
379462189.14615,12515
379462203.241889,12502
379462227.09226,10199
379462257.490907,12436
379462270.36585,12598
379462283.320549,5507
379462298.463941,7291
379462306.586569,12946
379462323.561643,10736
379462339.337058,1440
379462355.729825,1555
379462368.674273,12910
379462379.211696,12275
379462391.785708,1588
379462400.746776,12293
379462414.891084,5563
379462428.389809,5737
379462445.678487,12456
379462464.566926,12258
379462475.773485,3028
379462487.199549,85
379462501.830101,3667
379462511.188415,4471
379462524.143471,1499
379462536.23823,6743
379462549.171488,12255
379462569.135727,12249
379462583.469335,1789
379462601.67825,9307
379462620.792257,4633
379462632.55313,12361
379462644.745824,7546
379462653.698467,12460
379462669.561974,4020
379462681.390937,12405
379462699.422155,12472
379462718.178137,2946
379462734.124848,1128
379462746.925678,10710
379462769.67401,10830
379462781.55988,4880
379462795.030133,12595
379462813.109711,133
379462837.175884,12803
379462852.395642,12734
379462864.408324,12671
379462874.704014,12673
379462885.022654,1707
379462898.049071,12286
379462910.662097,3024
379462921.851104,12704
379462934.194816,5119
379462951.60195,1443
379462962.76886,3531
379462974.940099,1700
379462999.689637,10477
379463020.584115,4255
379463029.624929,12930
379463057.982639,1048
379463074.650298,203
379463089.001132,1457
379463098.251574,128
379463107.359044,1879
379463115.945745,89
379463140.564095,13017
379463154.491143,8322
379463167.388498,13003
379463195.464585,8972
379463214.482073,3721
379463230.762431,12891
379463252.585963,12874
379463263.641629,13024
379463279.180168,10271
379463301.92673,1420
379463309.855881,1492
379463319.759234,277
379463332.115724,3340
379463342.760767,2805
379463365.312729,12703
379463382.923107,13037
379463393.46548,5542
379463418.813118,12655
379463428.134803,12580
379463446.176648,4611
379463460.479797,8297
379463487.5536,7610
379463501.407849,3823
379463518.18716,4861
379463541.431737,12705
379463565.525581,12453
379463579.220238,731
379463593.876262,114
379463611.050739,12443
379463623.491931,2466
379463640.162845,9130
379463648.405683,12489
379463668.641858,12358
379463686.400519,4102
379463711.940117,12262
379463720.042472,12542
379463727.163961,2401
379463741.504174,12838
379463763.696479,12226
379463785.412111,1145
379463797.277186,12338
379463809.599571,12429
379463834.436508,12226
379463853.110569,1507
379463866.161852,263
379463879.408254,2792
379463890.475596,12362
379463904.375407,5786
379463922.289426,12322
379463936.185065,1438
379463951.738102,12905
379463962.910309,7167
379463979.039313,12365
379463993.751872,10829
379464007.63331,9670
379464024.090229,12486
379464032.920496,12731
379464044.661885,12471
379464068.095706,3873
379464088.273147,12589
379464100.643482,11168
379464118.278951,12831
379464125.032538,12626
379464149.825303,1406
379464162.411352,9696
379464174.367619,12609
379464190.719957,3836
379464206.895246,13016
379464229.535279,2712
379464239.285537,12738
379464249.632795,3723
379464264.459968,1391
379464281.812436,13095
379464296.857388,12940
379464301.451882,12826
379464314.363812,10737
379464331.569875,12868
379464345.86348,1800
379464360.255926,12849
379464374.780653,13212
379464413.350314,6374
379464429.937225,4237
379464433.504088,13018
379464459.084018,1743
379464476.397099,12438
379464497.188758,1949
379464521.725932,210
379464539.01376,1489
379464555.142173,12891
379464576.015553,12891
379464596.636706,12797
379464605.564813,4133
379464625.41291,1533
379464648.246711,12759
379464658.445101,1434
379464671.263434,315
379464685.702416,12699
379464703.331017,6521
379464727.32377,4705
379464751.360618,6759
379464760.198166,535
379464773.987496,12621
379464787.152564,1452
379464798.786429,808
379464818.881363,11173
379464830.47295,12770
379464854.645468,2420
379464873.045358,7706
379464886.096656,12437
379464895.924709,2292
379464918.170484,10479
379464933.882215,11842
379464955.035625,12390
379464965.23108,1214
379464975.934219,9319
379464989.060202,4670
379465002.071651,12350
379465014.742112,1456
379465029.435765,12457
379465047.959208,12303
379465063.420773,12280
379465076.144731,12198
379465091.591774,12237
379465104.450135,1543
379465122.263685,12890
379465137.381304,1822
379465146.946808,9909
379465155.925449,3878
379465165.337195,3657
379465186.834485,12249
379465200.762592,5039
379465223.80722,1446
379465239.950974,12359
379465252.063315,1289
379465272.985253,6760
379465292.894628,1553
379465302.914215,592
379465315.755256,9035
379465326.324767,12427
379465340.645236,10187
379465357.31547,12487
379465362.868022,12917
379465376.818905,12545
379465388.040237,10244
379465402.87854,4973
379465417.248249,1497
379465424.951986,12698
379465434.546107,1372
379465450.258108,12557
379465469.086588,12688
379465481.246744,4443
379465494.815529,3027
379465507.365912,12695
379465530.769364,12730
379465547.84457,11937
379465566.182009,12731
379465587.133162,11959
379465608.363897,12789
379465618.809564,1575
379465637.959827,12996
379465657.645457,11139
379465671.769108,12953
379465686.234246,1493
379465708.759712,12932
379465718.634083,9757
379465739.639966,10570
379465763.997767,12925
379465771.633847,1538
379465782.526366,13011
379465794.353239,491
379465808.42342,12998
379465819.013105,12978
379465832.295472,7759
379465847.188852,12740
379465861.03019,1272
379465876.986857,13077
379465893.658671,11364
379465913.751883,12836
379465936.317699,12848
379465947.696368,12990
379465965.461492,12775
379465986.512246,12860
379466002.955466,7456
379466017.255446,1489
379466036.074944,1202
379466055.552607,13248
379466071.363736,1505
379466079.787973,1809
379466109.467409,3427
379466127.964627,2431
379466139.648132,1283
379466156.895003,1257
379466167.356649,170
379466184.13136,1447
379466193.623865,12695
379466217.450154,12501
379466232.433146,6889
379466247.040243,6243
379466258.533923,7302
379466280.134016,12797
379466290.110687,13232
379466303.19478,1493
379466318.089206,10008
379466331.439055,1557
379466346.333811,5135
379466357.042096,12022
379466366.236639,1785
379466375.89339,1530
379466384.519109,12233
379466396.378903,9575
379466407.158631,12274
379466416.12022,12287
379466436.764354,12187
379466447.764442,12249
379466462.005496,3019
379466476.728872,12215
379466487.557866,10955
379466504.229328,210
379466518.889962,12281
379466544.946245,5750
379466550.096351,12353
379466574.923517,1429
379466586.874692,13080
379466606.145589,13060
379466622.424278,4746
379466642.287187,8746
379466652.378437,1854
379466671.569203,2302
379466691.315452,12519
379466710.80162,12544
379466724.481698,8945
379466732.221145,4626
379466756.673757,6467
379466765.671592,12569
379466779.805631,12580
379466785.551823,12592
379466794.067771,9480
379466803.61596,9293
379466822.334384,12978
379466834.43783,113
379466856.340795,12940
379466873.118112,4806
379466886.783586,9291
379466905.615639,9542
379466919.921239,1287
379466936.416795,1530
379466947.618159,13041
379466969.36201,12847
379466980.968099,6415
379466993.910617,5885
379467011.436225,326
379467029.230077,2629
379467048.184442,1531
379467068.889497,4149
379467097.325846,10888
379467126.187659,9196
379467137.149844,9394
379467153.336484,1463
379467175.290227,8293
379467180.513992,12937
379467207.310247,12908
379467229.999191,138
379467258.418035,3065
379467278.20875,267
379467286.103437,7588
379467299.020172,6647
379467310.23812,1489
379467321.003359,12769
379467341.529566,190
379467353.977061,1570
379467373.466066,1498
379467387.463651,12652
379467402.572691,8222
379467416.605137,8285
379467442.428035,11118
379467470.24342,170
379467486.430203,6535
379467501.086297,3955
379467516.536685,1470
379467528.142412,2236
379467548.860866,12442
379467561.965348,1475
379467580.545211,4200
379467595.809569,12414
379467619.666202,513
379467638.539041,5229
379467654.607197,12308
379467663.153505,12357
379467678.507368,12315
379467692.259171,12356
379467709.725053,114
379467721.42933,9731
379467732.368101,12268
379467747.346402,5218
379467764.550475,1506
379467772.623882,5472
379467783.683782,100
379467800.838088,13234
379467818.262272,1612
379467830.725979,12203
379467859.125566,1695
379467873.495333,12238
379467888.64296,7365
379467902.892693,3595
379467916.287907,12327
379467928.422634,1815
379467939.040506,979
379467946.035626,449
379467958.758008,12409
379467965.432836,12402
379467973.038341,9407
379467998.489074,12462
379468018.763769,4845
379468029.685137,12608
379468043.529764,1565
379468064.651313,12583
379468075.044725,12496
379468083.967601,4948
379468102.926559,12818
379468123.712813,11705
379468148.93239,2731
379468167.549364,1477
379468175.045812,12755
379468191.624343,1960
379468216.280333,1643
379468227.486016,12768
379468241.412036,1491
379468250.803014,2754
379468269.77817,12966
379468286.830291,1424
379468295.968056,12787
379468307.377713,4378
379468321.159898,12852
379468343.180551,455
379468357.671922,1453
379468387.169472,3258
379468395.901142,3682
379468416.772389,1445
379468428.024507,12998
379468440.857801,13034
379468459.045036,5406
379468474.762258,11941
379468485.754043,12979
379468512.01992,12904
379468515.646786,12938
379468530.1515,4778
379468540.149956,3641
379468560.133737,13228
379468573.957693,1147
379468591.292406,6009
379468604.916038,12825
379468625.406877,1988
379468643.61252,10294
379468656.401232,9485
379468676.614258,12745
379468688.152828,12699
379468710.150658,1408
379468728.88134,613
379468737.419845,128
379468750.58636,12784
379468761.337762,12585
379468780.913568,4029
379468794.673936,12585
379468810.994667,6080
379468824.568774,1275
379468843.094577,12963
379468855.738245,12534
379468874.755006,5168
379468890.937919,1486
379468920.648865,3232
379468942.651763,12396
379468956.756159,3569
379468968.571747,12388
379468983.165181,9082
379468994.566273,4818
379469012.617846,12447
379469029.303724,12248
379469038.035822,12237
379469051.556798,120
379469059.991816,6808
379469069.28007,112
379469078.748979,3949
379469088.933283,6864
379469107.613187,12196
379469119.467151,12208
379469135.094003,1449
379469151.318767,6386
379469172.404099,7762
379469189.452641,12298
379469200.747034,11185
379469220.215492,12450
379469232.869593,3446
379469244.003165,1944
379469258.878952,8917
379469281.035396,1523
379469289.828837,6426
379469306.17226,12398
379469323.486325,4830
379469346.085577,11311
379469361.219269,11863
379469381.425254,12510
379469399.312877,12571
379469417.038007,12588
379469435.675834,6767
379469448.777833,2313
379469459.181323,12637
379469480.442292,12675
379469498.241606,2777
379469513.286551,13129
379469538.756556,12724
379469558.063255,214
379469583.37162,117
379469600.276529,1459
379469608.037684,13210
379469621.590462,836
379469636.485715,953
379469653.430509,11428
379469666.461964,12835
379469693.250973,1342
379469714.944523,1418
379469739.395741,1469
379469759.977049,11392
379469772.998543,122
379469785.481681,13077
379469801.638201,10454
379469811.222222,2308
379469819.736035,695
379469829.413656,1552
379469842.798226,12926
379469849.625511,1597
379469860.972712,985
379469878.319386,12897
379469900.716001,12884
379469931.275818,4879
379469945.986095,1044
379469961.042675,12776
379469973.972195,12818
379469989.523321,12914
379470003.736523,9775
379470016.237829,12685
379470027.497352,190
379470034.467557,1455
379470059.410684,1507
379470068.093756,12630
379470078.912558,1163
379470091.323432,12642
379470104.840864,8142
379470126.063704,12571
379470151.134814,231
379470167.994472,1447
379470186.387235,6466
379470206.157302,5983
379470221.096123,12501
379470235.390966,12895
379470254.968689,12528
379470262.716885,12401
379470290.793256,112
379470306.154685,12462
379470320.670437,12490
379470340.211159,5669
379470349.783928,12236
379470361.951772,1522
379470383.183959,6265
379470394.203151,6950
379470412.128611,12213
379470429.531621,1490
379470446.564049,12199
379470455.891056,7777
379470469.421027,12189
379470480.859458,3652
379470493.315251,12251
379470502.211959,205
379470512.727632,12435
379470528.953991,12315
379470536.692802,12333
379470535.92957,12356
379470546.200385,1455
379470563.291363,12348
379470567.862854,12379
379470586.139899,3666
379470606.078859,8061
379470625.623988,2711
379470645.537717,12492
379470657.765251,1433
379470671.72598,11770
379470683.815304,12486
379470692.887424,12536
379470704.305652,1520
379470719.542382,12524
379470740.293524,1021
379470758.867561,12651
379470772.30736,12571
379470778.879739,12648
379470801.101573,12714
379470824.773528,12627
379470834.566829,1652
379470856.224419,6138
379470871.046181,82
379470883.842673,8289
379470900.653188,12708
379470916.728297,1262
379470934.799276,12847
379470955.040533,8935
379470972.253158,12910
379470983.980674,1414
379470999.499104,12870
379471017.846173,12888
379471035.287409,8886
379471061.47024,12967
379471074.818038,1954
379471083.117777,4598
379471101.543091,12952
379471109.718068,13005
379471122.881955,12974
379471136.300742,10302
379471149.678547,8262
379471164.988454,5668
379471182.743751,1519
379471191.930455,1245
379471207.568931,5855
379471222.888467,12820
379471236.646216,12977
379471248.871069,1447
379471266.892313,7527
379471275.567743,12776
379471286.361741,12738
379471305.51509,1567
379471324.98043,13086
379471334.049441,11317
379471346.477494,12791
379471357.720784,1798
379471377.533549,9198
379471389.703852,10720
379471404.519645,1521
379471412.469695,12605
379471433.321283,13035
379471447.122899,12843
379471461.948896,13082
379471470.911468,6366
379471487.414483,12491
379471500.354333,12548
379471520.578656,12460
379471531.960565,818
379471544.14767,7555
379471560.668927,12823
379471569.340038,11959
379471594.758458,12414
379471611.751415,12393
379471620.327983,8701
379471632.7986,5266
379471649.91464,12259
379471668.89542,7914
379471682.522362,12287
379471698.564421,10855
379471710.014523,4152
379471722.936123,4504
379471735.812334,1131
379471746.856098,1523
379471758.253548,12219
379471772.257891,12202
379471782.145148,12258
379471795.668462,8005
379471808.973408,2482
379471821.868578,4438
379471839.858953,12219
379471851.329476,5721
379471868.739504,12566
379471882.840511,12344
379471896.208193,12394
379471909.224887,12391
379471924.47847,8853
379471943.502772,2781
379471953.329914,12806
379471970.937747,8579
379471989.926191,12534
379471999.422911,3255
379472012.562075,3890
379472031.914554,4221
379472035.866803,12516
379472058.407929,12603
379472073.127348,1509
379472095.006685,117
379472109.475541,12796
379472126.308103,12629
379472151.23066,12682
379472162.61562,5978
379472183.144087,2061
379472193.446576,1493
379472211.515333,1529
379472226.956601,1554
379472244.524004,12785
379472261.399825,9832
379472272.709447,1230
379472288.147065,12943
379472310.375685,1457
379472324.667635,9895
379472336.203039,2610
379472360.02529,12977
379472377.701539,12951
379472398.371781,1354
379472405.244401,3152
379472419.20561,13001
379472431.165772,2875
379472442.512763,695
379472463.341318,385
379472478.756637,7866
379472493.373504,3191
379472502.132891,12953
379472521.850629,10534
379472534.493417,12875
379472550.987304,9135
379472572.765056,11095
379472581.759581,12816
379472588.250285,12849
379472608.642577,3016
379472620.024026,12846
379472629.748097,12910
379472647.273418,104
379472664.572131,10010
379472674.785441,8220
379472687.856434,1242
379472706.203034,1467
379472718.304413,3133
379472739.71752,12598
379472749.144767,6456
379472769.224013,6050
379472785.190251,12784
379472817.058633,4323
379472834.897266,504
379472853.133486,12097
379472869.469113,13209
379472887.812975,1551
379472903.244209,1480
379472918.851656,13199
379472928.433661,12903
379472951.876897,1364
379472969.106691,4302
379472983.771898,128
379473000.376422,13232
379473009.687295,12442
379473030.584437,1463
379473038.578357,6562
379473051.066539,9896
379473063.050472,12244
379473079.119587,12257
379473097.16301,3961
379473115.243626,224
379473137.36153,3927
379473163.97623,12305
379473178.610322,1513
379473195.407599,4062
379473211.278471,12385
379473229.921151,11777
379473241.080028,12387
379473260.414349,1495
379473270.243346,12497
379473288.61643,12408
379473294.737382,1319
379473302.342305,13006
379473322.908155,12484
379473330.710561,269
379473345.313048,8465
379473361.489722,2928
379473374.719589,12485
379473397.089781,219
379473411.619192,2011
379473431.638094,12520
379473435.778645,12611
379473447.956502,4974
379473460.311989,12658
379473471.806961,6746
379473490.189985,12844
379473504.077287,12732
379473533.166437,12478
379473551.262073,776
379473575.037407,12767
379473601.991632,5341
379473612.127414,12811
379473629.692842,13029
379473647.186987,9656
379473674.515966,2174
379473694.048429,7872
379473716.425754,12940
379473727.597224,13024
379473746.061511,13204
379473759.707562,13161
379473774.522466,3611
379473786.982011,1120
379473796.897762,1464
379473809.05257,12377
379473823.74173,13189
379473832.979664,2103
379473851.325478,1510
379473866.79105,6196
379473880.655805,301
379473909.201446,1534
379473928.10096,9452
379473934.521295,1486
379473944.931381,236
379473967.255685,7188
379473985.799305,12986
379474000.505338,1445
379474018.571017,1855
379474031.322001,9939
379474042.664699,12639
379474055.50123,10886
379474076.501522,12603
379474091.68287,1532
379474108.899106,12516
379474115.568437,3408
379474127.30707,12521
379474139.116525,7661
379474160.507604,3921
379474169.411204,12463
379474186.086334,12424
379474193.569149,6500
379474214.279928,780
379474224.763107,12448
379474236.977481,1517
379474249.926183,995
379474263.70115,6383
379474275.149311,1456
379474288.124372,2950
379474298.849535,12450
379474324.646461,12313
379474335.13526,12279
379474362.068082,2211
379474375.982725,163
379474389.07956,308
379474403.562727,12346
379474415.221358,7380
379474439.007473,12231
379474450.319306,4951
379474470.485701,6204
379474484.735926,12250
379474505.398082,4329
379474515.203586,2026
379474528.480884,12356
379474544.361465,12334
379474555.284356,12301
379474572.822596,342
379474582.07153,12392
379474594.03979,13235
379474609.003317,12480
379474623.304594,329
379474639.242163,10208
379474658.181903,12498
379474671.199773,10589
379474689.114308,12539
379474704.585235,1432
379474719.823955,3821
379474734.039836,12546
379474738.35457,7770
379474760.694843,628
379474777.382969,4217
379474794.188799,12637
379474803.453083,7378
379474820.580822,1485
379474841.066646,7043
379474855.506247,8776
379474877.37636,214
379474891.524006,1458
379474905.037126,12760
379474918.574038,12889
379474930.616317,12832
379474955.986709,12853
379474970.220385,12916
379474993.716077,13178
379475014.801465,131
379475030.478475,5963
379475053.140319,803
379475061.430066,8054
379475070.523932,2747
379475089.697091,4973
379475108.360647,6925
379475121.035924,12941
379475125.102339,12809
379475145.866186,798
379475171.346264,3855
379475180.546477,9527
379475204.042674,12806
379475221.146078,4912
379475236.516836,9162
379475245.55434,12847
379475258.609871,10333
379475271.196208,12707
379475285.062724,1433
379475302.162557,12756
379475329.011932,12829
379475343.47743,12664
379475360.219652,9578
379475382.878987,8677
379475396.96742,12636
379475403.60854,317
379475412.079363,12664
379475425.328464,12896
379475443.387182,12643
379475456.263909,5656
379475471.38681,148
379475495.639236,12480
379475497.760593,12607
379475514.696963,3210
379475542.953975,7442
379475555.950492,12539
379475575.996713,8542
379475585.224386,6202
379475594.468375,997
379475611.915118,10725
379475624.071148,4010
379475635.445885,6667
379475648.728094,12392
379475667.472135,4869
379475678.820426,192
379475691.85722,1500
379475702.151248,4858
379475718.062996,1494
379475734.584331,8374
379475753.893243,202
379475768.646413,2746
379475782.93101,10837
379475802.987932,5679
379475814.013243,7336
379475827.713455,1950
379475843.148694,1036
379475857.955747,11114
379475876.422152,1507
379475892.684424,9625
379475905.540752,12382
379475921.516389,5699
379475943.553819,12574
379475961.881481,7088
379475967.316032,118
379475990.008319,12481
379476006.058873,4910
379476021.657843,12629
379476042.413133,12527
379476045.779989,12583
379476065.174309,94
379476091.422376,12773
379476106.99585,12559
379476124.715657,2844
379476131.250031,13157
379476159.213342,10661
379476177.349497,864
379476191.467189,2261
379476205.761558,700
379476214.796213,1746
379476233.161176,12968
379476243.222126,7061
379476264.835264,9897
379476281.272232,12891
379476286.182023,650
379476297.211815,113
379476307.272013,6960
379476321.36319,12931
379476336.190719,8441
379476347.008316,1267
379476361.488463,13004
379476370.321689,12908
379476392.13,12974
379476409.49662,1513
379476431.998835,6686
379476450.401944,12029
379476472.09481,2761
379476485.513202,12856
379476502.658326,13049
379476518.995993,1546
379476530.250598,8453
379476543.411654,13190
379476559.525396,1499
379476579.27578,1415
379476589.164873,12790
379476612.54237,1967
379476630.125034,6233
379476654.74549,1512
379476660.10086,10321
379476677.293097,1522
379476692.587579,12613
379476706.946437,1160
379476719.555696,100
379476734.357754,1885
379476754.577116,6263
379476763.945036,12577
379476782.300516,10512
379476794.111742,12552
379476818.577653,1457
379476839.441496,12725
379476854.486579,12462
379476865.926532,1499
379476884.161821,593
379476903.005512,10947
379476919.714674,5337
379476930.198119,13042
379476942.112012,1557
379476952.344839,1534
379476963.178377,891
379476976.998196,88
379477001.348248,661
379477014.641827,1411
379477023.772288,1929
379477033.157957,6855
379477055.558424,9636
379477065.609173,12227
379477085.140147,1742
379477096.009231,12276
379477120.713767,13161
379477135.620137,12797
379477156.143346,12342
379477173.003734,8020
379477181.964205,4487
379477201.855499,7693
379477209.595036,12007
379477227.875281,10273
379477236.741371,186
379477256.841913,13068
379477271.414214,4326
379477283.890044,8195
379477297.380225,87
379477310.558734,209
379477322.866686,6981
379477341.175616,10671
379477357.445137,88
379477370.671745,7515
379477390.372164,1317
379477398.22893,269
379477415.904818,12611
379477439.386764,6016
379477463.360306,5329
379477474.320398,1464
379477484.38561,1531
379477497.017736,12671
379477506.047991,12868
379477523.319057,158
379477545.879345,1461
379477560.640193,12850
379477572.215891,1560
379477584.892309,249
379477593.147817,647
379477607.754281,6913
379477627.700537,12914
379477641.95433,5347
379477657.567313,1483
379477673.070312,6591
379477692.856305,12912
379477711.404272,13045
379477725.069534,1416
379477746.092123,12951
379477765.673399,13179
379477783.003879,763
379477802.015287,13011
379477831.679338,12564
379477866.038065,2964
379477877.966094,5964
379477902.233703,12809
379477914.980655,1396
379477928.459029,7620
379477942.707236,9263
379477966.596091,12695
379477977.460925,11934
379477992.215327,4710
379478003.397908,5333
379478020.286146,12605
379478028.210376,9365
379478049.921562,1291
379478064.061948,2712
379478080.715518,5123
379478093.574447,12528
379478104.302635,5769
379478114.062151,204
379478129.890476,2089
379478147.036198,1294
379478165.786712,1065
379478180.791845,12490
379478195.240661,5315
379478204.700794,1038
379478223.031196,8791
379478242.036259,11852
379478259.259724,1515
379478278.392026,8709
379478293.855193,12909
379478301.771447,12358
379478310.75772,1482
379478328.272121,9835
379478342.678803,12251
379478357.83913,12270
379478379.754956,9736
379478397.518345,2106
379478423.753481,12450
379478434.636698,12280
379478442.693549,12231
379478454.924569,11110
379478470.081246,8018
379478487.800068,1525
379478497.31926,7540
379478511.271781,2233
379478535.81173,5379
379478547.179919,3347
379478565.807316,1464
379478578.126964,12375
379478591.866869,12484
379478608.961739,1467
379478622.201343,12474
379478636.932507,12873
379478652.814447,9066
379478670.555838,12883
379478676.87799,2885
379478707.682934,12455
379478730.725649,12610
379478740.087944,8501
379478756.192808,12684
379478786.592286,12965
379478817.577247,12641
379478835.157566,12812
379478849.900764,12773
379478859.546011,12755
379478873.751023,1456
379478884.264077,3310
379478899.82629,4156
379478915.46056,4367
379478932.420887,1449
379478951.141077,10653
379478959.769108,5440
379478978.486851,1458
379478992.350099,3710
379479017.62256,115
379479029.529056,12972
379479045.864254,3196
379479056.762742,1485
379479063.993714,3507
379479079.848217,1868
379479111.281755,12951
379479125.265098,6393
379479141.898015,138
379479154.538174,5204
379479169.560873,2817
379479181.244178,1486
379479203.525479,12840
379479215.409365,2081
379479230.800401,634
379479254.039805,2420
379479263.314511,1513
379479281.187124,1429
379479300.250961,12652
379479311.08206,12736
379479335.598678,12642
379479350.289776,12686
379479359.997685,12648
379479369.533803,167
379479389.198434,787
379479414.769922,660
379479437.397053,2812
379479450.623091,942
379479472.242041,12513
379479491.573362,1485
379479504.845314,13012
379479536.368654,1458
379479545.844905,12418
379479559.534923,9459
379479576.073492,9413
379479587.606497,12516
379479598.923863,12624
379479622.324429,5856
379479632.197989,1437
379479651.256649,12282
379479661.967754,12220
379479671.380224,1432
379479680.355481,212
379479696.165209,12855
379479712.55798,12641
379479721.790331,6020
379479736.263381,149
379479748.237299,12215
379479757.432972,319
379479766.130418,297
379479781.47429,12302
379479793.275151,12312
379479807.530522,847
379479815.308699,12470
379479831.251071,12333
379479836.17038,12356
379479850.720383,12447
379479862.764048,990
379479881.240039,8743
379479901.229729,1224
379479927.033737,6621
379479938.660131,2045
379479954.472995,12648
379479976.823839,13058
379479994.656802,13173
379480016.294105,12596
379480036.842335,8948
379480049.272059,10431
379480067.599965,12646
379480084.055789,422
379480098.937119,1472
379480110.607159,6341
379480125.358251,12668
379480135.967714,9411
379480160.034056,970
379480167.186589,12769
379480175.173915,10016
379480191.395164,1028
379480208.853105,2011
379480227.336528,12795
379480234.070125,5451
379480251.317571,649
379480261.900877,417
379480276.789761,330
379480290.374084,12905
379480311.284475,12893
379480324.362242,3036
379480343.68096,119
379480352.213373,12947
379480369.740003,13118
379480386.811073,1596
379480407.895215,7220
379480416.009245,12948
379480428.81737,9325
379480451.439549,12965
379480467.638881,12934
379480475.932036,1448
379480492.317941,1111
379480508.974347,13040
379480520.656829,13008
379480531.120408,12774
379480541.669342,5987
379480558.266044,12741
379480571.274078,12708
379480580.290974,12749
379480590.75128,4041
379480613.324738,12644
379480619.56455,12914
379480637.966981,4406
379480648.242818,1459
379480656.422635,4409
379480668.771567,12612
379480690.490288,556
379480705.232591,113
379480734.186369,12542
379480753.593034,7551
379480762.079539,1410
379480770.546413,8151
379480785.171054,1535
379480803.043434,12498
379480821.994089,12438
379480832.480003,4658
379480841.961176,943
379480854.668551,827
379480867.921448,1550
379480881.808753,1447
379480899.411328,5050
379480910.665931,1608
379480920.402248,12321
379480937.21634,2154
379480944.119807,1226
379480973.362265,9889
379480984.116732,1472
379480991.62183,2648
379481000.774216,12194
379481011.07213,4598
379481022.604042,791
379481041.660573,10959
379481048.463334,1559
379481058.29319,96
379481066.326645,12877
379481078.673809,2802
379481089.08915,12292
379481097.005798,12754
379481107.004912,12237
379481124.894038,951
379481134.187272,137
379481140.443814,4925
379481151.483376,12346
379481166.261495,1489
379481173.17815,2778
379481182.393259,1363
379481195.763598,1461
379481210.880556,12407
379481219.198068,8043
379481232.111168,10610
379481238.932926,463
379481245.311743,369
379481248.238072,826
379481260.723697,3463
379481272.603686,10160
379481288.331039,4620
379481301.418018,12456
379481308.902066,12529
379481318.691569,1752
379481332.511956,11474
379481339.524211,12567
379481356.574888,234
379481359.643396,12637
379481372.998414,1529
379481384.097366,1448
379481392.925302,308
379481404.6777,8597
379481412.989427,297
379481422.344102,824
379481434.598654,2930
379481447.854902,1507
379481453.665232,662
379481469.695914,12691
379481483.820739,12768
379481496.579408,2729
379481504.99356,711
379481517.560069,1395
379481521.285071,2521
379481526.878645,12782
379481536.144227,11535
379481548.686577,12817
379481557.777383,1489
379481565.094374,1454
379481578.285738,7204
379481585.782818,6368
379481598.926325,12852
379481614.173932,4854
379481631.957067,660
379481637.359682,6862
379481647.903577,13024
379481655.080637,8314
379481666.734986,10733
379481678.416533,9281
379481686.010157,4538
379481702.42404,1759
379481712.517983,3386
379481730.585346,3543
379481741.860271,188
379481756.808394,228
379481766.074647,1705
379481780.265013,12936
379481790.949625,9094
379481797.66031,3363
379481809.604124,1457
379481822.103789,12865
379481825.737316,1353
379481836.794518,696
379481843.617415,3628
379481859.324162,12871
379481871.752034,1427
379481882.196093,8726
379481889.138848,1397
379481896.027966,7168
379481903.839632,12909
379481912.181505,150
379481919.264285,12689
379481921.736848,430
379481934.993192,2093
379481948.525321,12719
379481958.893671,12682
379481967.193025,7403
379481974.956838,1930
379481987.804691,12639
379481993.39409,5885
379482001.808006,9161
379482008.184727,4285
379482017.372024,5431
379482028.239413,2937
379482033.182238,12595
379482049.53351,12915
379482063.552565,12602
379482069.157203,1365
379482079.102439,1574
379482083.861753,13139
379482096.91094,12543
379482106.983629,435
379482112.962394,12858
379482116.90283,12533
379482126.0084,1140
379482140.740717,768
379482151.142278,2119
379482162.907392,493
379482166.905969,1483
379482174.468533,5476
379482185.373316,12369
379482192.606556,95
379482200.424073,1870
379482211.738631,1481
379482233.918892,13203
379482244.952084,12598
379482256.325295,8185
379482267.474239,12964
379482281.325841,582
379482293.48246,12311
379482304.629623,7013
379482311.371584,130
379482322.880358,9663
379482340.160218,4641
379482354.516034,12181
379482374.621071,6233
379482389.660529,179
379482402.094272,12210
379482420.019533,12324
379482432.519745,193
379482443.785078,111
379482455.507184,12325
379482469.804839,10359
379482486.845783,12306
379482496.18354,2017
379482513.480293,125
379482526.092181,2027
379482535.675038,6618
379482554.259294,4594
379482564.023351,5903
379482571.964885,4890
379482582.295584,8425
379482592.489361,12412
379482600.727639,1518
379482608.583207,1480
379482616.385328,1348
379482632.635572,2412
379482644.432452,12482
379482652.551768,9425
379482669.493743,6842
379482678.679257,7932
379482695.567732,569
379482705.635681,153
379482718.147247,2335
379482729.954503,12610
379482740.220798,12620
379482753.342364,1498
379482766.313905,1032
379482779.02307,2799
379482785.032995,5561
379482799.680076,1214
379482811.670067,12688
379482822.775199,7693
379482835.378368,5130
379482846.471641,12853
379482859.112306,668
379482868.287733,168
379482874.934272,12892
379482882.505843,10934
379482895.267319,123
379482905.101132,9792
379482919.410156,1888
379482929.120948,1048
379482936.9354,5242
379482946.147102,1501
379482953.450307,1014
379482971.32316,11723
379482974.956091,1426
379482983.615735,2707
379483002.292802,4042
379483010.876154,1502
379483021.638559,13215
379483031.580792,13038
379483042.975204,12989
379483053.647579,13018
379483069.985608,4423
379483070.292724,8128
379483080.745097,8158
379483085.050662,185
379483097.141817,344
379483104.813617,2669
379483110.908402,8736
379483124.500458,6414
379483133.559954,13199
379483144.867463,1503
379483154.879662,497
379483162.563675,4399
379483169.238398,12811
379483179.913899,12985
379483184.870161,1066
379483200.007522,12798
379483211.576705,12772
379483222.928834,12713
379483238.458244,12822
379483247.891827,12741
379483253.903611,9065
379483261.465685,6163
379483272.871363,245
379483276.632353,9834
379483291.719951,8352
379483304.317638,12732
379483310.407325,3034
379483327.743883,329
379483334.420359,3031
379483340.844714,12655
379483347.449965,3756
379483356.389211,9555
379483364.636989,13251
379483376.712231,1226
379483386.773159,12582
379483398.928826,11043
379483410.953753,1368
379483416.259507,6671
379483425.796262,1457
379483436.439165,1122
379483446.963803,4150
379483456.31957,4065
379483460.867218,1208
379483471.89386,3459
379483479.639495,4565
379483485.162415,1816
379483495.784499,12415
379483503.386647,12489
379483512.865814,3896
379483520.966455,12382
379483528.613282,12174
379483538.231749,997
379483547.618446,1143
379483556.420647,923
379483562.433822,977
379483570.847711,3276
379483581.070421,1756
379483585.824256,12313
379483598.127514,12249
379483602.70233,6630
379483606.471071,823
379483615.831793,254
379483627.122017,6838
379483636.084258,12841
379483642.327364,854
379483648.650571,3139
379483656.592439,2713
379483662.424857,3717
379483668.569177,12201
379483678.025106,1488
379483684.643404,7137
379483691.471898,12799
379483695.948793,4220
379483709.842438,5821
379483716.985621,12202
379483727.481146,12496
379483734.566595,6660
379483744.448074,3251
379483750.096482,3699
379483755.361091,3632
379483760.038606,188
379483769.393883,12289
379483776.001393,1925
379483784.512372,6111
379483788.247968,7438
379483793.693058,9931
379483798.940431,12273
379483805.278829,2298
379483809.808597,3008
379483821.316812,907
379483826.620654,456
379483833.955836,7593
379483839.939492,3809
379483847.038856,12456
379483852.974955,351
379483856.865639,377
379483862.697732,9210
379483868.507072,1068
379483873.660804,1583
379483880.21892,325
379483883.855953,9073
379483897.044859,12414
379483899.178229,2439
379483900.086036,12465
379483907.653969,12555
379483917.190316,12521
379483924.292239,97
379483927.586562,582
379483928.888226,11523
379483933.990579,167
379483939.644326,6287
379483944.635304,436
379483954.187619,1378
379483959.177389,11537
379483964.538866,193
379483971.851191,197
379483976.315413,12756
379483982.838176,3521
379483991.956189,12574
379483996.248785,3130
379483999.634915,1710
379484007.296912,2251
379484013.074462,12590
379484021.787412,1464
379484026.899457,1883
379484032.604034,977
379484038.9182,1679
379484044.467064,4987
379484046.924679,12680
379484051.250556,13235
379484058.475083,323
379484067.864682,124
379363656.089062,4518
379363657.098811,6045
379363662.585425,9614
379363664.277101,787
379363673.543825,12477
379363678.638123,1481
379363679.753511,1675
379363686.93131,3881
379363692.693958,422
379363695.586231,1199
379363702.896766,1245
379363704.180868,755
379363708.973145,13394
379363716.574993,11616
379363720.766326,8439
379363721.236968,2374
379363724.41234,1082
379363729.850263,3185
379363732.167432,6361
379363735.370457,6274
379363737.910885,4262
379363739.785839,1128
379363742.102834,255
379363747.617441,1514
379363751.96153,10239
379363754.121359,1024
379363758.73873,3128
379363761.396566,513
379363766.728788,13231
379363769.274475,1711
379363773.787724,2182
379363776.106922,4700
379363778.922511,2078
379363781.784306,616
379363786.95532,3085
379363791.175278,5996
379363792.37203,11339
379363796.184078,2086
379363799.603867,8880
379363802.84485,2232
379363806.861389,644
379363808.905338,9148
379363810.261298,2368
379363813.62742,1145
379363816.960759,13218
379363821.194124,1201
379363824.523383,1001
379363827.76718,435
379363832.680152,309
379363835.749107,270
379363839.017073,3884
379363841.89501,2000
379363844.069335,683
379363849.100089,2205
379363854.31235,1254
379363857.909041,5917
379363863.535834,2790
379363863.782705,3014
379363866.568137,5957
379363871.193127,2257
379363874.537616,2367
379363874.89348,2234
379363878.57737,815
379363882.888602,5691
379363885.023919,3619
379363887.783942,2595
379363891.46033,2965
379363894.243724,1261
379363897.394691,1542
379363898.966785,955
379363898.669092,2175
379363903.263242,397
379363909.783987,1121
379363912.101546,4324
379363914.204546,2444
379363918.497336,741
379363919.723148,310
379363923.867379,13034
379363921.711069,1528
379363926.297369,8417
379363927.907262,2406
379363932.269081,3457
379363931.873237,13143
379363935.519536,13378
379363939.045039,13050
379363942.132851,9283
379363943.988264,3896
379363946.972406,308
379363952.078117,4338
379363952.793137,2021
379363955.527641,2517
379363959.956868,1501
379363960.430444,1814
379363963.650429,10124
379363967.459719,13015
379363969.814167,1479
379363974.673011,1630
379363975.778168,192
379363977.325158,1208
379363981.115189,614
379363982.642162,5363
379363983.30554,228
379363985.136893,6228
379363990.565485,768
379363991.523512,1505
379363996.154049,906
379363999.09435,310
379364003.035435,809
379364005.837388,488
379364010.878211,1041
379364010.490285,1194
379364012.767122,155
379364017.891428,5708
379364022.391765,2975
379364025.233098,842
379364029.585702,5812
379364030.18127,211
379364031.022842,6096
379364034.419791,816
379364036.627695,2242
379364039.70909,7007
379364044.144019,10277
379364047.347525,108
379364049.649216,1212
379364054.233886,3821
379364060.646641,1555
379364063.381694,12910
379364070.699731,1919
379364076.875005,1899
379364078.221209,1629
379364082.59756,12119
379364089.412536,2404
379364092.025132,5516
379364097.971649,12422
379364096.335273,2726
379364102.3499,10324
379364106.090702,510
379364109.134699,963
379364113.343879,1661
379364117.301666,711
379364119.563736,208
379364124.916282,467
379364130.541042,12926
379364134.232118,3366
379364135.343018,2404
379364143.009729,2525
379364149.555208,12752
379364151.99898,12827
379364159.572472,5111
379364160.61582,8881
379364162.247083,12358
379364170.312189,1414
379364174.679256,2585
379364177.291046,4770
379364182.849657,9991
379364184.005504,5860
379364187.423438,4102
379364190.03076,12779
379364194.976591,10686
379364199.33305,12728
379364201.348418,4779
379364206.996976,7215
379364211.688256,7965
379364214.330626,12756
379364218.857179,8201
379364223.330646,229
379364229.20113,707
379364230.851761,6963
379364235.946162,1695
379364238.1866,10741
379364244.265212,416
379364249.107746,2451
379364254.798654,6543
379364261.846162,3868
379364263.654169,8465
379364267.885149,2874
379364270.60274,274
379364280.094186,12673
379364284.963133,128
379364288.374468,8314
379364291.216994,3554
379364296.496514,9715
379364303.373919,6859
379364306.795641,441
379364312.572061,5846
379364316.010311,1049
379364320.325874,2461
379364326.146745,12552
379364329.477891,880
379364334.140016,3084
379364335.289424,1072
379364338.631536,1393
379364343.361471,1178
379364346.915386,6781
379364351.129144,12592
379364353.99535,12724
379364356.597292,11062
379364365.896306,11035
379364368.117615,2201
379364370.191005,876
379364372.756206,4842
379364377.750705,9253
379364379.049105,6301
379364385.599148,131
379364387.874699,1217
379364389.50192,5478
379364391.983125,2499
379364395.604392,158
379364397.369191,1488
379364402.635066,872
379364406.845338,7947
379364410.574363,3159
379364413.39793,10185
379364416.041224,2987
379364419.257121,8169
379364424.571983,1190
379364433.363719,324
379364433.803792,324
379364439.896794,9617
379364443.463261,9544
379364444.006101,7567
379364450.884921,4820
379364452.095088,12758
379364458.005885,8464
379364463.588699,3747
379364465.349875,4765
379364469.619364,9298
379364472.893997,1465
379364477.170831,1470
379364479.62657,3816
379364481.547021,12799
379364484.39842,1583
379364487.287923,5524
379364487.444752,2500
379364490.246155,1109
379364492.028507,4841
379364495.601666,12883
379364500.5542,12736
379364500.531033,1717
379364505.395603,4344
379364508.088839,576
379364510.473991,6175
379364512.963791,4569
379364514.892332,12714
379364515.965092,12900
379364518.69614,434
379364521.068082,960
379364523.182263,957
379364526.83487,3436
379364529.715657,520
379364530.322984,1583
379364533.050585,12834
379364536.220698,2886
379364539.55046,320
379364541.660846,414
379364544.644172,1645
379364545.80341,2532
379364551.470611,1692
379364553.365979,2669
379364558.319507,213
379364560.798837,535
379364562.091805,669
379364564.698633,2268
379364567.371486,5194
379364571.234932,7487
379364570.76205,1851
379364571.218938,4473
379364571.505746,10111
379364574.167795,5113
379364574.24005,12935
379364578.385263,4781
379364581.285703,2654
379364583.487929,12902
379364584.444676,435
379364588.286852,6396
379364590.799801,12914
379364594.444659,13000
379364595.444669,7473
379364597.453573,264
379364602.540555,569
379364600.59139,9342
379364604.841874,1083
379364606.806945,12892
379364607.112782,1259
379364609.597333,935
379364611.185348,13149
379364611.159629,395
379364614.024112,605
379364617.76926,9276
379364620.755178,1891
379364622.577474,143
379364623.181458,3140
379364628.32014,12905
379364627.673945,13250
379364628.664743,1216
379364632.049392,9673
379364636.216506,13016
379364638.296024,9966
379364637.999674,267
379364642.566546,102
379364645.412616,3155
379364645.863455,2034
379364647.590906,1056
379364650.737466,6835
379364652.33057,7054
379364654.628098,12996
379364662.140182,9708
379364663.084933,823
379364662.825409,1481
379364667.216983,8873
379364669.167693,13054
379364671.347213,9722
379364673.317461,12998
379364677.291439,404
379364677.245463,13044
379364679.365138,2909
379364685.660305,1929
379364687.837375,7122
379364689.935503,183
379364695.707342,13057
379364700.523023,12044
379364702.726866,9121
379364704.918393,1357
379364709.516061,13484
379364717.58843,2199
379364723.699764,12726
379364728.839505,2832
379364735.981079,5069
379364738.420838,1508
379364745.64727,5370
379364753.254086,1036
379364754.64725,1947
379364756.627377,6395
379364761.453364,4329
379364765.128936,2046
379364766.817674,6206
379364768.839608,11958
379364773.210504,2792
379364772.318006,1046
379364778.077428,13238
379364781.110162,13201
379364782.72598,147
379364785.124308,2182
379364791.473855,13116
379364792.098163,13187
379364794.525171,1421
379364796.453621,9165
379364798.767232,762
379364802.563877,282
379364806.409133,4472
379364805.534509,13237
379364809.388484,2393
379364814.914244,2644
379364814.897531,322
379364820.085113,7354
379364820.575709,5222
379364821.694665,5429
379364822.250545,1651
379364825.87055,6558
379364827.204242,331
379364830.227984,3008
379364831.390199,3486
379364834.529914,13214
379364836.702421,236
379364838.875652,233
379364842.508063,243
379364844.657821,774
379364847.68517,1166
379364848.640137,577
379364850.666649,1334
379364853.144339,11940
379364855.412594,1133
379364858.646069,170
379364861.304053,5500
379364864.290382,197
379364868.964324,190
379364872.628966,3792
379364874.104526,4256
379364875.442035,1764
379364880.336192,5221
379364881.931318,13222
379364884.045924,2650
379364888.028275,946
379364889.623795,225
379364891.98231,2387
379364896.987012,7748
379364902.869304,7255
379364905.290349,4123
379364909.16838,2397
379364910.690431,6760
379364912.219384,11622
379364915.319092,2000
379364919.710465,1385
379364921.161897,1175
379364922.531412,5829
379364928.886518,5708
379364931.051395,13281
379364930.660484,1164
379364934.603389,127
379364938.499319,206
379364941.175763,1520
379364943.214141,852
379364947.83824,3054
379364951.408099,375
379364951.527848,5462
379364955.426843,1915
379364957.381656,13027
379364957.925594,1559
379364961.742976,5895
379364963.182754,12165
379364967.532756,944
379364970.336162,791
379364973.452405,1292
379364974.827162,340
379364979.306054,2192
379364979.725848,6543
379364983.235699,12499
379364983.29478,1779
379364984.997802,968
379364984.927285,4719
379364988.3223,2318
379364990.961459,1586
379364994.19547,1870
379364996.5586,680
379365000.173279,406
379364998.607712,698
379365001.773747,2894
379365005.966022,10354
379365008.829759,290
379365013.241289,2363
379365012.388167,1123
379365015.837834,892
379365016.467568,7980
379365023.369869,330
379365024.266901,5002
379365026.528737,1665
379365033.743901,674
379365036.295185,1926
379365036.932519,1623
379365041.02146,12980
379365043.502491,1844
379365051.541353,700
379365053.560728,3013
379365055.069262,8765
379365058.283888,4441
379365064.621943,4049
379365067.795327,4094
379365068.631951,206
379365074.354977,1660
379365079.608152,485
379365083.18847,1174
379365085.192929,327
379365086.799842,1990
379365093.744267,13246
379365097.210919,151
379365099.628593,227
379365104.514352,6813
379365109.794014,9812
379365112.673193,13283
379365119.798909,13204
379365120.31934,2241
379365129.088984,5304
379365133.960703,4943
379365137.258474,5477
379365140.737362,1070
379365141.90932,1834
379365147.394562,13166
379365149.204235,6107
379365153.93457,12940
379365158.725078,13240
379365165.858711,5544
379365167.114069,3121
379365169.680035,4785
379365173.852259,224
379365178.487918,2925
379365183.232823,13121
379365185.271681,2399
379365188.920552,13318
379365193.156338,13176
379365200.418087,678
379365205.455221,138
379365206.852485,630
379365210.860971,636
379365217.945567,2865
379365220.423684,2654
379365222.140952,131
379365228.419889,7387
379365230.966168,4173
379365237.962365,2941
379365241.580627,13134
379365245.611765,348
379365248.0934,10089
379365255.11781,1432
379365256.40946,3436
379365261.687377,5173
379365264.499447,604
379365265.953454,1846
379365268.4683,1055
379365277.100702,2257
379365278.820036,13123
379365281.721945,219
379365285.149981,1457
379365289.872706,4994
379365293.257555,6803
379365297.751276,11853
379365301.087953,1262
379365303.402707,13034
379365305.826476,513
379365312.012634,1172
379365312.6702,179
379365320.151082,1812
379365322.647365,7158
379365327.750538,10733
379365331.880525,9615
379365336.683479,639
379365338.771477,8621
379365348.17781,12744
379365351.632461,8429
379365355.424437,865
379365359.311633,6675
379365363.794268,1993
379365364.47022,710
379365371.942408,5567
379365374.098084,4661
379365376.073655,13058
379365380.455664,386
379365382.617799,2412
379365387.195328,2441
379365388.468937,3247
379365395.340935,12880
379365397.178634,127
379365401.332001,1488
379365405.856061,1042
379365409.043412,6981
379365413.025242,4183
379365417.268164,13621
379365423.168612,1904
379365427.833451,12491
379365431.989924,4230
379365437.988889,1617
379365444.930777,579
379365448.548996,12745
379365452.629798,3573
379365454.990711,2567
379365457.481264,5412
379365463.011485,3767
379365467.643741,593
379365471.984278,12749
379365475.258203,10177
379365481.348367,12747
379365481.720193,2628
379365481.947297,457
379365491.576915,2625
379365495.654458,1846
379365501.212619,9430
379365500.483664,12936
379365507.284612,12772
379365512.093258,4590
379365517.155219,889
379365521.969358,1226
379365527.256164,13468
379365528.203336,12722
379365533.868598,3746
379365540.066806,3407
379365547.622254,2178
379365549.82037,12814
379365558.359789,12628
379365564.079919,912
379365568.878597,12633
379365570.011467,12634
379365579.864739,12686
379365582.002215,195
379365585.770254,11361
379365588.21321,389
379365591.345613,12654
379365594.895613,12630
379365597.252788,708
379365601.307699,2767
379365607.913129,11546
379365613.148022,12612
379365614.166662,12623
379365621.152519,1927
379365622.886258,4432
379365626.363059,1646
379365633.484049,12523
379365636.932678,2793
379365640.606132,694
379365640.90977,8945
379365644.42706,12584
379365649.758171,12568
379365652.590048,1798
379365655.18676,1174
379365659.730181,1577
379365661.440407,391
379365665.809538,8659
379365666.662298,7695
379365670.996156,12751
379365675.20095,7726
379365678.7209,9298
379365679.300122,4655
379365684.428998,1534
379365687.147924,4516
379365693.304448,12613
379365697.001965,12622
379365701.271304,12607
379365703.242553,167
379365706.032144,12631
379365708.052089,615
379365711.098341,244
379365714.40841,5630
379365718.057631,2120
379365718.94185,12425
379365722.34061,631
379365725.017749,2826
379365726.023854,2709
379365729.346401,2437
379365735.447732,10197
379365737.757552,12667
379365741.182036,2737
379365743.369407,8937
379365746.261684,3742
379365749.920796,12670
379365752.673368,11186
379365752.419614,12730
379365755.983206,9499
379365757.498856,340
379365761.714136,2444
379365765.598717,1831
379365768.806073,834
379365771.845467,1706
379365772.877088,9702
379365774.079411,12772
379365775.662807,4611
379365780.09526,12876
379365781.894536,12750
379365787.746166,1487
379365786.138283,277
379365789.588756,12769
379365790.953857,12782
379365794.573876,7978
379365799.302168,13013
379365799.399483,5326
379365803.076258,12767
379365805.521384,11396
379365806.867018,12830
379365813.425924,13571
379365816.209378,7611
379365819.368202,5376
379365821.552702,7966
379365822.288652,12806
379365825.855907,12950
379365827.670887,1461
379365829.819323,5403
379365830.13362,5537
379365837.575124,12787
379365840.16242,4741
379365837.925817,12848
379365843.650636,4680
379365847.761983,330
379365852.577318,12792
379365855.509309,616
379365855.281819,7514
379365857.739138,7398
379365859.830784,975
379365863.305164,2004
379365866.43408,7253
379365868.914549,2653
379365872.185133,10397
379365872.648106,3886
379365874.856005,905
379365877.348603,200
379365883.046107,3449
379365885.220698,4762
379365887.111232,12237
379365887.083368,12939
379365891.626461,1121
379365894.311546,12877
379365896.796876,5529
379365897.701485,6104
379365901.804326,9356
379365906.493241,570
379365908.93528,13104
379365915.475947,12188
379365917.696083,4601
379365921.226148,13475
379365925.860337,4335
379365927.26023,4432
379365930.053282,5807
379365935.981854,1528
379365936.681951,9627
379365940.599287,13592
379365942.278669,3266
379365947.355715,12977
379365950.378499,12969
379365951.333795,12988
379365953.447401,1803
379365956.002505,11217
379365959.288106,13060
379365960.426383,8700
379365964.465811,559
379365968.848402,7125
379365971.09184,1590
379365972.213686,5644
379365975.749084,2749
379365978.731215,13568
379365984.64782,1759
379365987.115736,13071
379365988.983005,13397
379365991.034612,10468
379365995.709963,13051
379365996.778087,785
379366003.29252,9449
379366009.102037,491
379366009.70253,265
379366012.355857,13002
379366015.260679,13101
379366019.863999,8955
379366023.581804,10983
379366025.722257,1583
379366031.844837,5943
379366033.19012,13116
379366037.902852,2832
379366042.795603,12101
379366047.455718,13061
379366048.54253,1868
379366052.617321,1665
379366055.662695,352
379366060.326417,105
379366064.243467,13071
379366067.667809,5470
379366069.690362,13118
379366072.516287,1693
379366078.159471,112
379366080.534819,603
379366084.277484,4604
379366088.343668,2641
379366090.059661,4055
379366095.650315,3756
379366098.132081,763
379366103.651626,1033
379366106.208269,4479
379366112.000318,13176
379366114.04665,1194
379366116.608762,13222
379366121.588281,643
379366123.844094,13163
379366131.373582,13200
379366135.643307,1442
379366139.946588,13293
379366144.453644,8986
379366150.709018,593
379366153.782613,13286
379366154.900097,13261
379366162.1781,12558
379366162.776699,9275
379366169.046862,13230
379366172.347429,6112
379366176.754123,13254
379366182.955776,6856
379366186.096992,7265
379366192.430059,2090
379366194.926516,4922
379366198.387165,13260
379366201.184404,11737
379366202.74937,3912
379366206.543909,5865
379366208.149616,1364
379366210.015985,4590
379366212.843482,1825
379366219.535367,2786
379366219.20584,2033
379366221.212866,684
379366223.139938,769
379366225.231592,6556
379366229.81613,1949
379366228.658226,2470
379366234.767471,2144
379366237.409592,12851
379366240.407767,4295
379366241.071029,3467
379366248.095763,6693
379366250.872491,13467
379366253.439729,12317
379366258.645373,13292
379366260.079226,11438
379366264.703689,5917
379366267.749735,7611
379366269.935979,1192
379366274.201655,3485
379366275.882748,107
379366278.189933,8200
379366281.270224,2423
379366283.143414,13384
379366287.571128,2016
379366292.031496,7568
379366293.041917,13224
379366297.574487,4453
379366297.816095,3113
379366300.94745,13400
379366305.760717,4229
379366306.696669,2942
379366309.55997,9374
379366314.171981,5396
379366315.749682,4808
379366320.221846,1010
379366322.101791,544
379366324.675649,1611
379366328.847651,6485
379366329.158538,3218
379366331.794545,3620
379366335.56073,2313
379366337.710951,1441
379366344.209752,9532
379366346.027389,877
379366348.973033,1587
379366351.797079,6128
379366356.969732,13340
379366358.634086,10406
379366362.326331,170
379366364.202534,2754
379366366.150537,6499
379366369.335598,8485
379366374.963334,7976
379366376.10078,13320
379366379.816683,2242
379366387.552571,4820
379366393.898223,7574
379366396.526147,776
379366397.128835,5851
379366403.338379,1955
379366405.594218,4346
379366409.655847,2138
379366412.924646,10263
379366418.815166,8467
379366421.073896,4656
379366426.742279,5995
379366432.864117,4725
379366436.853785,171
379366440.43838,3962
379366442.384202,2542
379366452.563157,4412
379366455.105202,13250
379366461.188596,1656
379366462.207826,1460
379366469.083088,11931
379366474.522366,8382
379366474.718525,2560
379366477.538324,9343
379366484.206524,3379
379366486.981366,13316
379366492.626267,4715
379366494.840288,13188
379366495.43457,6556
379366504.932131,2452
379366503.265903,3596
379366506.144632,13188
379366510.737909,5047
379366512.490818,5027
379366518.221236,1120
379366522.582771,4187
379366525.55363,9844
379366527.942348,528
379366533.281137,6014
379366532.882939,13291
379366539.573932,1280
379366540.101832,13067
379366542.730429,4535
379366545.096707,6952
379366552.547604,2687
379366555.667876,12427
379366562.385157,8404
379366566.033136,4692
379366573.578765,13077
379366580.60332,13013
379366583.718884,155
379366587.05054,1469
379366599.121808,512
379366600.391798,2764
379366606.384372,1134
379366606.39386,6350
379366608.8887,862
379366612.457491,13114
379366619.916761,8717
379366621.379265,193
379366624.388024,3256
379366626.596057,4089
379366630.146147,13073
379366635.161298,13041
379366640.648305,5814
379366642.678055,10648
379366649.137335,13583
379366654.554573,297
379366660.270648,11641
379366662.742393,5533
379366668.517981,3679
379366674.741347,6542
379366679.591166,12210
379366682.962455,2549
379366686.363841,1743
379366694.062257,10621
379366699.172714,5407
379366705.11533,4176
379366706.177067,12926
379366710.273734,5044
379366711.883837,5212
379366715.605017,8175
379366717.726225,5620
379366718.778817,12931
379366720.319987,5309
379366723.473463,4806
379366725.048381,646
379366725.331771,1881
379366726.886958,1454
379366728.937431,2620
379366730.131923,1869
379366732.868878,898
379366735.185721,196
379366739.553067,12828
379366738.89905,3462
379366742.181791,842
379366742.630636,3274
379366743.711355,7363
379366745.018285,1313
379366749.841886,9837
379366751.462211,1052
379366752.331103,12845
379366753.928823,5832
379366755.756829,5365
379366761.914981,1712
379366764.144019,3042
379366768.601926,12921
379366775.596723,12822
379366779.475943,8169
379366785.852724,4348
379366793.058612,5955
379366796.340938,633
379366802.355283,13013
379366813.751085,13232
379366821.213366,12865
379366829.045335,11228
379366833.337315,12758
379366833.664884,4351
379366838.946476,12839
379366843.658449,12785
379366849.669449,4308
379366857.104038,2011
379366864.155954,12713
379366870.881257,12698
379366879.139483,12672
379366885.596011,12660
379366894.32906,12836
379366905.820417,11907
379366914.483703,7441
379366923.095096,2188
379366931.906149,5435
379366935.703012,12614
379366941.579062,1748
379366949.787339,12550
379366954.793414,2215
379366958.656553,8924
379366965.861609,3287
379366971.04316,3672
379366973.563352,670
379366978.588454,4715
379366984.020032,3963
379366986.811064,9209
379366992.179972,1214
379366995.152404,3221
379367002.072788,2279
379367006.913591,1521
379367009.052094,5261
379367012.301621,9603
379367013.928908,2648
379367015.774496,7021
379367020.548475,11501
379367021.716005,533
379367024.446063,1423
379367030.745261,134
379367029.868733,12684
379367032.981578,9605
379367034.603949,2115
379367037.157865,12661
379367038.827966,639
379367042.026183,5351
379367048.789321,12592
379367050.83065,3589
379367052.787492,7413
379367057.370144,6101
379367061.203687,9332
379367067.258364,7089
379367071.241273,12740
379367074.082727,13001
379367077.14288,2327
379367082.418761,12834
379367090.465602,12680
379367095.367996,7974
379367097.042729,389
379367103.292488,12722
379367105.602583,920
379367107.278654,12742
379367113.511122,12710
379367115.032324,1514
379367119.788293,510
379367125.084033,4566
379367128.356587,1304
379367133.707077,12722
379367137.006904,13134
379367142.253213,4632
379367145.568238,4846
379367150.175623,12801
379367157.387391,4199
379367158.943113,5389
379367164.189233,7566
379367169.147523,7935
379367171.816828,12860
379367179.181375,4001
379367180.005222,5226
379367189.467142,433
379367193.866412,12915
379367203.451843,3734
379367212.542704,3171
379367222.987637,647
379367229.509147,867
379367237.261654,12872
379367244.799379,7341
379367256.368158,8479
379367266.044831,12620
379367275.307173,3912
379367279.838333,13001
379367292.677134,12992
379367305.487571,1901
379367310.872759,966
379367319.811627,156
379367329.899319,6464
379367332.650298,3659
379367343.341097,12994
379367354.184507,5493
379367365.123443,1474
379367370.203807,13098
379367379.198711,13207
379367382.479184,1063
379367388.36415,9295
379367394.76676,13074
379367402.091809,13078
379367404.620126,5914
379367412.678556,1482
379367417.879594,5468
379367426.007914,10065
379367426.392829,11178
379367433.654539,13172
379367439.396456,418
379367445.61466,13151
379367450.768867,8957
379367460.209077,13235
379367474.086507,13196
379367486.986503,398
379367495.202704,5017
379367504.70227,471
379367516.053965,4780
379367521.717651,9529
379367532.688687,1476
379367539.884818,785
379367547.19242,12054
379367554.228133,13365
379367567.60014,13506
379367583.690279,9565
379367587.725956,1500
379367604.725063,13370
379367620.65645,4196
379367638.967284,8023
379367647.553722,13466
379367663.061202,13391
379367667.476233,1113
379367674.785607,8020
379367678.111987,5954
379367686.089361,2269
379367687.610813,13364
379367691.370511,8484
379367695.786767,5884
379367699.160133,13334
379367703.767966,836
379367709.09172,7390
379367713.981595,13336
379367720.754608,10144
379367724.038184,1604
379367729.676316,13248
379367733.41499,9539
379367733.604283,331
379367738.491343,7703
379367740.873,8133
379367746.852159,8984
379367749.114718,7375
379367753.896169,2331
379367765.434784,782
379367769.797894,4945
379367778.881335,13173
379367791.871172,1402
379367803.296232,2609
379367819.917044,1949
379367825.598616,1629
379367842.437419,10008
379367855.289466,1494
379367875.488854,9329
379367888.833085,4177
379367903.1437,13048
379367911.508579,12865
379367918.204078,431
379367935.756155,1515
379367945.63477,5440
379367958.153071,8161
379367969.570173,12943
379367979.023006,11121
379367993.589281,150
379368005.320226,1028
379368024.119891,8933
379368032.572926,10043
379368046.498266,1118
379368053.318835,7644
379368066.983214,12792
379368086.592981,10724
379368098.713114,9104
379368109.76939,347
379368123.966897,12757
379368147.307825,1976
379368164.393906,9208
379368177.029139,12772
379368194.675418,6072
379368216.437638,13518
379368221.418196,12689
379368239.489348,163
379368252.7114,12646
379368270.06039,11774
379368279.014775,2952
379368292.810195,1524
379368307.033811,1521
379368315.291537,108
379368329.084866,12635
379368347.595173,13043
379368360.717122,12625
379368379.994071,12710
379368387.247347,11098
379368407.719294,12721
379368432.199969,12759
379368445.282192,4514
379368458.217361,13136
379368473.270656,9510
379368488.075877,12798
379368495.706064,8022
379368506.491292,1884
379368513.598055,1546
379368521.403193,12861
379368531.476571,1444
379368543.781575,137
379368555.80693,6070
379368568.388682,3620
379368586.181759,12896
379368596.525657,6313
379368606.659569,1197
379368618.844571,12516
379368630.86645,3969
379368645.485683,7898
379368660.414172,128
379368674.414389,1474
379368682.851673,12989
379368700.120564,13110
379368711.762053,1804
379368726.058974,4997
379368729.212376,13207
379368746.442197,13242
379368758.490918,9881
379368774.540904,174
379368784.888311,10679
379368806.013324,13291
379368819.638743,7545
379368834.181023,13511
379368849.812216,13235
379368863.995769,311
379368881.478758,13298
379368893.751687,13429
379368921.038869,795
379368931.098911,4354
379368950.518139,13471
379368960.415694,12362
379368979.970712,13416
379368994.114243,13382
379369012.850812,1416
379369035.883907,2710
379369052.467659,10459
379369067.280799,2734
379369076.130525,5328
379369089.337542,13253
379369102.077424,13229
379369111.179738,7170
379369127.993991,13257
379369135.476189,7889
379369139.770099,13153
379369142.366934,1619
379369145.672037,733
379369151.002954,8295
379369155.03786,983
379369156.715111,674
379369162.821196,9000
379369167.386197,1375
379369169.809971,7094
379369172.290235,12818
379369175.63591,13577
379369179.347018,411
379369185.007557,1151
379369189.556634,11736
379369199.341261,13128
379369204.570162,13115
379369207.020215,1383
379369214.606788,4605
379369218.819298,13109
379369224.74972,2134
379369231.661543,1862
379369252.813952,11594
379369262.204657,11521
379369269.811036,457
379369281.703596,13175
379369300.097746,13007
379369307.372872,13086
379369314.94379,4474
379369320.153061,4109
379369327.720904,5955
379369335.437251,12255
379369342.762584,12998
379369345.996921,12930
379369350.635612,9418
379369353.688914,6115
379369360.306779,1267
379369367.356763,12898
379369370.992085,4530
379369377.187082,898
379369388.301394,170
379369400.561732,2339
379369418.432669,12568
379369432.134196,10417
379369447.836025,12794
379369465.404788,7246
379369475.879477,9632
379369481.06793,380
379369489.120221,6210
379369498.436677,2016
379369505.838497,2845
379369517.0426,663
379369520.59717,1543
379369532.494152,1470
379369552.93589,12623
379369569.042484,12614
379369582.843433,9601
379369595.521325,6308
379369608.053163,1467
379369624.295245,1489
379369643.805543,4650
379369655.225734,12567
379369669.030801,11646
379369673.309746,3585
379369693.507564,317
379369701.514923,12667
379369716.258444,12735
379369729.76174,789
379369743.090245,13114
379369754.371363,12716
379369763.825961,223
379369782.801358,12808
379369796.105257,883
379369804.258559,9680
379369820.466844,7715
379369834.553103,12829
379369842.416944,12822
379369853.481332,1540
379369882.261309,12892
379369892.924239,12886
379369897.155862,12957
379369913.204234,4105
379369925.596795,126
379369935.457747,7753
379369956.774861,10931
379369971.282142,1474
379369977.588521,13115
379369985.124954,5545
379369999.616954,366
379370017.211613,1349
379370026.998854,13158
379370040.85118,1558
379370050.367532,13204
379370062.067846,863
379370075.540436,9917
379370084.62218,1403
379370099.532817,7370
379370113.094338,13195
379370134.131217,13244
379370141.805972,13179
379370157.425325,13219
379370170.644131,1439
379370187.83812,94
379370198.725592,13308
379370217.941334,3496
379370229.842066,7079
379370248.457208,3892
379370254.516859,13398
379370279.451864,13499
379370292.388609,11015
379370312.184169,10680
379370329.757978,2587
379370350.826871,6503
379370366.233253,10919
379370380.66758,13348
379370395.005538,13228
379370416.521062,8874
379370433.497663,9449
379370452.449101,193
379370470.410156,4458
379370483.659416,11836
379370493.084271,4661
379370519.673212,5376
379370527.110837,4322
379370545.67004,2096
379370562.504646,13040
379370581.202855,133
379370591.520312,13010
379370601.606445,952
379370611.118894,13031
379370617.043342,13144
379370627.517519,12991
379370638.546996,12950
379370648.495741,5456
379370669.489886,1543
379370677.093726,4376
379370693.127193,12902
379370702.387604,13050
379370719.190454,12864
379370730.005939,11984
379370738.995761,13381
379370754.163126,9279
379370769.724824,12861
379370791.692289,13081
379370800.116459,1429
379370817.898172,2477
379370836.28363,3663
379370844.149626,12705
379370850.898738,3437
379370864.435187,12414
379370884.903153,160
379370895.530307,13433
379370907.655773,8251
379370935.738574,12562
379370944.259908,12713
379370961.170156,2462
379370980.946139,12581
379370999.494483,12844
379371008.762143,219
379371020.840443,12711
379371039.673051,2119
379371047.291556,12668
379371056.379816,12913
379371070.792466,12678
379371085.281882,12757
379371099.205031,1022
379371114.807849,9898
379371135.72996,2574
379371148.394673,637
379371162.423306,4606
379371172.43311,12878
379371186.49626,12904
379371204.564302,5168
379371218.05149,11308
379371235.138656,12867
379371243.64917,12916
379371256.382671,1578
379371269.822609,13086
379371282.878272,5411
379371293.500371,1452
379371304.958325,1947
379371320.359591,13030
379371337.002755,101
379371344.689692,13236
379371353.735096,11677
379371366.294731,2542
379371394.112024,320
379371405.555929,13318
379371418.023654,13145
379371433.526868,326
379371449.224203,9336
379371455.044785,13229
379371471.558392,13252
379371478.89811,13239
379371494.66911,8780
379371500.808977,13232
379371514.047078,8793
379371533.810883,13353
379371549.18547,3645
379371567.50893,11343
379371582.389894,370
379371592.316711,13523
379371602.666789,13380
379371613.775733,13395
379371630.54288,5962
379371647.038793,13632
379371665.568029,9681
379371683.639905,13534
379371695.707317,13264
379371718.461985,13281
379371734.894757,792
379371751.79202,13432
379371768.414696,2114
379371782.222916,4864
379371796.492881,12706
379371810.414332,2249
379371821.78489,13104
379371828.102491,10498
379371828.671709,12875
379371852.333054,7148
379371877.464335,13211
379371889.620667,4983
379371895.749001,7282
379371911.071114,1448
379371920.581669,13027
379371938.021548,12951
379371948.891823,5508
379371972.208834,1665
379371986.868598,1576
379372002.085313,6920
379372020.328752,1486
379372032.662907,12911
379372045.419593,2748
379372060.935198,12833
379372076.073106,568
379372086.819788,12992
379372105.179604,12770
379372124.435156,12828
379372134.493623,12708
379372149.74347,9841
379372166.021116,9375
379372177.379129,12719
379372194.376326,12696
379372200.925255,12631
379372219.536594,1860
379372236.069741,12640
379372246.84243,4089
379372255.19514,3401
379372271.916234,2998
379372285.61631,12758
379372298.081938,13303
379372311.806286,1479
379372336.54915,564
379372353.218255,927
379372368.457023,4333
379372377.4742,1437
379372392.98384,1213
379372400.372922,11453
379372414.718411,13377
379372429.998523,12758
379372441.077455,3835
379372450.717827,12736
379372460.970191,6322
379372478.222127,12824
379372510.48637,12902
379372527.002962,8160
379372537.201511,12902
379372559.321829,3132
379372575.310439,267
379372585.549785,12539
379372592.710808,7100
379372605.176649,13254
379372613.835325,92
379372631.963347,10409
379372648.71549,12994
379372653.449901,319
379372665.639053,13419
379372679.99975,4858
379372688.833718,2018
379372703.209153,119
379372715.815248,4643
379372728.139973,13108
379372749.821045,8000
379372759.149613,13138
379372772.297755,13152
379372791.743844,13248
379372803.647095,8280
379372811.225529,13269
379372832.347098,13221
379372838.276416,13228
379372851.505804,5773
379372867.900598,2119
379372881.582093,1497
379372900.856915,13293
379372910.740332,10047
379372943.960406,13414
379372958.922854,13404
379372970.469483,3431
379372985.010448,13344
379372994.814181,13328
379373009.41626,13626
379373026.414516,11796
379373035.481502,3202
379373055.161798,12418
379373073.098402,13403
379373089.088986,3358
379373105.119714,13247
379373119.006531,8192
379373124.387309,13223
379373144.938947,12707
379373157.085496,13136
379373179.191427,543
379373190.230204,10884
379373206.358172,13067
379373225.16357,13112
379373232.339819,13083
379373245.802106,5304
379373263.007289,1404
379373275.829232,13042
379373295.05506,12917
379373303.51914,12910
379373307.734533,1183
379373317.013889,102
379373329.802503,13099
379373348.407453,13021
379373366.408915,435
379373380.82875,12693
379373392.980197,6276
379373410.862372,1523
379373424.441544,12792
379373437.027451,12770
379373441.547584,12818
379373455.815038,12728
379373471.374833,12693
379373474.508108,10060
379373483.056141,5688
379373494.792755,12677
379373512.699403,12656
379373523.891864,12670
379373536.199367,1458
379373546.641688,1797
379373552.56715,12843
379373568.102118,2157
379373593.046865,5152
379373604.488188,973
379373616.631176,1738
379373628.816786,1507
379373649.031378,12603
379373670.281618,1534
379373691.783452,13630
379373699.783171,12870
379373720.83015,13585
379373724.135714,8706
379373738.768135,12705
379373756.20854,12822
379373784.871849,8542
379373803.570891,12801
379373822.431189,4442
379373831.389898,399
379373841.128455,12915
379373858.722488,4705
379373874.938044,12940
379373896.68613,1489
379373908.692608,12896
379373930.209171,1434
379373949.200838,4285
379373956.120627,1597
379373961.191522,1479
379373978.264718,13163
379373992.313263,4062
379374001.089437,13179
379374012.544129,1465
379374029.950358,8263
379374045.620099,196
379374060.305263,7753
379374082.972624,13147
379374100.990736,13130
379374107.853673,13198
379374109.982734,13258
379374123.154521,1490
379374130.593213,369
379374146.980798,13204
379374152.030067,10880
379374165.33795,3167
379374179.815769,1192
379374203.725765,2101
379374211.300789,13322
379374221.353161,3566
379374239.714064,1559
379374255.001099,835
379374267.773515,13386
379374282.62286,13412
379374297.628252,6614
379374304.682004,13406
379374318.97537,13337
379374332.024006,12087
379374352.687565,3365
379374368.81365,3592
379374386.218669,13271
379374397.633464,7145
379374414.056292,1506
379374432.175317,13211
379374451.121475,13635
379374467.175184,2544
379374484.737614,9450
379374497.614605,2586
379374502.046961,1962
379374523.43435,10907
379374530.207091,6179
379374540.25207,1529
379374557.677908,6844
379374576.064473,144
379374588.547201,13047
379374599.262626,10782
379374608.379597,12986
379374613.696279,1567
379374628.950168,9084
379374638.900339,11498
379374665.661831,12857
379374693.261064,12896
379374708.031638,9599
379374714.636116,7683
379374722.327222,444
379374736.248625,12781
379374757.529903,1598
379374782.601575,1520
379374787.207682,12695
379374794.401892,1525
379374804.489395,1829
379374814.225331,1751
379374831.348289,5244
379374847.854092,13535
379374870.731051,12657
379374886.112578,12644
379374898.180876,458
379374909.304925,12618
379374922.452898,121
379374934.019087,4871
379374940.568123,6899
379374954.591279,12614
379374969.894445,6898
379374984.077034,12657
379375001.376268,12822
379375015.364337,1566
379375026.066757,1526
379375037.596235,12764
379375057.159414,8919
379375072.561969,3918
379375091.843589,12813
379375106.896878,8968
379375115.988162,301
379375135.819723,12961
379375147.147734,12854
379375163.274736,7862
379375179.09917,1469
379375190.480125,12961
379375202.62255,13091
379375219.520295,13487
379375231.638764,13303
379375251.451207,284
379375267.032091,258
379375276.766982,12975
379375290.472287,13031
379375299.920053,3053
379375303.629898,13015
379375316.990233,2050
379375338.942219,11978
379375362.357813,1531
379375374.537843,3274
379375388.867074,295
379375401.938815,691
379375412.597017,4316
379375423.362517,263
379375428.839296,13163
379375443.216701,6315
379375455.103129,13215
379375466.833976,12621
379375477.518372,4818
379375489.965568,13613
379375504.711603,881
379375523.608861,10888
379375543.07357,13452
379375554.290556,13352
379375565.067513,7241
379375584.510346,3275
379375591.317412,13507
379375603.3919,210
379375617.113613,3218
379375639.034402,13238
379375653.043829,13335
379375662.107072,1867
379375674.432173,13319
379375692.826953,2549
379375703.015334,2960
379375713.655054,6460
379375724.391582,4993
379375738.107866,2582
379375760.058936,90
379375782.178041,13218
379375802.61414,13153
379375815.920559,13247
379375822.277402,13423
379375838.547892,13082
379375846.913541,2084
379375860.100918,9191
379375869.30397,13047
379375884.891607,1492
379375903.301316,13002
379375917.916077,4669
379375946.366325,12041
379375974.262225,1447
379375984.079646,7199
379375999.576171,12945
379376010.112723,13146
379376030.57897,1616
379376049.575387,13025
379376065.26529,5470
379376079.874289,2155
379376096.762245,8320
379376125.020051,109
379376135.303046,5601
379376156.437215,1522
379376164.185128,8246
379376171.188453,2472
379376189.128663,13352
379376198.373004,8349
379376203.810531,12604
379376217.087086,12593
379376233.779339,12907
379376248.655536,12990
379376272.024207,11444
379376294.757224,10059
379376305.199284,1509
379376312.836689,8859
379376332.728855,1815
379376351.28707,4903
379376369.558429,12702
379376382.38867,776
379376393.522699,7913
379376403.376651,4157
379376404.863827,12801
379376432.691564,7380
379376444.853282,10482
379376456.733452,5447
379376472.301419,12852
379376485.017429,1969
379376500.182467,13215
379376510.028955,12887
379376523.723365,3850
379376536.612,12903
379376545.977217,12952
379376559.501278,2581
379376568.379565,13583
379376579.664304,13038
379376589.435623,13387
379376608.9007,13068
379376640.045305,13025
379376650.830749,13042
379376666.189589,13349
379376677.865982,275
379376696.179015,13119
379376714.48742,13590
379376728.691849,13335
379376736.783105,6215
379376757.17046,2992
379376769.740182,13252
379376782.018354,13218
379376800.814783,5180
379376818.040563,13260
379376832.972211,13323
379376850.358088,13386
379376863.618869,330
379376875.04829,1462
379376884.888149,2237
379376904.912613,5325
379376923.913403,1935
379376938.396215,1481
379376956.544607,13574
379376966.00289,2612
379376974.955233,2732
379376997.346442,13309
379377014.455847,12131
379377025.378584,820
379377048.098647,6658
379377064.771352,11091
379377073.574964,13059
379377089.601354,12847
379377104.318846,1477
379377115.931859,5009
379377138.482874,1524
379377147.389268,8615
379377162.074621,234
379377186.652999,13292
379377200.620718,1506
379377221.594824,13019
379377248.634339,2129
379377261.793155,1486
379377271.511854,12945
379377282.122228,12883
379377294.961627,12918
379377310.714173,6076
379377321.819158,12953
379377346.754619,12857
379377354.511939,9591
379377366.83177,668
379377382.022371,7935
379377390.081153,104
379377402.162196,1472
379377415.136777,5936
379377426.308051,1496
379377443.336812,1056
379377456.530243,1297
379377466.357666,1500
379377478.930544,6584
379377492.694457,12883
379377510.086476,8040
379377524.745798,9209
379377538.692209,4329
379377554.364921,681
379377563.356164,4395
379377577.576916,394
379377592.976515,12556
379377599.047261,12667
379377609.499433,12623
379377627.86951,104
379377638.074488,12600
379377652.900065,10180
379377667.598467,12673
379377686.942425,12719
379377697.681877,12792
379377707.627067,6731
379377719.639768,476
379377725.071422,12797
379377732.828115,13532
379377741.648624,12796
379377756.328008,7617
379377774.270394,1667
379377785.859874,92
379377801.495297,7575
379377816.622765,12887
379377826.407773,13006
379377851.009806,904
379377862.172328,371
379377877.577041,13198
379377897.342981,13121
379377914.777285,6525
379377932.682418,12975
379377945.608556,13046
379377957.584373,5539
379377968.135925,6383
379377984.941455,13074
379378001.777768,8103
379378018.152641,13110
379378026.780983,4302
379378039.107041,103
379378055.788776,189
379378063.879708,13124
379378076.64981,1452
379378088.750862,13348
379378102.200699,13232
379378121.051271,13244
379378135.365309,13261
379378152.148102,13264
379378174.066071,13300
379378192.069529,13360
379378202.259441,13416
379378221.560459,13588
379378230.625999,1483
379378235.556115,13382
379378247.201868,13400
379378258.053997,1455
379378272.44646,4654
379378283.277297,11422
379378307.135699,5201
379378317.766472,8619
379378336.619716,13448
379378350.356709,13317
379378365.94222,13214
379378381.059409,478
379378390.579097,1395
379378402.258013,13217
379378412.143729,347
379378420.886004,889
379378444.810175,1024
379378454.520218,6481
379378464.181933,13147
379378481.538357,11635
379378509.960818,10446
379378518.454679,1855
379378524.034758,5651
379378535.429867,13045
379378539.222228,4852
379378553.561142,11277
379378566.254939,10980
379378588.018352,12963
379378594.717958,12956
379378605.779067,1532
379378615.391372,1269
379378625.622937,1510
379378640.21002,1449
379378660.205987,1463
379378681.149335,365
379378692.708407,9849
379378718.597884,4383
379378731.945127,13095
379378742.000133,258
379378764.890246,13037
379378789.099173,12808
379378803.368841,12700
379378815.841405,137
379378830.112194,1473
379378835.541029,12743
379378847.174719,722
379378858.255484,12573
379378872.340018,5652
379378884.796201,4024
379378901.127167,13572
379378927.360385,12391
379378951.122174,12577
379378967.819227,2214
379378980.741196,12717
379379005.426659,9081
379379018.829914,1391
379379034.756595,12739
379379045.05668,8310
379379050.682331,12731
379379057.739989,8246
379379073.135622,12760
379379085.154097,12859
379379106.521792,208
379379124.821749,182
379379139.344765,267
379379154.822088,12867
379379164.393308,12861
379379171.987361,1667
379379187.388611,6585
379379204.181708,6167
379379219.624324,12915
379379231.849358,9659
379379247.449917,9200
379379261.793257,7773
379379282.072177,1497
379379299.833828,9135
379379308.396826,13130
379379326.36849,5146
379379335.874571,8737
379379345.336924,13189
379379358.602964,4711
379379375.071358,13190
379379387.363412,1149
379379395.325636,3499
379379411.079383,13377
379379420.744361,13203
379379437.481848,8462
379379455.718914,11910
379379479.508505,2220
379379491.52339,10381
379379517.33451,13351
379379543.852284,9391
379379563.21724,13384
379379580.455918,8223
379379596.461838,10865
379379609.846126,13026
379379636.347566,11871
379379647.540179,13338
379379676.633082,8596
379379693.47599,3755
379379713.792829,5606
379379728.128221,13201
379379740.05802,703
379379753.424076,7868
379379780.360873,13563
379379793.440015,1477
379379804.930559,9103
379379817.335984,13115
379379823.413504,671
379379836.699968,11390
379379861.829574,13050
379379869.072127,12288
379379888.034076,12964
379379899.522136,12982
379379915.748008,5737
379379925.623318,8023
379379943.905637,12922
379379959.031817,12875
379379963.784877,6448
379379998.38086,3495
379380016.141042,2803
379380031.592417,419
379380047.019501,9783
379380056.946249,252
379380068.60864,8998
379380078.815417,7532
379380099.74553,12733
379380116.028129,1456
379380125.039328,270
379380143.625805,12666
379380153.760996,1510
379380170.500135,6320
379380183.211902,8029
379380197.952839,12559
379380211.785013,11096
379380230.448595,4202
379380239.27926,11581
379380255.839592,12613
379380270.253298,6332
379380285.029841,12574
379380295.745618,3927
379380307.768372,11443
379380325.262735,6340
379380342.614815,9467
379380355.201291,13063
379380365.864847,10112
379380381.590401,9677
379380392.255895,9086
379380402.095369,2303
379380426.623766,12825
379380435.316523,7740
379380447.755303,12866
379380464.2559,12858
379380472.529684,13053
379380490.547237,12926
379380508.663869,12877
379380517.295135,12941
379380520.042344,11234
379380531.964906,12404
379380541.93039,1541
379380556.267027,12982
379380571.02045,7352
379380577.268108,13616
379380596.855579,12950
379380617.271442,1487
379380633.087993,13087
379380646.607678,13085
379380657.239039,13060
379380674.140345,421
379380691.468681,4761
379380702.435523,1507
379380716.479205,13136
379380726.527572,209
379380744.899705,10982
379380756.82675,13274
379380775.313024,13409
379380792.844265,9843
379380809.371214,111
379380819.219183,1425
379380829.841382,13332
379380841.346522,884
379380857.614714,3864
379380866.51602,13469
379380881.13058,13418
379380908.128505,1517
379380920.633552,9698
379380943.518963,13303
379380953.278869,13598
379380960.974068,11375
379380965.940852,4896
379380977.346276,1049
379380997.543958,7000
379381014.153503,916
379381033.409085,8789
379381043.345304,3888
379381056.573722,119
379381078.723579,1519
379381089.6627,13260
379381097.904608,3815
379381118.120942,13094
379381135.29484,13124
379381161.879235,3939
379381177.65108,13018
379381181.862362,13076
379381195.927113,12754
379381204.508009,3470
379381221.064126,7818
379381234.443939,13018
379381254.480035,12916
379381265.735579,12917
379381282.234988,12933
379381295.64197,12854
379381305.699376,12894
379381326.710492,12888
379381338.916999,1533
379381342.925226,11511
379381362.379932,12867
379381370.763537,12782
379381382.053184,12793
379381403.836306,8777
379381416.206485,12693
379381426.151575,596
379381435.948759,11712
379381449.723855,2531
379381454.913808,1534
379381467.28098,12617
379381474.603357,3127
379381492.59096,1580
379381507.136552,1908
379381516.197236,6713
379381530.170579,4255
379381544.528255,4584
379381555.054099,12557
379381564.75815,1498
379381580.366973,12783
379381595.632269,9035
379381610.125081,12629
379381629.979021,12618
379381644.729986,682
379381663.650246,9417
379381681.820781,6011
379381694.12866,12748
379381705.486431,12843
379381718.182046,136
379381732.880724,3138
379381746.749585,9364
379381755.917731,4262
379381771.518121,5688
379381790.675272,9375
379381799.872041,5443
379381813.577215,7421
379381820.337788,6323
379381833.451794,6362
379381850.157341,8097
379381861.135487,12979
379381872.06753,3531
379381882.97247,5142
379381896.837099,2093
379381907.881436,1109
379381927.728186,1525
379381937.490327,13019
379381948.658993,7417
379381958.372104,1461
379381977.825745,1496
379381989.329226,1112
379382003.199647,13135
379382018.088341,5531
379382024.841638,111
379382036.354601,4992
379382053.488675,13161
379382061.422775,13382
379382077.120632,4596
379382090.788429,1521
379382112.630515,13585
379382131.408589,13304
379382138.840136,9649
379382153.782103,11882
379382168.332883,11158
379382183.676684,12687
379382199.135834,6382
379382214.271137,13408
379382232.894658,13359
379382247.811284,13580
379382266.31335,13370
379382284.332062,13453
379382294.149747,13315
379382312.374162,13359
379382336.13154,248
379382359.065714,1454
379382368.713474,9855
379382389.038531,11823
379382397.866939,107
379382415.168594,5326
379382432.008308,6723
379382447.924874,8825
379382459.130459,1207
379382471.653779,13056
379382485.342434,1218
379382501.537644,7443
379382519.950675,1155
379382535.83963,12959
379382545.03225,733
379382561.591848,1273
379382567.25164,13500
379382575.990806,9096
379382589.619496,13008
379382608.6653,13504
379382621.022013,4105
379382632.145784,4448
379382642.362134,1065
379382661.35752,2903
379382691.714794,7536
379382709.908703,1496
379382725.943105,12818
379382742.136174,10509
379382758.452537,12717
379382772.253247,12902
379382782.6475,9755
379382795.968705,1496
379382808.21194,12707
379382821.439909,1481
379382834.880783,6242
379382866.121843,1724
379382890.273035,1496
379382901.427572,10890
379382913.27055,1273
379382926.012472,12780
379382947.776691,4595
379382962.896411,4717
379382978.672942,12702
379382987.190009,9241
379382999.285678,2669
379383014.540841,3595
379383026.595081,10730
379383042.472972,12069
379383066.19889,4211
379383078.163176,12806
379383093.71943,12820
379383104.506036,12943
379383121.814513,2171
379383129.726725,4232
379383143.476365,12909
379383153.881489,1485
379383164.60316,12898
379383176.756285,12953
379383181.302329,13342
379383190.246284,10505
379383201.734474,13061
379383213.649725,511
379383229.823342,13024
379383240.61764,13060
379383263.489515,1417
379383269.185984,13014
379383284.187587,13142
379383299.724876,10008
379383305.7412,13532
379383321.296088,243
379383329.5709,13123
379383347.519788,6817
379383359.825704,8587
379383373.426211,1751
379383389.798364,7192
379383401.973372,13277
379383431.540395,9779
379383448.314481,6016
379383463.981778,1462
379383489.397653,13340
379383506.693955,13338
379383516.602614,13418
379383523.265398,6112
379383543.401846,2124
379383560.670641,13408
379383578.485725,11925
379383594.995353,13399
379383605.489064,1391
379383627.401059,13277
379383637.164563,9933
379383647.321517,13349
379383659.093398,1524
379383672.439377,13315
379383692.55736,7331
379383707.673851,8419
379383727.029024,13157
379383731.459789,10863
379383740.941547,13168
379383754.961621,13170
379383777.207336,1473
379383792.696702,13119
379383806.843418,13108
379383820.139056,94
379383829.722175,13136
379383843.503046,12058
379383855.356241,13617
379383871.621577,713
379383880.044323,13061
379383896.320272,12921
379383908.646339,8666
379383924.387166,10211
379383941.508434,3771
379383951.030179,12853
379383971.863688,1510
379383993.271174,12883
379384009.450605,6736
379384020.759234,10939
379384044.522721,12729
379384054.410019,12932
379384078.244358,12865
379384090.304773,12777
379384106.162432,636
379384120.939795,12772
379384129.902893,5839
379384142.864598,8581
379384160.938838,12749
379384173.53031,9098
379384187.168324,13034
379384198.252932,9540
379384209.712332,1513
379384225.781458,12789
379384243.202075,393
379384256.49555,2388
379384278.299363,9087
379384287.652542,12887
379384306.861334,137
379384322.405383,12680
379384327.198065,12582
379384348.533714,6013
379384358.737493,1419
379384372.168325,12796
379384382.209158,11936
379384393.151869,3477
379384407.544763,13065
379384415.746674,13009
379384429.418645,470
379384448.177406,11050
379384475.651244,1411
379384493.980148,12904
379384508.174185,1858
379384525.975069,1880
379384536.478768,9728
379384551.899933,12126
379384564.217209,574
379384584.28073,10015
379384596.57768,108
379384619.583337,1524
379384640.64522,167
379384654.245372,2492
379384665.486371,9062
379384681.751079,13127
379384692.97781,13140
379384714.169941,13196
379384724.556131,5484
379384751.806066,13249
379384768.584456,13318
379384779.986556,11236
379384798.618199,473
379384811.46347,7908
379384834.257789,985
379384862.07456,183
379384875.047065,10857
379384887.633076,5197
379384900.507137,1580
379384919.325603,13345
379384938.742347,13476
379384952.982718,13283
379384964.007195,13449
379384988.358348,9210
379385006.275966,4782
379385026.693832,8016
379385041.82675,13196
379385059.988773,1207
379385071.350157,10175
379385086.18097,705
379385101.322682,3030
379385121.976205,2666
379385136.695768,13393
379385146.129798,9656
379385161.547515,11362
379385166.814525,13095
379385177.856758,4725
379385198.142821,10065
379385217.286331,12968
379385237.578163,7679
379385251.931875,13415
379385265.840391,6766
379385283.242784,12972
379385293.623303,8537
379385309.638555,12858
379385319.225242,1490
379385330.483676,12203
379385348.230429,6490
379385365.288098,688
379385379.300082,12733
379385408.930739,12757
379385419.57441,4725
379385439.131922,12747
379385449.289522,5816
379385461.740197,12665
379385476.955988,403
379385494.997838,590
379385507.110629,12718
379385515.957478,12731
379385525.717595,11507
379385539.982329,873
379385553.556818,1618
379385566.202217,1471
379385584.159947,12594
379385597.381969,3252
379385612.459931,608
379385623.469127,9677
379385642.216591,627
379385658.35544,12683
379385670.278039,1414
379385682.642827,13174
379385691.861981,12753
379385711.426175,2858
379385721.594071,12839
379385745.412289,12784
379385758.765604,11114
379385763.028112,12878
379385769.691934,12229
379385786.340602,12858
379385793.720964,10093
379385802.277101,1196
379385813.687717,12927
379385829.519669,12920
379385844.671821,2773
379385854.54166,2963
379385876.397112,4996
379385886.395042,10955
379385898.539037,1437
379385913.179823,7489
379385921.784709,224
379385934.039295,783
379385952.023842,13142
379385968.636348,1582
379385982.180742,13413
379385998.268576,148
379386011.605642,13157
379386031.099214,13152
379386048.738286,3620
379386065.136337,13231
379386072.928861,12224
379386085.853563,1466
379386111.100284,13261
379386117.588965,13374
379386133.495936,13599
379386144.218275,8581
379386167.936387,13350
379386186.067331,10795
379386196.277654,579
379386214.468837,13622
379386222.313536,2042
379386239.253037,1480
379386247.280349,5875
379386262.180759,13331
379386269.149179,1539
379386275.47477,13293
379386290.62988,2157
379386305.834558,4499
379386319.744661,12106
379386329.369858,4412
379386344.058945,98
379386362.935793,13245
379386389.012351,1238
379386400.143191,5587
379386409.318068,6694
379386427.4181,13122
379386446.710505,1546
379386455.291631,13246
379386478.869156,13117
379386493.760634,13009
379386515.097509,13029
379386526.618855,13497
379386531.300319,13446
379386547.9962,1500
379386553.300588,13203
379386566.06619,319
379386582.129421,7401
379386595.815673,1523
379386613.582846,12913
379386629.323688,1784
379386647.014219,1553
379386658.564946,1461
379386670.513808,392
379386683.423753,12839
379386701.390837,12784
379386711.109806,8531
379386737.152733,1503
379386754.350959,954
379386760.192693,2055
379386770.649902,1033
379386781.576739,891
379386794.488521,5304
379386811.98389,10745
379386827.149707,114
379386835.714489,12613
379386846.782771,12566
379386860.400743,12560
379386878.45482,12608
379386893.904034,7236
379386923.14092,480
379386935.913833,12619
379386947.785439,1237
379386960.200273,1444
379386963.901078,13483
379386979.481365,249
379386994.785514,6730
379387008.105107,12763
379387024.477343,12759
379387041.342104,1521
379387054.397079,2606
379387068.03675,635
379387079.690439,1479
379387096.926512,13005
379387108.409584,12898
379387126.154468,12913
379387135.436523,13050
379387148.757201,13088
379387164.487754,12935
379387173.949156,12936
379387178.865752,502
379387192.797411,12944
379387214.613107,13042
379387222.668913,13278
379387237.655331,812
379387266.050775,13060
379387278.801193,3219
379387300.952123,1580
379387311.08815,13106
379387337.941102,13307
379387349.594074,13415
379387365.598711,5635
379387375.07752,514
379387402.282928,1651
379387424.789677,3337
379387433.768998,1483
379387444.945097,13281
379387464.411726,6232
379387470.258632,3124
379387500.398572,10875
379387507.24151,11983
379387516.963643,3080
379387534.800371,7382
379387546.227789,383
379387562.098408,267
379387575.410327,13364
379387586.140585,1519
379387605.148511,13331
379387627.927063,13277
379387646.41213,13549
379387665.313245,1527
379387676.480682,291
379387690.378101,6838
379387700.912566,1462
379387711.527889,13334
379387734.799467,13185
379387748.586069,13271
379387760.385558,13082
379387771.32376,13119
379387780.400761,13162
379387792.69276,13071
379387814.16772,3027
379387828.740827,3860
379387845.682312,11621
379387855.260219,88
379387866.653101,7653
379387876.192527,13310
379387883.815444,12958
379387900.267825,5819
379387909.650291,12878
379387932.599334,4707
379387951.386426,9486
379387964.089063,1595
379387986.924121,1467
379387993.073396,10234
379388005.782218,12790
379388025.778877,8348
379388051.636979,12957
379388061.225919,12697
379388073.2617,9745
379388082.757053,12725
379388090.749887,12905
379388099.04941,8906
379388116.635056,7742
379388129.057209,12625
379388142.812833,6618
379388161.031486,12611
379388178.268256,509
379388202.468035,1514
379388220.711441,571
379388233.906285,12631
379388245.594905,12636
379388261.099262,12612
379388276.906403,3623
379388299.16125,506
379388305.471272,1646
379388312.409339,12696
379388322.681398,8315
379388328.080178,12735
379388349.561927,225
379388357.057614,1492
379388372.761029,12790
379388383.735653,12848
379388388.772984,1407
379388400.924245,1504
379388410.994308,10778
379388426.005862,798
379388439.822286,605
379388457.782977,345
379388470.736177,3659
379388490.926324,1438
379388496.174671,12958
379388511.558942,13076
379388537.221829,9930
379388550.037,9646
379388559.071344,13020
379388574.460522,13000
379388589.128395,5713
379388601.858531,12336
379388620.294076,13030
379388638.944743,5260
379388645.308906,13401
379388657.818816,11110
379388663.754989,11252
379388687.816713,1759
379388702.994949,3314
379388716.180821,13272
379388735.852248,1329
379388760.222209,1458
379388785.31812,13288
379388792.308338,8252
379388799.351631,13384
379388803.994311,7286
379388813.914884,13483
379388822.31987,13355
379388839.614557,5294
379388858.199396,494
379388864.108455,13444
379388879.476591,13386
379388904.067516,13274
379388917.567066,3855
379388941.267644,1442
379388960.83153,1459
379388962.682236,181
379388980.719003,9749
379389000.318882,4664
379389010.924701,1483
379389021.809568,6041
379389029.679916,13212
379389053.921105,2109
379389067.261004,13154
379389077.288021,13180
379389091.37418,1495
379389097.989735,4048
379389114.8096,13165
379389124.536221,458
379389142.005528,13043
379389163.630958,9151
379389169.865806,13060
379389187.962985,13426
379389200.760259,241
379389211.792367,13337
379389222.244795,10201
379389239.284051,1483
379389251.729264,13209
379389262.860165,1025
379389270.165946,6968
379389282.997334,12556
379389301.168381,12823
379389313.419293,12787
379389328.862426,886
379389345.603444,8466
379389358.111029,9187
379389370.245449,12751
379389381.368925,12727
379389399.539065,12752
379389418.143149,664
379389440.008397,13223
379389448.104007,12660
379389463.497018,8943
379389479.73974,12627
379389488.443592,12819
379389512.359748,3683
379389522.625316,12589
379389543.049836,2925
379389558.225949,12616
379389575.498759,12611
379389590.601575,9637
379389602.28925,5991
379389620.178381,12655
379389642.054094,10832
379389647.554145,12808
379389661.906891,9223
379389676.170722,13605
379389699.154054,13004
379389730.539747,1306
379389742.514937,556
379389756.723948,13125
379389771.258434,12939
379389792.674113,12872
379389799.158001,13637
379389812.125551,8260
379389826.94523,1400
379389835.336606,8547
379389851.509683,1537
379389857.784398,12771
379389867.928491,4675
379389888.215729,11730
379389905.745497,1408
379389909.393081,13069
379389917.457937,343
379389930.917673,3357
379389937.592406,13070
379389946.72335,5869
379389959.535696,3882
379389979.602995,13443
379389988.658452,13187
379390003.772976,1480
379390017.90809,1601
379390031.303262,13201
379390043.451228,13326
379390057.137297,13458
379390077.096896,2880
379390086.837327,13248
379390097.235423,13267
379390124.071757,13364
379390138.23708,3773
379390150.865931,12099
379390155.725173,13368
379390169.51673,1557
379390177.905005,3995
379390185.760154,13386
379390202.000805,13387
379390214.957443,13390
379390228.102742,13311
379390248.864597,13115
379390271.997455,160
379390289.218937,13323
379390305.321263,13212
379390316.323641,1282
379390331.612717,1412
379390346.752913,13162
379390357.364793,13294
379390371.774686,5954
379390390.91623,13126
379390399.414712,8323
379390399.415786,8476
379390399.274688,2617
379390399.333319,773
379390402.744546,3533
379390414.680722,1529
379390425.692669,3616
379390454.307566,13211
379390464.106232,1495
379390480.27312,1397
379390496.067548,6433
379390507.632618,13455
379390523.347724,13122
379390537.326925,13118
379390547.809287,12954
379390546.821357,13009
379390557.807394,12731
379390581.098284,8294
379390589.107161,9646
379390598.808453,7609
379390609.403816,1519
379390628.571324,12564
379390637.471392,1463
379390653.175934,12797
379390660.718486,10801
379390671.344785,1505
379390685.279976,12759
379390694.505455,7786
379390706.441682,12861
379390716.726464,5851
379390725.215119,13032
379390740.0501,1485
379390758.290409,1245
379390773.985489,12684
379390784.826223,6390
379390796.134735,12653
379390814.621446,12739
379390842.574916,12594
379390855.938366,2963
379390873.126367,12631
379390906.112504,7297
379390923.568513,1739
379390942.308062,482
379390957.99622,12658
379390972.542636,1690
379390975.995121,12748
379391000.413148,12786
379391015.427569,7156
379391034.09677,12777
379391038.142544,4832
379391049.181752,1403
379391065.400587,1018
379391076.559089,189
379391097.759394,12873
379391109.775963,12914
379391118.690495,12867
379391136.796022,4733
379391150.567697,12246
379391168.626422,4632
379391177.545728,3668
379391192.321322,7126
379391211.905502,13115
379391226.628691,8624
379391238.657574,7089
379391253.053073,13051
379391271.764041,8540
379391291.156831,13163
379391298.207882,13462
379391314.91433,192
379391322.845441,3192
379391336.893113,13203
379391352.039798,1465
379391363.307812,1493
379391371.472485,13285
379391391.807077,1904
379391403.210907,2519
379391421.149268,13249
379391439.781786,1423
379391450.886576,10768
379391461.049029,4486
379391478.612817,13370
379391496.632846,4465
379391509.827149,7504
379391522.429772,13500
379391537.838667,5008
379391554.421295,1460
379391570.322756,13622
379391591.764889,666
379391604.369506,13307
379391615.402409,13357
379391628.414236,13237
379391641.856449,1479
379391654.486065,12123
379391673.288919,13193
379391691.396191,293
379391706.96769,12186
379391719.25854,10679
379391735.808802,1464
379391752.060978,9258
379391762.408753,10134
379391772.406605,9558
379391785.266457,13017
379391798.176487,1079
379391819.043556,8991
379391833.578861,1571
379391852.538885,7483
379391858.325907,11492
379391871.288131,13013
379391885.875158,13068
379391894.004964,13108
379391900.832306,9227
379391917.189044,1599
379391938.484494,12819
379391951.371852,12862
379391957.602908,13019
379391981.200828,12801
379391990.19131,2886
379392006.758703,9405
379392016.753344,1545
379392039.425016,4786
379392051.611069,12881
379392069.883917,559
379392082.559889,293
379392098.436873,13369
379392119.436563,12664
379392127.74369,5403
379392143.906304,11273
379392158.163202,2223
379392169.924134,8912
379392189.72058,12640
379392203.529828,12945
379392211.43549,3486
379392233.209613,12657
379392248.691206,1499
379392259.591743,6000
379392273.688167,1475
379392295.850465,491
379392307.775989,12727
379392336.712518,6028
379392351.860364,1466
379392368.949567,12769
379392378.243747,354
379392394.29972,12866
379392410.864604,12834
379392422.898594,13294
379392436.501088,12872
379392446.557784,746
379392460.786503,12900
379392481.455481,12992
379392488.31322,12993
379392503.81255,1747
379392508.586149,13456
379392509.347986,6942
379392518.381017,152
379392544.473733,3580
379392558.947565,13100
379392574.025118,13058
379392596.352867,517
379392619.861207,119
379392633.566449,11635
379392641.741806,13163
379392654.998282,13168
379392670.071726,1484
379392677.825851,1441
379392694.9486,13271
379392707.150717,2902
379392726.039071,13203
379392739.721311,13313
379392750.371151,13289
379392765.461438,13340
379392779.942422,1488
379392791.817861,2120
379392806.389737,13320
379392815.946372,2427
379392833.856852,2176
379392855.961095,6307
379392868.248892,12588
379392879.943798,4115
379392902.935954,13269
379392917.003356,13504
379392935.916862,9455
379392945.678601,1505
379392967.306123,1304
379392980.077099,13297
379392993.393855,4596
379393003.250946,5258
379393011.651317,5024
379393029.536013,13054
379393044.615389,1504
379393058.85243,6037
379393066.795184,7096
379393089.01596,3158
379393105.202036,13028
379393126.9134,11686
379393136.487602,106
379393145.794443,3529
379393163.656552,3516
379393175.939985,13100
379393187.731152,1298
379393200.711388,5732
379393208.020997,139
379393226.569502,12964
379393236.782987,1489
379393252.154283,2849
379393261.075342,375
379393274.283411,190
379393287.254495,191
379393304.044915,3067
379393315.979173,12764
379393320.274769,7250
379393332.468512,5161
379393351.231863,7198
379393360.45542,12756
379393374.868181,5670
379393382.872738,12658
379393400.045125,302
379393417.669881,12871
379393424.35597,9196
379393438.764694,13236
379393450.830361,2390
379393469.683729,9827
379393480.072424,4171
379393491.161263,1054
379393494.930959,12561
379393517.1315,12767
379393525.487267,6520
379393538.526101,1503
379393547.512808,11142
379393557.144621,1522
379393566.980574,8102
379393579.102643,926
379393590.573034,10594
379393596.389001,3504
379393597.648666,5846
379393608.36435,12662
379393628.078714,12667
379393635.134684,7307
379393652.878593,13195
379393657.266779,3355
379393673.391015,12728
379393681.28812,5125
379393693.225298,7933
379393708.796811,9230
379393715.715958,12843
379393731.696701,10197
379393751.431498,2618
379393777.182646,12930
379393789.09281,763
379393805.693279,1555
379393810.256951,12974
379393821.786385,12970
379393842.612865,513
379393859.376344,6712
379393876.212169,11957
379393891.322057,13044
379393909.088868,12063
379393920.93759,11614
379393925.979449,8586
379393945.510588,7202
379393956.543949,5428
379393968.404367,110
379393981.578368,7147
379394005.608227,1621
379394014.924731,1479
379394034.527539,3284
379394056.157141,11991
379394070.661842,6423
379394084.867755,13265
379394098.914304,13292
379394114.303796,13296
379394124.292975,3995
379394149.238218,1501
379394165.865247,10285
379394179.426847,13347
379394188.129061,1728
379394203.929937,11831
379394224.483935,246
379394244.550764,13353
379394257.501729,3937
379394264.457786,10258
379394274.765706,4166
379394287.613377,1475
379394306.233059,2659
379394319.526444,8153
379394338.657251,1416
379394350.32173,1140
379394365.656213,13190
379394383.043097,2677
379394391.903794,3817
379394405.16768,935
379394417.275633,2240
379394428.382133,1481
379394437.963166,13179
379394455.157015,3954
379394469.165964,13051
379394487.912957,1487
379394500.050402,10302
379394516.953505,1509
379394526.598413,12786
379394538.4466,7692
379394557.771253,12962
379394575.941565,804
379394586.748341,12873
379394600.740473,414
379394610.150733,1518
379394620.31711,13043
379394633.13761,12877
379394646.360933,2267
379394654.524803,12708
379394677.310003,9761
379394700.055311,9595
379394705.624209,5960
379394720.73005,12659
379394731.909142,2648
379394745.778605,12678
379394765.141745,12606
379394770.860056,12685
379394787.150965,11822
379394808.565057,9618
379394825.433598,12532
379394842.198683,13071
379394858.533512,4769
379394858.272773,833
379394859.046982,12624
379394876.657839,12646
379394895.254143,13065
379394904.728257,8875
379394916.271777,12704
379394937.966675,12653
379394957.042634,10120
379394977.865937,12739
379394991.869987,8662
379395007.832386,4863
379395028.485996,12776
379395040.017295,1606
379395060.746128,12861
379395070.556391,5321
379395081.435827,13005
379395092.303992,10457
379395107.261608,12915
379395123.50077,12900
379395129.661483,12971
379395153.872434,13041
379395170.002486,13618
379395178.546505,5895
379395197.445755,13258
379395217.35902,6672
379395236.929626,4289
379395246.876586,13220
379395265.872589,12962
379395279.416566,13155
379395295.70447,8518
379395301.940238,108
379395320.782788,13556
379395341.88254,3663
379395350.099103,1476
379395366.934739,6275
379395376.154234,3161
379395383.078356,5775
379395400.121507,204
379395415.042025,13410
379395427.952274,13366
379395437.52958,157
379395453.205145,13370
379395473.167921,5715
379395485.424675,3063
379395499.032937,4760
379395526.284437,13128
379395540.13438,322
379395550.808417,1433
379395568.914715,7062
379395578.670839,1513
379395599.765378,13279
379395608.07025,8479
379395623.86367,13274
379395633.40415,5780
379395645.303475,13215
379395660.258783,818
379395678.079229,5138
379395684.519962,13101
379395689.665645,9269
379395701.703805,1558
379395704.167859,13100
379395727.079815,13137
379395733.950969,8139
379395751.041116,13183
379395766.968229,13061
379395776.259676,7949
379395786.972277,1429
379395798.567583,8042
379395812.376669,12989
379395822.58812,485
379395840.623911,9777
379395856.113585,13162
379395867.93307,12861
379395884.109455,2160
379395909.926323,4318
379395930.103645,13448
379395935.807197,1545
379395958.600367,6303
379395969.010228,13428
379395979.885688,12849
379395994.376962,12815
379396015.542337,2739
379396024.90517,12716
379396035.401084,12344
379396055.689498,12941
379396065.928977,12248
379396073.485039,8813
379396087.078201,251
379396099.58415,9578
379396110.582391,2790
379396126.736958,12547
379396134.36877,12604
379396146.06153,11586
379396158.026901,88
379396166.465825,7265
379396175.481328,11466
379396189.195464,1532
379396206.549999,8030
379396211.248005,8492
379396229.040049,12799
379396237.249712,12701
379396247.836879,13307
379396270.97786,1490
379396292.885905,11940
379396309.476779,488
379396326.625533,4848
379396336.344455,12828
379396344.611167,10286
379396374.802888,2025
379396387.222204,7547
379396410.310951,962
379396417.022562,4238
379396435.008723,678
379396448.206823,2184
379396458.612747,6984
379396475.260029,12999
379396491.090242,8117
379396500.29532,7596
379396523.819589,2426
379396534.936428,4909
379396546.379628,1401
379396559.920425,13075
379396576.672556,12124
379396586.24084,13344
379396611.395941,13218
379396633.050204,2811
379396645.877518,9876
379396657.780944,13331
379396680.040438,1438
379396693.603095,1204
379396700.651715,2417
379396718.594965,8931
379396736.01334,6708
379396751.679683,5965
379396758.116287,13473
379396782.009932,13334
379396795.10697,2304
379396808.192679,13489
379396827.283346,13455
379396838.345919,1797
379396853.462202,607
379396876.802858,13316
379396889.716314,1459
379396907.231098,8873
379396920.54603,9501
379396929.315924,13334
379396953.085553,13231
379396965.750931,8100
379396976.321727,196
379396997.827423,2088
379397009.267083,13176
379397024.260743,13113
379397041.275048,3466
379397057.459716,1549
379397068.745017,6913
379397083.740259,13092
379397098.079213,1503
379397114.284476,13052
379397133.612403,12999
379397153.699249,1450
379397171.260904,13008
379397186.546902,12883
379397200.159995,768
379397208.9654,10144
379397229.633601,13314
379397233.432959,10305
379397247.622301,12933
379397262.572501,8650
379397275.282519,1467
379397286.273367,13149
379397310.872448,11527
379397319.22335,12915
379397334.040422,5399
379397350.96999,828
379397364.683472,12730
379397391.475199,1453
379397409.657723,1271
379397424.611524,9212
379397430.911453,12655
379397450.847018,1232
379397461.883526,12560
379397470.297653,12821
379397495.391661,13553
379397511.166773,12591
379397526.321947,3646
379397539.233747,5181
379397553.698307,12767
379397569.277049,6554
379397590.649792,12722
379397599.471752,4239
379397614.903121,10198
379397623.255883,12738
379397636.055737,192
379397645.292675,12799
379397671.098968,853
379397686.743089,12839
379397704.283736,11208
379397720.911071,1532
379397730.809337,11955
379397743.263306,13056
379397758.908076,1113
379397786.886675,13232
379397801.01134,13116
379397810.276954,1067
379397827.156233,2044
379397842.052281,9037
379397852.986542,13047
379397870.84554,13090
379397881.50883,4427
379397896.371779,1478
379397910.844552,13172
379397918.567521,396
379397932.691822,13166
379397953.696987,11581
379397971.077618,11470
379397991.143063,4253
379398005.909889,8685
379398018.474558,1343
379398041.267869,8758
379398048.539574,13297
379398066.151139,7550
379398079.563355,5663
379398090.595185,13386
379398099.537412,13353
379398116.289355,13383
379398126.643549,4522
379398135.350349,6782
379398146.756863,4046
379398161.748913,6188
379398168.27021,6087
379398188.481096,13282
379398203.674859,13290
379398226.342871,5149
379398243.099605,6595
379398255.147146,9895
379398269.257768,13196
379398287.902872,853
379398303.580989,12862
379398308.637864,1401
379398312.040139,1569
379398325.12747,6241
379398334.171065,10145
379398362.110797,1911
379398381.06691,13101
379398392.698317,1478
379398418.514004,2011
379398425.518577,13042
379398439.511211,6758
379398457.124482,13007
379398464.296826,13002
379398478.456743,12939
379398493.132987,10598
379398508.163058,12965
379398520.589572,12956
379398540.651588,12923
379398546.481021,11423
379398566.596502,12834
379398580.498331,198
379398595.149791,5828
379398601.691684,12844
379398619.1643,4498
379398629.954275,2819
379398644.995866,8283
379398659.950067,12740
379398668.317652,12686
379398681.321862,12758
379398694.107062,12738
379398703.158638,12739
379398713.020554,849
379398736.300932,12656
379398756.309532,1520
379398767.313301,7839
379398778.634274,4495
379398792.800086,12546
379398810.626616,12609
379398820.313368,1835
379398833.013936,2941
379398845.146834,13109
379398855.629423,3451
379398871.107293,12282
379398886.182812,12692
379398899.896319,12671
379398912.947775,12673
379398924.064768,12802
379398939.104468,12680
379398955.328895,12739
379398962.072936,3708
379398982.281929,7117
379398995.05236,13270
379399007.513045,12844
379399014.897416,13001
379399028.815843,11956
379399042.607897,177
379399054.665042,7901
379399067.425303,12852
379399083.117583,12911
379399095.949771,8685
379399108.46745,12990
379399119.381296,7304
379399129.290661,12933
379399138.414841,13009
379399161.904705,10896
379399168.729557,13585
379399175.782362,13155
379399192.782981,13069
379399203.422484,1455
379399209.378895,13103
379399217.470056,11548
379399233.742096,11275
379399244.513793,2229
379399256.470563,13195
379399264.360355,3412
379399277.183117,13612
379399291.579191,1546
379399314.642283,13159
379399338.272422,3592
379399348.749207,109
379399358.629281,2357
379399375.499452,13448
379399398.039407,7844
379399413.160079,13277
379399422.227521,5540
379399438.180279,2539
379399458.681554,4356
379399477.363121,13340
379399488.268759,3807
379399501.267513,1555
379399522.627832,1469
379399545.150953,8472
379399570.563202,2051
379399579.814939,12328
379399586.58307,7532
379399596.308302,7154
379399608.793538,177
379399623.67881,12534
379399637.177156,13267
379399646.723487,5480
379399659.593145,1518
379399673.207443,2968
379399684.172394,13554
379399696.99485,9352
379399712.822892,13174
379399728.60079,13123
379399738.615154,6542
379399751.930696,13029
379399768.007872,12989
379399775.912906,4286
379399786.300476,12999
379399794.563537,12962
379399820.647962,9339
379399832.655474,13006
379399842.977132,8088
379399857.311569,6414
379399873.89688,3255
379399883.241061,2000
379399895.008632,12795
379399899.036778,1405
379399921.008588,12842
379399936.298394,4725
379399944.70322,1743
379399957.568244,2404
379399966.117704,9868
379399985.610365,2884
379400001.717074,12700
379400011.955201,8725
379400028.02922,12629
379400036.739588,12625
379400050.368229,9668
379400063.214861,9133
379400077.805382,6626
379400096.603195,12597
379400110.732507,933
379400122.276837,12714
379400137.985022,775
379400149.315432,3969
379400166.553369,339
379400183.955247,271
379400200.522285,4150
379400211.534177,183
379400225.299905,913
379400238.484995,12786
379400250.101917,12777
379400264.049634,12764
379400274.452698,1460
379400286.275543,12949
379400291.000322,7124
379400314.514974,7238
379400330.175325,12830
379400347.140135,12808
379400357.009178,13446
379400369.547558,3130
379400384.943255,13062
379400402.558468,9683
379400421.361365,13010
379400437.178563,1973
379400447.080937,9487
379400462.673835,13583
379400489.269702,5998
379400512.508798,13037
379400531.253142,8055
379400544.223295,1502
379400560.046292,13137
379400587.135944,1688
379400596.260316,13567
379400607.941028,9891
379400624.340526,1496
379400637.764591,224
379400657.763,370
379400674.637083,7894
379400684.502622,233
379400693.866985,1744
379400711.581334,13309
379400724.685066,13287
379400739.71767,7448
379400761.101124,617
379400774.967751,11784
379400794.125629,8855
379400801.539279,1642
379400815.804427,13473
379400835.273239,5909
379400849.850128,13451
379400861.023196,302
379400876.986692,11056
379400902.770685,833
379400912.194855,2410
379400927.573026,6929
379400938.214622,2693
379400955.866214,8780
379400972.978921,13117
379400982.236064,2541
379401001.915805,13152
379401032.066458,1382
379401041.000095,1684
379401051.398235,1230
379401070.381208,1162
379401082.523897,1434
379401097.593238,2064
379401121.998684,13349
379401135.18034,1754
379401147.975685,1458
379401166.564882,12924
379401175.984491,12889
379401195.108332,12957
379401196.57804,230
379401207.967216,12858
379401216.878008,12977
379401227.940922,374
379401257.276843,323
379401275.705509,2518
379401289.644189,1323
379401310.152373,1500
379401335.493882,12861
379401344.782503,12752
379401360.60749,12718
379401366.06672,279
379401378.749859,11370
379401390.174131,10697
379401406.303573,12572
379401415.83969,12584
379401423.60481,7740
379401442.257446,188
379401455.987523,4503
379401471.239595,8102
379401485.152961,12598
379401494.028755,12986
379401522.426126,12675
379401540.859283,3726
379401552.818438,12761
379401564.601778,1506
379401577.90285,1544
379401604.621595,589
379401621.322435,11342
379401633.611897,13484
379401645.524805,12796
379401653.769218,1483
379401664.796984,13423
379401681.16905,8406
379401689.276115,12899
379401697.472261,13182
379401710.51803,350
379401722.798894,11430
379401735.147155,12895
379401742.595528,9895
379401758.276999,12976
379401773.07271,3520
379401786.979398,93
379401799.913322,13032
379401814.590847,10926
379401830.282598,534
379401840.345909,13060
379401850.862002,13457
379401869.352449,179
379401879.189825,5344
379401889.970937,11512
379401919.623053,433
379401932.656281,4856
379401952.509233,1533
379401970.457757,13364
379401987.173135,9992
379401991.298289,13328
379402006.360179,2293
379402023.877723,13265
379402032.929893,13322
379402058.296723,13119
379402070.588456,2584
379402080.545234,13325
379402087.783347,103
379402111.226464,1500
379402128.178044,13429
379402139.024818,248
379402150.824247,1106
379402161.386852,9809
379402171.509483,92
379402185.760532,189
379402197.81174,13318
379402212.767131,219
379402226.948845,444
379402239.436109,13408
379402255.670527,13242
379402272.7378,11863
379402290.862932,12307
379402301.291685,10509
379402315.92765,13164
379402338.389952,13352
379402350.06017,13102
379402375.149383,1453
379402381.149706,1956
379402394.253424,8594
379402407.259063,6913
379402413.427629,4706
379402427.087814,13019
379402452.596751,13486
379402475.410903,3888
379402490.016803,7193
379402492.983201,10949
379402495.540967,601
379402518.757632,244
379402537.923911,12867
379402552.648957,1019
379402571.807423,12818
379402590.299705,2497
379402595.763535,2198
379402596.064869,5561
379402602.219507,11391
379402613.204232,4542
379402629.902796,4425
379402643.584466,2860
379402656.87385,1790
379402670.068772,10172
379402685.131811,12699
379402696.719078,1460
379402704.757655,2337
379402722.046039,12597
379402740.594148,12612
379402751.808481,5668
379402759.775354,12586
379402771.111412,260
379402787.245694,13381
379402800.076636,111
379402814.487065,12617
379402827.193963,4137
379402839.057115,964
379402849.613414,116
379402860.679101,1965
379402877.95125,12640
379402890.123899,12985
379402901.538616,12721
379402916.495266,10375
379402934.22292,1475
379402941.044566,12823
379402955.805639,9092
379402966.33048,12762
379402976.856634,4241
379402992.6404,12889
379403006.175944,12917
379403018.037616,13378
379403036.8797,1293
379403054.693768,12964
379403072.504471,522
379403084.700171,13024
379403103.040355,12984
379403110.89654,498
379403128.545658,12981
379403139.820874,6613
379403144.133907,4044
379403168.392557,1069
379403182.872249,13014
379403212.855588,13054
379403219.963772,13110
379403228.842668,13076
379403246.292843,1465
379403259.043025,1376
379403280.96007,13476
379403288.581587,5353
379403308.822727,10528
379403322.64154,2410
379403334.169693,13225
379403347.173742,6621
379403356.920653,1436
379403372.322139,9677
379403394.164098,13455
379403406.315908,1440
379403418.915336,13403
379403432.079696,13493
379403442.920408,9322
379403451.071049,12428
379403467.392286,4335
379403480.120187,2102
379403491.850756,9013
379403512.662763,1489
379403527.671169,13314
379403552.053449,10909
379403566.915964,11404
379403593.630036,2622
379403604.460678,6211
379403614.925138,8690
379403627.27071,6567
379403645.082836,13155
379403655.917392,1078
379403665.234856,7601
379403679.076445,1964
379403694.737651,1345
379403708.542572,13098
379403725.286935,13033
379403740.321003,6003
379403746.079976,13021
379403764.623979,742
379403776.683985,5119
379403787.090168,2440
379403800.874701,12972
379403815.124249,13123
379403829.457067,6496
379403842.572717,12899
379403861.460355,11045
379403871.9054,1035
379403879.066858,12863
379403900.461344,12779
379403915.745189,5544
379403923.704677,12000
379403933.891988,12469
379403956.02687,12722
379403969.819634,12739
379403978.565403,12751
379403990.743164,1425
379404004.303705,12756
379404018.162566,12866
379404033.639098,1511
379404049.064242,1601
379404062.699194,12262
379404070.128868,1849
379404082.768743,10026
379404097.201565,625
379404108.284344,12577
379404123.130505,1573
379404136.331681,1546
379404150.764074,152
379404159.999404,12649
379404174.405445,5288
379404182.718791,4569
379404206.442312,4888
379404224.551096,12681
379404235.688484,12313
379404251.439211,762
379404270.209126,11934
379404285.261692,12807
379404290.520475,6259
379404306.291457,3980
379404323.50587,2937
379404331.688608,475
379404342.602714,2629
379404355.495959,12888
379404366.938459,13244
379404381.242698,3868
379404393.949019,12953
379404402.670479,12958
379404416.153438,12967
379404428.740674,12917
379404444.635453,1783
379404460.302495,13020
379404475.332386,929
379404494.42645,13109
379404505.267638,1616
379404520.987156,13056
379404536.76848,13228
379404554.564081,13499
379404564.807978,8856
379404585.087504,13362
379404604.520331,193
379404618.578318,10532
379404639.302058,13262
379404651.512695,550
379404661.163312,13313
379404681.447818,13298
379404695.796616,8187
379404707.743509,192
379404717.951956,13356
379404730.010852,1452
379404746.365892,904
379404759.141618,2531
379404775.713556,13423
379404787.201791,10249
379404803.451868,13349
379404824.071392,13326
379404842.460829,10746
379404857.773264,13264
379404867.358956,2420
379404897.36724,1164
379404915.680946,13243
379404930.684754,678
379404941.765878,1497
379404946.867024,197
379404956.204192,1508
379404964.874033,1320
379404972.116536,5535
379404983.824533,13419
379405010.351249,13054
379405027.817283,13510
379405035.456937,13092
379405050.332869,1544
379405059.764541,12993
379405081.128841,1337
379405094.950857,5249
379405102.924833,1480
379405112.891639,12932
379405138.797141,11718
379405148.425251,13284
379405168.632833,7814
379405181.686203,12844
379405193.282016,12897
379405206.019263,12968
379405217.349181,6190
379405221.358833,12862
379405228.348797,13083
379405244.778877,12779
379405257.12334,1505
379405282.785559,6066
379405301.641167,1484
379405317.377379,2633
379405332.731999,5337
379405353.485432,190
379405361.431887,109
379405377.527577,7998
379405391.313514,5510
379405397.069415,12596
379405416.832792,12548
379405430.751208,4641
379405447.804329,5942
379405463.68555,12582
379405471.853022,11257
379405492.865614,334
379405507.790415,12751
379405516.745189,12709
379405527.702081,1529
379405541.762043,1509
379405552.897685,12699
379405562.728825,176
379405577.908361,11851
379405599.040979,8939
379405619.825537,12962
379405643.997514,7061
379405648.465133,419
379405668.211378,12833
379405680.025326,12941
379405687.123311,2105
379405697.6241,12935
379405715.278479,13125
379405739.430618,12952
379405759.987624,4599
379405779.083252,13102
379405784.503675,12133
379405804.982435,1540
379405819.579588,5524
379405829.650932,3980
379405836.790126,192
379405851.865463,2100
379405861.049622,1527
379405882.437241,13107
379405891.586566,6832
379405904.479302,570
379405924.063961,13159
379405935.313444,1497
379405949.235439,13197
379405965.166675,193
379405983.286644,1454
379405996.302589,13291
379406021.246155,13479
379406040.436989,13293
379406051.112088,13298
379406059.804146,8546
379406072.180888,13440
379406099.503044,1554
379406112.321178,8063
379406125.386469,13385
379406143.128033,13387
379406166.609657,3401
379406179.598669,13194
379406194.312665,1494
379406204.753502,2730
379406219.266097,5598
379406231.491439,13378
379406255.30116,4011
379406265.321233,1848
379406276.576868,13211
379406292.609285,12082
379406315.193373,13119
379406333.387123,2555
379406350.012864,9520
379406368.668904,11069
379406382.958417,13123
379406397.98832,13080
379406403.458164,10148
379406417.329271,5940
379406427.680316,12985
379406429.827759,12989
379406440.254209,244
379406451.645357,13205
379406464.493749,7574
379406476.778158,12885
379406485.545281,9600
379406504.843668,8957
379406513.644047,950
379406524.000569,5971
379406540.947205,12817
379406554.446801,13044
379406565.044589,11735
379406571.406268,13194
379406583.944063,1524
379406598.930097,3061
379406614.076955,1540
379406628.099423,514
379406636.325077,9491
379406655.040177,4087
379406673.422453,12615
379406685.956693,2919
379406706.978392,12605
379406718.980897,3240
379406733.502672,1290
379406747.827101,801
379406761.508293,12589
379406772.303615,12604
379406781.689362,11408
379406797.921717,12915
379406811.928119,132
379406832.18574,1522
379406841.064529,1376
379406857.395371,1546
379406869.302124,103
379406882.656728,6916
379406893.646952,135
379406905.054886,4759
379406920.467523,12774
379406934.355949,13098
379406960.352353,12834
379406976.845278,12830
379406997.67773,2610
379407016.141251,6660
379407038.368744,10758
379407054.748888,12929
379407074.742934,13036
379407091.570256,672
379407106.696267,6779
379407114.037037,9483
379407124.714908,13100
379407149.378776,13033
379407157.67303,13025
379407174.600089,13319
379407188.398304,13175
379407199.62793,1481
379407222.377396,12054
379407256.901745,13183
379407270.043862,4368
379407277.219319,9682
379407290.542868,2731
379407302.977479,11019
379407320.161843,13470
379407327.301121,584
379407340.701343,479
379407355.950887,2114
379407368.054446,13580
379407388.33736,5831
379407403.663241,13382
379407413.330639,11111
379407427.452711,3616
379407440.203733,6997
379407452.091176,13370
379407473.817559,280
379407485.809472,266
379407500.520246,3973
379407520.550093,13290
379407531.125071,13264
379407540.416556,10056
379407565.627681,13230
379407576.030272,9013
379407581.392695,1329
379407582.082692,13241
379407591.398037,9005
379407605.987574,13577
379407616.302163,13159
379407638.204788,194
379407649.293024,13137
379407665.43545,1211
379407679.903328,1589
379407698.029141,9573
379407709.636788,4477
379407733.529667,13008
379407748.471929,12982
379407751.185629,12056
379407761.782724,13001
379407771.47774,12939
379407777.814713,12915
379407793.217818,3435
379407797.604524,7770
379407817.407123,13017
379407840.429008,6931
379407855.936848,13063
379407869.58657,1432
379407884.476844,6667
379407902.683095,12717
379407911.889509,12851
379407920.514989,2438
379407943.599007,7615
379407965.948062,12914
379407975.734211,311
379407981.998033,3750
379408001.383096,8011
379408005.001356,13243
379408022.344665,12635
379408030.892048,3103
379408040.861953,12614
379408057.4819,12855
379408070.723244,12618
379408078.702555,7448
379408088.769753,12559
379408100.14432,12608
379408123.988841,12693
379408131.023403,4994
379408142.745344,12935
379408156.692222,160
379408163.128794,3768
379408178.564015,9565
379408197.843783,1414
379408209.896985,7523
379408224.942654,6585
379408236.174875,3040
379408251.696675,12553
379408257.244963,12767
379408264.301767,12772
379408280.968665,11555
379408300.842176,122
379408317.3723,12894
379408325.57144,3630
379408346.127347,12877
379408353.813443,3472
379408370.517832,1500
379408379.00092,1810
379408403.454939,12971
379408428.340586,1147
379408448.345029,13009
379408462.131451,13172
379408477.830407,759
379408487.668778,1424
379408506.710805,3118
379408518.825591,3504
379408525.075798,2844
379408548.732315,13141
379408570.187948,1487
379408582.103189,13212
379408593.930977,2227
379408612.584095,4353
379408629.777839,13636
379408640.783018,4289
379408661.294303,13465
379408679.6088,6323
379408693.792236,13518
379408711.40585,13311
379408722.385757,13355
379408737.651223,1565
379408747.432834,13458
379408766.320795,5058
379408784.356931,1440
379408792.736121,9676
379408802.432673,12220
379408812.095451,13318
379408826.984632,4488
379408845.486673,314
379408860.838716,110
379408883.118358,331
379408896.221853,11576
379408907.550756,10301
379408921.101942,7248
379408924.22863,13237
379408933.937186,11903
379408951.88827,13147
379408971.077873,13126
379408982.571894,106
379408992.895934,13093
379409009.74522,183
379409025.410492,3937
379409040.881613,9994
379409055.386704,12986
379409077.493435,1666
379409089.543914,1464
379409107.685743,13045
379409123.993927,13554
379409133.993565,13151
379409143.763872,2158
379409163.883432,8975
379409185.744726,203
379409202.371532,900
379409210.875859,12813
379409223.9966,1237
379409238.467293,1189
379409248.764508,4855
379409264.117056,2576
379409282.70635,12973
379409306.147745,7793
379409320.429135,12673
379409330.056027,9483
379409346.735514,1812
379409358.220237,13176
379409373.539876,9800
379409383.716149,2175
379409403.636806,12519
379409408.36752,12553
379409419.021052,1724
379409422.430974,225
379409437.167135,1861
379409464.174692,12569
379409486.958507,1493
379409506.107697,2785
379409519.11315,7782
379409530.763564,7017
379409548.488963,1461
379409556.163815,12723
379409568.689419,12949
379409575.568376,12806
379409595.577823,5561
379409612.812174,1407
379409638.906101,13037
379409656.818413,1442
379409674.505442,6676
379409683.174809,12946
379409698.479241,12949
379409717.314608,105
379409737.858542,1034
379409754.684614,1892
379409763.909481,1170
379409779.613885,13047
379409789.086028,10818
379409796.332872,13039
379409809.05668,12689
379409827.441264,1501
379409835.742721,11992
379409848.132174,1465
379409867.627337,240
379409878.879629,13359
379409885.843747,134
379409921.107617,13160
379409949.523371,7523
379409966.936248,1471
379409979.144971,13288
379409989.668902,1946
379410004.084607,8348
379410017.324612,13455
379410040.360883,13326
379410051.479759,13393
379410065.685639,4160
379410079.450935,8903
379410084.803901,789
379410102.83549,13557
379410120.419627,13304
379410133.805611,13455
379410144.554275,13509
379410153.826641,13298
379410168.306583,7626
379410197.521512,13497
379410210.421148,1035
379410233.160321,1460
379410244.991303,465
379410262.518517,3230
379410277.036888,1468
379410285.608904,13177
379410311.214729,13135
379410327.417768,153
379410345.490321,1428
379410350.900738,13099
379410363.716366,3606
379410376.1744,13170
379410385.257761,1386
379410399.052501,13036
379410407.850787,13044
379410424.654714,1837
379410438.167972,12973
379410456.777061,3684
379410477.173063,12868
379410489.35006,107
379410505.696038,3406
379410520.413134,1958
379410536.471426,13600
379410549.242296,7245
379410567.965903,325
379410575.958138,5129
379410589.011628,1501
379410605.782776,12743
379410624.134736,1493
379410644.343591,12704
379410651.788233,3095
379410668.57515,126
379410680.479513,12673
379410690.942073,12427
379410709.48573,6287
379410722.987999,3275
379410731.064906,12979
379410743.422409,10827
379410759.978441,12615
379410775.325207,1520
379410788.410681,12898
379410801.531708,5288
379410809.329831,11999
379410825.750963,9458
379410835.502105,1640
379410845.642172,3675
379410864.963934,1476
379410876.726819,13610
379410885.481862,9678
379410891.667039,6603
379410905.790507,3516
379410925.903155,12827
379410941.006201,3021
379410956.12003,873
379410976.615127,10734
379410976.925034,3259
379410992.396415,1495
379411010.145859,234
379411029.180552,618
379411042.2333,12954
379411055.103474,4102
379411070.307257,1113
379411091.173395,1440
379411102.392377,12985
379411110.992658,4891
379411130.627531,6198
379411145.977028,2717
379411159.756656,12449
379411175.392674,13190
379411182.524972,3395
379411196.49468,13637
379411212.889971,9680
379411230.428105,13315
379411239.375461,4152
379411265.035343,9192
379411273.573811,13464
379411285.415833,11479
379411288.045285,13283
379411300.953528,758
379411311.087923,4640
379411325.188623,11840
379411342.64821,11490
379411351.4402,7475
379411370.007757,13561
379411382.291594,13335
379411399.534981,9400
379411408.044377,13428
379411420.29681,13385
379411433.621172,13380
379411445.802663,13379
379411458.666144,13335
379411475.980714,13276
379411491.909564,1539
379411497.41714,1452
379411514.579215,13300
379411534.268615,263
379411549.045775,13253
379411560.922402,6686
379411569.923069,1510
379411576.921669,3459
379411584.570465,13135
379411593.152201,1481
379411609.762944,2757
379411630.49213,1360
379411636.180109,13109
379411648.498936,13300
379411669.381333,2647
379411681.543683,13005
379411705.326515,1486
379411723.099961,1571
379411748.004137,1635
379411758.999847,13108
379411769.213572,13152
379411791.491146,12975
379411807.939046,12860
379411827.800366,12874
379411845.797998,12887
379411862.623172,13176
379411868.893106,7249
379411879.616859,13606
379411893.705765,9163
379411910.383977,2871
379411928.811165,422
379411946.726281,12738
379411960.324818,12012
379411973.825445,12730
379411989.184792,1517
379412005.980795,12641
379412018.504691,5445
379412020.299681,12670
379412036.585516,8773
379412049.244678,12636
379412061.818452,1467
379412071.118418,10949
379412084.964623,12565
379412094.309857,13262
379412110.092641,10596
379412120.987271,9610
379412134.788878,4926
379412144.50915,6638
379412158.270481,3175
379412173.605187,5594
379412186.67366,12778
379412206.628764,7441
379412225.249952,12892
379412238.310458,4119
379412255.530116,6376
379412267.105668,12817
379412277.995222,1494
379412287.702084,6377
379412301.444223,5833
379412311.330863,5460
379412321.620613,12935
379412333.313794,5789
379412345.457764,9100
379412360.186973,13047
379412375.652752,1477
379412391.741874,12982
379412404.082897,1548
379412415.113742,13176
379412423.001584,5371
379412438.56663,1694
379412455.403141,1745
379412465.573679,9732
379412477.889623,13138
379412495.182198,169
379412512.609342,2026
379412527.798334,11229
379412540.117435,1529
379412550.947085,13175
379412557.601979,5672
379412569.63988,7408
379412584.539332,3794
379412605.770588,6004
379412623.387044,174
379412635.144315,13331
379412648.112926,13354
379412663.174364,13305
379412675.36032,12675
379412692.725165,13419
379412705.862415,8018
379412730.684517,318
379412751.284586,13388
379412763.864873,2080
379412778.181165,13411
379412794.482764,793
379412804.861814,10460
379412821.597731,4821
379412831.249993,590
379412845.676824,6500
379412864.898402,1510
379412877.498886,4941
379412896.800541,13188
379412910.685106,13526
379412927.976596,6362
379412948.142338,1424
379412959.294168,9688
379412980.156089,13040
379412996.354593,1517
379413009.518847,9356
379413027.691407,12983
379413032.371539,104
379413044.533069,1653
379413056.18477,13147
379413069.397886,12193
379413081.565784,13266
379413091.366423,12966
379413101.137063,4622
379413111.543186,5257
379413126.293563,3641
379413138.471591,197
379413147.45228,6579
379413153.180043,12848
379413159.004975,1187
379413179.997681,1509
379413182.588695,12865
379413199.004859,7925
379413217.162101,12070
379413232.363026,12809
379413243.945158,599
379413253.257562,1909
379413262.924859,1198
379413284.56575,457
379413296.221303,2856
379413309.993183,12645
379413323.205719,249
379413341.173345,12860
379413365.823732,12704
379413376.137595,12562
379413383.874352,280
379413392.777986,10772
379413407.290515,10300
379413420.200093,10814
379413436.64358,10563
379413452.485165,12579
379413464.412242,7024
379413470.371302,1494
379413500.734796,9765
379413514.322214,6643
379413525.426626,545
379413535.982897,4182
379413555.58046,12753
379413573.756499,12930
379413580.480893,12818
379413597.441761,3114
379413608.341935,12873
379413619.92155,1896
379413635.754929,13486
379413647.26731,1491
379413667.58739,915
379413676.49174,13057
379413691.793319,1545
379413712.617784,12080
379413723.275105,12968
379413731.075089,13027
379413740.873387,630
379413757.994654,5464
379413769.704811,4515
379413787.607812,12758
379413797.18132,13058
379413810.209858,5844
379413820.267109,13279
379413829.790891,2664
379413848.506925,120
379413859.901448,13178
379413866.980117,13441
379413882.832187,13234
379413900.546996,287
379413916.230714,12283
379413932.352269,13278
379413942.819105,715
379413949.643961,128
379413967.877262,13340
379413987.395446,5794
379413997.003347,5925
379414004.114897,1379
379414024.12116,13372
379414032.751158,7932
379414042.245934,13366
379414059.132187,7725
379414080.770364,1480
379414092.102678,13398
379414111.564175,11842
379414136.767864,1904
379414151.554581,13333
379414169.397014,9677
379414177.270177,13362
379414185.346629,13329
379414194.629996,13249
379414206.63279,4119
379414217.58535,1654
379414230.92912,4444
379414246.981474,9904
379414269.809041,13328
379414280.609116,13153
379414288.673933,13265
379414308.639309,171
379414324.984356,6144
379414348.273946,1208
379414366.586373,9028
379414383.211573,13012
379414393.206035,1133
379414410.548277,12939
379414429.521498,12937
379414445.137229,8497
379414458.235179,12559
379414464.724753,12917
379414474.305081,12914
379414497.835811,1432
379414518.294516,1506
379414530.230502,12845
379414539.920884,6497
379414562.063318,13541
379414565.989198,5351
379414585.183558,8139
379414604.29351,6922
379414618.977707,13471
379414629.964077,1590
379414645.795207,2500
379414657.86192,363
379414667.819587,11546
379414681.869924,1501
379414708.252333,4261
379414730.780164,8281
379414758.131426,1184
379414776.513511,5803
379414791.330686,12686
379414807.56696,1294
379414818.065827,13109
379414830.441102,12684
379414840.844414,12805
379414862.788231,1990
379414871.230528,5207
379414888.161053,13197
379414901.124044,4189
379414910.948947,12797
379414919.834456,12849
379414941.382094,11625
379414954.019011,12859
379414965.382006,12847
379414982.49072,3246
379414995.664419,11144
379415004.606815,8765
379415018.993989,12964
379415026.423209,9186
379415044.435899,12954
379415057.756998,12359
379415072.603403,12995
379415087.547716,280
379415103.985734,548
379415117.841032,13111
379415129.507,1807
379415143.704581,5041
379415157.864231,1484
379415174.127369,13083
379415195.96844,5100
379415222.740429,13185
379415230.919668,12408
379415258.522856,1118
379415273.337577,9104
379415288.781088,253
379415303.352731,5779
379415321.028985,9691
379415329.257117,1546
379415341.915541,13373
379415350.845282,5655
379415365.711472,1158
379415375.279156,13625
379415401.651986,5763
379415417.948101,502
379415421.943829,6460
379415434.747322,1468
379415447.427235,13356
379415459.907655,6977
379415471.966499,2417
379415490.191007,7076
379415502.407188,6363
379415520.503713,13179
379415535.216902,13508
379415552.637573,1463
379415562.261241,507
379415577.983674,1861
379415590.42684,11410
379415619.033474,13184
379415634.111199,1370
379415645.02045,1508
379415658.419796,9535
379415668.037981,11084
379415680.411169,5148
379415698.672518,12961
379415715.551325,12985
379415733.717503,613
379415765.323454,12882
379415789.373584,6282
379415803.652482,615
379415817.862843,471
379415836.069824,7212
379415846.284481,12786
379415860.830187,1324
379415866.272226,7350
379415875.699578,2885
379415890.075434,101
379415900.81153,11799
379415906.904656,12845
379415925.581242,213
379415935.594137,1512
379415948.65784,5527
379415957.143168,13156
379415977.331553,1511
379415992.733515,141
379416020.26599,11251
379416027.97133,165
379416042.84199,12502
379416057.732202,12545
379416080.076753,1821
379416091.650579,5982
379416108.626966,12683
379416120.602553,4101
379416126.101871,12651
379416135.494646,12655
379416152.627008,12686
379416168.010327,10675
379416177.127908,13032
379416198.271101,13515
379416211.851785,8399
379416224.622695,12758
379416238.814835,5817
379416253.279864,10823
379416267.590999,3490
379416278.164293,13391
379416288.062321,12865
379416304.223595,12846
379416318.432125,12996
379416324.28842,12232
379416336.265591,6043
379416351.880558,12940
379416363.221394,13013
379416373.750035,2067
379416394.067268,12969
379416412.283888,91
379416424.057089,13596
379416443.534837,13110
379416464.110885,3361
379416471.932691,13107
379416485.090422,993
379416510.791284,1415
379416526.295972,13118
379416535.78839,13231
379416561.270074,3316
379416581.099894,13226
379416605.864764,13241
379416618.547367,1144
379416631.834386,8959
379416641.337339,13431
379416658.207384,854
379416675.506045,4434
379416693.385154,13404
379416708.150092,13446
379416721.159757,13434
379416741.86644,13390
379416747.824704,396
379416754.516072,568
379416782.530935,13288
379416792.9665,151
379416802.782372,13323
379416821.211658,13260
379416832.609519,13353
379416852.620572,13189
379416859.624183,11558
379416874.501332,1445
379416892.097823,13166
379416910.478556,13159
379416920.429179,3449
379416933.788326,13139
379416949.667987,13131
379416959.614923,469
379416985.385726,13474
379417007.660255,13052
379417021.251318,13590
379417032.611664,7106
379417048.052542,8828
379417062.221445,12973
379417070.297714,12931
379417083.30913,202
379417094.868232,7394
379417105.989601,1484
379417127.293071,1370
379417144.622664,12942
379417163.708732,1039
379417182.293895,2218
379417190.773781,121
379417202.619083,4098
379417217.322947,1463
379417230.207703,12753
379417239.276133,1880
379417253.473387,12680
379417261.7543,7773
379417274.759905,1448
379417293.617881,12647
379417303.376428,4871
379417318.267805,599
379417335.665186,124
379417360.744559,7362
379417369.352887,11939
379417376.83981,12572
379417396.43555,1400
379417412.736108,8018
379417424.234336,13555
379417440.969939,320
379417458.415079,7916
379417470.261207,12778
379417484.16429,4078
379417509.72325,12728
379417523.642727,12757
379417528.674189,1074
379417542.10547,12839
379417553.722158,1518
379417566.086329,980
379417570.07369,251
379417584.963812,12838
379417594.538757,13017
379417616.350656,1451
379417624.837466,12119
379417645.63201,1479
379417659.737461,8064
379417679.986881,1411
379417710.485846,1437
379417724.758757,3150
379417743.837433,13040
379417771.086275,5173
379417781.099879,1711
379417795.78786,13063
379417800.746032,6137
379417814.345453,11671
379417824.71145,7774
379417840.326056,13147
379417858.710289,13162
379417867.513078,13247
379417875.636539,13439
379417885.570205,1464
379417898.864581,13242
379417911.008394,13615
379417931.981523,13232
379417944.832837,1603
379417960.094751,10447
379417969.137483,6350
379417986.797875,13328
379418000.085668,148
379418016.042526,13342
379418027.23032,1460
379418038.606136,2087
379418060.293241,13459
379418070.336789,1420
379418080.823332,10559
379418099.652592,13372
379418120.028035,4754
379418139.746535,636
379418154.68719,2093
379418162.239991,4338
379418173.575083,1456
379418188.973052,9759
379418205.330839,7538
379418224.339785,2659
379418243.769846,13137
379418269.588833,1444
379418291.438927,13101
379418301.746886,12035
379418313.727381,13562
379418333.284645,13007
379418338.388787,8435
379418350.758172,12443
379418369.756461,5186
379418388.227447,2386
379418397.388696,12923
379418412.849233,12963
379418425.37553,12913
379418435.96883,151
379418445.049015,6645
379418455.707471,297
379418467.884768,11408
379418477.016449,1397
379418489.050258,12864
379418500.084101,5172
379418513.453222,6838
379418524.303071,8518
379418541.759075,118
379418575.672989,12711
379418586.006657,12653
379418597.684603,4544
379418613.497079,12674
379418622.024387,274
379418644.786834,12604
379418661.04279,12591
379418680.407577,4194
379418693.012861,12747
379418702.746645,2327
379418716.617423,7006
379418726.4094,5535
379418735.53553,12585
379418754.346862,12916
379418762.957837,672
379418772.659965,12699
379418786.302055,13127
379418797.226941,12735
379418804.619547,12696
379418820.568458,13454
379418834.946042,9152
379418851.560746,12718
379418872.460674,7015
379418884.472755,12761
379418901.308766,8665
379418917.557558,11111
379418932.011407,467
379418955.449715,12906
379418967.243651,161
379418989.572048,3639
379418998.123113,12960
379419008.565543,9111
379419017.518126,304
379419026.712597,13033
379419049.19313,13001
379419075.084042,3750
379419089.404276,13048
379419103.346987,9429
379419125.122035,2331
379419133.808943,7033
379419147.192232,13338
379419164.41076,6439
379419186.478437,13224
379419198.423341,13266
379419213.499974,13250
379419228.0562,11511
379419261.313474,6805
379419280.738896,1516
379419298.683401,12881
379419307.260843,8432
379419323.681154,3196
379419338.074791,1426
379419348.819363,9556
379419359.970001,11712
379419381.91842,13440
379419402.811536,11244
379419419.728016,13543
379419434.179393,13430
379419450.096067,3660
379419473.797346,13243
379419494.153542,9495
379419506.559701,5070
379419527.080339,13188
379419549.246769,13188
379419562.202982,3992
379419586.255674,5105
379419600.131019,1443
379419618.862404,761
379419625.591506,3870
379419643.688991,13053
379419654.77547,6276
379419661.41963,848
379419671.858762,12979
379419683.780903,529
379419695.056756,12950
379419703.03213,1266
379419709.152015,9618
379419719.912209,1441
379419724.523673,1550
379419743.342409,2211
379419756.65316,1874
379419767.717351,12867
379419772.691443,13164
379419775.974648,110
379419785.593764,5912
379419802.677108,13044
379419821.416432,12817
379419836.981202,1864
379419842.488576,831
379419856.280084,12757
379419866.233204,4046
379419880.210973,10168
379419894.49389,12766
379419907.821067,12801
379419918.922231,12832
379419930.819498,7628
379419940.86964,12694
379419948.737675,12761
379419959.953415,12639
379419976.645758,2817
379419992.902188,6223
379420002.023167,4427
379420014.88559,12679
379420023.133655,13172
379420041.609564,11066
379420054.606417,12608
379420066.113027,13455
379420074.487227,7225
379420087.401694,13183
379420104.866891,12866
379420121.565944,11946
379420132.406252,11820
379420150.101639,633
379420164.443812,358
379420174.649336,1512
379420185.577846,1881
379420199.408859,12788
379420215.985203,393
379420230.858931,13075
379420243.68476,3914
379420254.517289,5872
379420272.786367,4277
379420282.82908,12900
379420299.884936,13252
379420303.836549,1425
379420315.016166,11169
379420332.984708,1436
379420351.87989,2432
379420369.971466,7991
379420391.217631,13038
379420397.409451,493
379420421.55672,13070
379420436.212195,11255
379420453.338267,372
379420473.653279,13080
379420484.070858,6009
379420503.452727,1517
379420518.1996,148
379420529.013745,13587
379420541.838689,13207
379420556.565308,6841
379420569.617312,13232
379420579.040096,13236
379420604.525907,5934
379420622.697255,9858
379420630.040287,2678
379420646.044382,13361
379420663.709768,13414
379420682.162037,1565
379420688.087225,1447
379420702.761853,1541
379420720.708678,13437
379420735.007668,1096
379420756.427559,1447
379420770.107158,13315
379420783.237897,9371
379420797.108,8121
379420807.865952,7487
379420827.516699,13237
379420842.261524,13338
379420864.321847,540
379420875.570365,2123
379420894.74039,13138
379420908.053367,1459
379420932.542116,13037
379420944.880113,1265
379420959.880689,13081
379420976.993517,11742
379420984.100797,12408
379420995.781293,1173
379421009.639834,13502
379421022.889858,1476
379421039.607327,4816
379421045.170924,12989
379421058.178901,12930
379421068.607462,3447
379421079.204496,13374
379421091.276451,11817
379421101.298239,5517
379421125.011745,11283
379421140.093492,12779
379421148.647978,348
379421161.166793,13289
379421167.659693,12803
379421188.744704,12773
379421193.185092,102
379421205.860638,12779
379421223.726092,3460
379421236.913549,105
379421249.25304,13003
379421258.80444,12841
379421269.954985,12671
379421279.587489,9721
379421289.946185,4125
379421309.066859,10444
379421330.335032,1691
379421341.237612,1530
379421356.43005,12561
379421376.260195,12631
379421396.404656,12602
379421410.525241,10523
379421416.451615,6514
379421429.2271,12669
379421453.541832,2728
379421470.691406,1378
379421483.001814,1508
379421490.807591,1040
379421514.500174,12726
379421523.714812,92
379421533.21963,12884
379421545.200442,12761
379421556.027549,11063
379421573.517849,550
379421582.449827,1305
379421607.025565,13555
379421611.823687,12932
379421623.877599,2262
379421642.064149,4668
379421654.320363,12889
379421661.120428,5005
379421672.172401,8594
379421682.962195,13051
379421691.907055,1519
379421709.048029,4220
379421724.613353,6425
379421733.868282,13072
379421736.621602,1500
379421744.599911,9563
379421754.117242,13091
379421766.454877,10927
379421778.784721,5978
379421794.31727,4382
379421812.376353,787
379421822.569439,1467
379421827.180993,1446
379421846.765122,4188
379421851.774374,6430
379421867.833491,9682
379421890.563913,1120
379421906.370375,7584
379421921.274925,13367
379421933.559161,1852
379421953.842964,1507
379421970.075997,1498
379421976.767647,8924
379421985.914722,1772
379422003.220314,3362
379422016.198703,6988
379422037.021931,13401
379422046.591391,13585
379422060.427251,12429
379422068.210535,13404
379422076.862322,2511
379422091.375182,13492
379422098.193846,1442
379422109.256591,13587
379422117.761838,6303
379422126.549572,8299
379422136.699243,13265
379422152.503973,13225
379422163.736272,13177
379422170.65152,3997
379422180.561289,5314
379422200.202836,13181
379422211.319603,244
379422226.634017,3410
379422234.138823,2335
379422245.789424,13069
379422258.012412,8027
379422270.168858,3897
379422279.969724,13111
379422296.111123,13346
379422308.793537,10415
379422321.332738,13049
379422336.39988,8127
379422349.780137,12942
379422352.930016,127
379422369.216717,4050
379422380.59941,12964
379422392.895208,12938
379422401.738154,7487
379422413.97027,11094
379422431.659419,12877
379422446.721074,2670
379422463.252028,1860
379422471.218477,1443
379422478.475967,8098
379422489.754149,100
379422500.326672,111
379422511.09884,3011
379422523.183723,527
379422529.720325,13636
379422541.669152,9679
379422551.774431,3839
379422558.968582,1856
379422574.140973,3011
379422584.684568,4212
379422599.127288,400
379422615.938884,2281
379422622.588742,1844
379422629.691692,10338
379422651.59266,9431
379422663.439857,5357
379422672.324421,1918
379422681.044367,1794
379422692.461055,7474
379422710.284984,12582
379422715.425556,7380
379422728.550257,12666
379422736.937682,1459
379422748.353439,12784
379422757.788085,12660
379422772.819631,184
379422781.302829,12651
379422788.501812,320
379422802.872884,10444
379422822.67725,12743
379422830.190909,11143
379422843.153163,9595
379422856.603099,12800
379422866.464887,3583
379422873.627936,1741
379422882.666189,12785
379422894.681215,1523
379422900.676734,5866
379422907.096165,6216
379422916.563439,1469
379422925.310607,6201
379422940.350734,261
379422956.329117,2162
379422967.339432,12989
379422971.211237,7892
379422977.584886,9321
379422983.722452,8460
379422989.081575,1314
379423003.42201,11674
379423013.598057,8087
379423024.972409,8723
379423045.96022,880
379423057.200284,5326
379423067.587356,13182
379423075.991345,1279
379423083.382884,1778
379423095.020248,13133
379423107.671241,7513
379423112.052493,996
379423123.05916,12084
379423129.230895,353
379423137.141183,13148
379423147.178176,2605
379423159.119427,1608
379423163.627145,8063
379423179.497175,542
379423188.220188,5173
379423202.495705,12558
379423210.409552,12859
379423220.136105,6155
379423232.274563,4550
379423243.22863,13229
379423250.332875,13285
379423264.20454,13308
379423273.287287,944
379423284.189416,13504
379423288.720908,13349
379423296.863527,13310
379423306.51149,124
379423316.51384,13457
379423330.823432,10701
379423341.310118,13434
379423359.018795,93
379423371.440152,13414
379423381.306802,346
379423398.086511,13292
379423419.884763,1529
379423437.891832,1513
379423454.147086,13271
379423462.755688,559
379423477.221329,13245
379423487.450482,844
379423500.685454,6035
379423507.443734,4939
379423516.216602,623
379423523.199252,7135
379423538.31062,13126
379423556.908047,7435
379423568.601925,10853
379423585.974686,9314
379423596.28319,13087
379423603.40772,455
379423624.792948,1523
379423638.830477,13050
379423654.331252,558
379423671.525393,12344
379423683.673728,12956
379423697.197226,214
379423714.720476,1540
379423720.729597,11651
379423734.372853,446
379423742.515545,782
379423761.660529,2897
379423770.726491,6562
379423784.202192,13089
379423793.294234,2306
379423812.599137,8715
379423828.572399,12827
379423836.68043,12754
379423848.08692,12807
379423861.572487,7202
379423881.480652,2384
379423889.363699,12381
379423904.207202,208
379423917.087624,12978
379423939.574566,1424
379423949.314762,4102
379423958.475337,7637
379423967.652955,6507
379423980.64491,1894
379423997.959006,12549
379424017.097841,12728
379424029.116862,12590
379424041.714992,1489
379424054.130837,8830
379424064.000815,13430
379424080.191266,12607
379424096.663713,8001
379424111.701472,1987
379424117.492738,5416
379424132.718345,222
379424148.691849,12772
379424166.958131,10179
379424180.470521,12725
379424189.188017,5714
379424200.296075,3515
379424211.523261,12769
379424231.479208,303
379424239.722754,850
379424260.067492,12891
379424265.686835,446
379424284.838274,1048
379424299.161543,12909
379424309.228159,13041
379424324.005593,13009
379424339.766623,1439
379424347.07671,597
379424363.945606,701
379424376.662102,1521
379424395.3823,12987
379424401.537164,5758
379424414.717053,13120
379424427.808563,9219
379424444.74723,91
379424453.209216,7648
379424462.075033,7690
379424480.548177,2364
379424492.066492,1148
379424504.768258,6082
379424521.877851,1466
379424540.432179,9653
379424555.128931,1251
379424564.150714,3378
379424580.210592,11085
379424597.938262,13333
379424617.483416,6159
379424626.659419,1251
379424635.114563,1516
379424650.044749,13307
379424657.352518,8354
379424675.363105,13382
379424695.597548,5287
379424712.939411,2550
379424720.565942,8576
379424744.325057,13367
379424762.504445,9150
379424771.404245,13246
379424778.68209,7734
379424783.939747,4016
379424791.828006,13251
379424799.535136,13238
379424809.02783,6756
379424827.910192,5245
379424835.132995,9257
379424842.534329,2879
379424847.981055,13350
379424861.579373,13583
379424880.95805,2731
379424896.296213,13105
379424907.258876,538
379424917.354844,8091
379424934.721191,642
379424945.106069,13056
379424958.603654,112
379424969.864284,209
379424981.610003,9763
379424988.304215,9491
379424996.989,236
379425008.323788,1225
379425018.397925,628
379425029.276687,13148
379425045.931605,12038
379425059.914246,8392
379425072.122007,12870
379425094.258334,527
379425103.667935,7009
379425120.162023,213
379425137.508347,1214
379425152.59264,12774
379425175.88863,1582
379425195.54406,8476
379425213.730185,5070
379425225.981451,200
379425243.838727,2491
379425258.022421,12651
379425274.81695,4612
379425288.688778,12581
379425295.416165,191
379425310.064921,1245
379425319.126667,12768
379425335.569932,2005
379425357.431595,12573
379425369.337766,12589
379425381.113545,1429
379425398.049362,6920
379425409.25689,580
379425425.250549,12642
379425437.915085,404
379425458.73803,1290
379425468.743354,12765
379425478.043551,12771
379425490.839078,12714
379425506.690138,12821
379425516.300058,1130
379425527.433788,12801
379425543.565806,1319
379425554.622656,6517
379425568.185798,3806
379425578.497874,8641
379425590.996605,1120
379425610.480009,12931
379425625.13527,9795
379425633.933866,13517
379425649.228275,12950
379425660.591452,13529
379425669.35878,13011
379425678.690084,975
379425691.044465,243
379425709.888732,9676
379425723.358556,2433
379425733.531036,11550
379425745.820591,13047
379425750.480295,6031
379425762.677956,13236
379425773.134902,8307
379425786.033606,13159
379425805.235835,4275
379425820.697206,8094
379425844.529284,1067
379425860.208137,5841
379425875.680257,13281
379425883.740354,1587
379425893.036289,13272
379425899.277268,606
379425910.723541,4962
379425921.074658,13260
379425939.269019,13312
379425954.405598,1493
379425973.072637,13348
379425988.288024,13405
379426004.842082,5451
379426019.91763,109
379426036.803649,4514
379426049.610342,13308
379426061.163559,5365
379426077.035437,2219
379426089.61323,13293
379426105.060002,2034
379426115.92416,13419
379426126.531416,3128
379426137.386081,12613
379426153.472235,1630
379426160.784814,1477
379426172.331149,1461
379426196.435196,13126
379426209.838457,13151
379426218.98036,13124
379426235.041988,13102
379426246.780355,10277
379426254.508012,13234
379426276.42694,575
379426295.857891,2414
379426312.176019,138
379426336.458587,1050
379426340.550571,12986
379426356.645331,5882
379426377.111309,1561
379426380.614207,12977
379426401.003208,12984
379426415.18241,1129
379426428.632718,13115
379426443.408904,2511
379426455.88644,591
379426475.873686,2731
379426490.314698,9747
379426501.861014,12736
379426511.51606,11903
379426523.992674,4772
379426532.918842,8624
379426552.463877,7572
379426566.664345,12694
379426580.941373,12637
379426589.710009,12636
379426603.464775,1468
379426620.445712,1810
379426634.599545,5394
379426645.797792,12580
379426652.754816,12258
379426665.493208,240
379426675.687007,1559
379426686.814297,12671
379426701.053594,12601
379426717.064225,728
379426739.570085,12821
379426756.997083,6768
379426769.374272,8036
379426788.98353,2383
379426801.720488,12731
379426808.565169,13363
379426819.890669,1569
379426829.499564,12751
379426845.384866,4972
379426856.184837,1348
379426867.090341,3269
379426874.198446,12884
379426887.637199,7893
379426897.073202,12885
379426911.731621,12909
379426929.422834,10714
379426939.319116,12872
379426951.0627,1408
379426958.652812,12952
379426962.81099,4844
379426973.152268,1342
379426990.171802,1500
379427003.755683,10761
379427015.59951,12982
379427027.122955,12977
379427036.497662,13019
379427056.917884,8201
379427066.719274,13341
379427077.038147,4241
379427087.115187,3255
379427096.653656,13070
379427109.437242,13139
379427120.980166,13166
379427138.420793,8541
379427147.466054,1502
379427155.649832,5935
379427161.028958,6774
379427170.499842,6101
379427182.016244,1522
379427193.301195,10056
379427206.250108,1493
379427214.885977,13270
379427229.249016,5904
379427250.054147,6369
379427264.174733,5126
379427285.491199,1464
379427302.185286,13621
379427322.956584,9000
379427345.670596,952
379427360.992923,115
379427374.33365,2620
379427394.843122,2968
379427403.96552,12113
379427417.907399,13249
379427435.031655,13287
379427448.23955,1387
379427460.723279,10240
379427463.759347,1507
379427482.887449,1505
379427490.699501,13194
379427511.699953,13176
379427518.605062,13169
379427541.087445,1886
379427550.804523,11655
379427555.018776,1453
379427573.495499,379
379427589.961544,11554
379427603.832496,586
379427617.525631,13076
379427631.472136,1475
379427641.339352,1077
379427657.168553,13288
379427665.410457,1404
379427672.270859,12986
379427691.211836,3282
379427700.456568,12891
379427707.01817,13004
379427719.790305,13234
379427737.100513,5483
379427759.175215,11219
379427765.93417,12944
379427782.26964,7619
379427796.178489,12773
379427806.065421,12828
379427817.860196,11286
379427831.099511,197
379427841.724263,9963
379427860.582819,11370
379427869.84056,12780
379427889.836394,2582
379427899.575572,11373
379427900.454529,9541
379427905.872497,13063
379427923.449621,1567
379427938.477251,1473
379427950.415463,12583
379427958.426746,8637
379427971.754314,12777
379427979.079022,6297
379427987.35479,241
379427998.824714,7866
379428012.197609,128
379428026.532163,12548
379428034.85867,12663
379428057.029777,12800
379428078.525858,12637
379428089.43008,13067
379428089.887866,4398
379428091.004106,8265
379428101.195941,12685
379428116.00248,3566
379428118.038992,1333
379428132.394684,12775
379428149.441964,12720
379428167.180854,2433
379428181.816538,217
379428193.258404,12845
379428207.650905,12894
379428220.075674,12891
379428230.588178,1438
379428239.355599,12931
379428257.763037,8174
379428279.824933,9061
379428288.025422,3612
379428300.600997,670
379428306.501344,13000
379428323.111936,10957
379428343.529528,13063
379428371.867727,12938
379428387.119405,4143
379428404.285203,9337
379428416.441354,13321
379428432.842008,6667
379428463.480356,1452
379428478.325719,4825
379428499.872553,13248
379428514.5197,10469
379428522.150703,13296
379428535.137722,13234
379428548.015281,8702
379428559.9875,5927
379428569.462582,308
379428585.582944,1546
379428597.863764,13297
379428605.485202,10231
379428630.832839,13434
379428645.985125,13367
379428667.815738,13393
379428685.383882,13325
379428691.959389,10833
379428716.665779,11836
379428720.696644,9760
379428741.998698,766
379428761.1725,1609
379428776.43966,4499
379428786.262034,13622
379428795.679108,13204
379428816.869195,11608
379428819.205012,562
379428828.836459,123
379428845.756559,2957
379428853.294427,1467
379428863.541746,11290
379428879.334133,427
379428891.731908,1271
379428903.751989,1508
379428912.761925,1832
379428929.516466,13061
379428941.551941,13016
379428957.595469,13024
379428966.486825,3829
379428980.759092,10555
379428997.187463,6141
379429004.948129,6812
379429021.461007,12907
379429027.716681,9281
379429038.862744,1614
379429050.875541,1491
379429070.837807,12852
379429092.022,12950
379429114.373209,12793
379429127.575488,3989
379429149.274226,12721
379429158.880925,3766
379429171.092209,5029
379429180.903941,941
379429198.813845,13113
379429211.893445,690
379429225.081951,12674
379429237.502731,2544
379429253.988886,12636
379429266.460106,12603
379429274.653275,1915
379429278.966131,12572
379429287.66497,8842
379429299.045244,12586
379429313.085582,12559
379429320.657751,359
379429332.171262,12803
379429339.169685,550
379429352.784725,200
379429360.318086,6844
379429372.989927,12833
379429382.274273,146
379429393.499251,1120
379429412.350184,2552
379429419.737164,12701
379429429.904015,1669
379429454.666116,5711
379429466.165864,1439
379429472.91882,12761
379429478.868161,11553
379429489.468005,12991
379429500.233661,301
379429515.565013,377
379429537.356607,4484
379429548.444084,136
379429560.418185,1495
379429575.616257,3515
379429588.651262,12842
379429610.724087,12876
379429622.095036,6235
379429638.681713,1446
379429647.922094,12973
379429664.252399,5227
379429687.072738,1458
379429707.510491,470
379429721.141338,11800
379429736.96391,1505
379429745.773803,13114
379429763.877136,6606
379429775.349792,13220
379429785.770975,2972
379429805.328438,10035
379429815.213359,1497
379429821.931885,6142
379429830.828054,11336
379429839.530191,4136
379429852.826646,1102
379429862.246432,2157
379429870.940569,13328
379429884.266241,369
379429904.391629,13348
379429908.496,11942
379429923.009214,13310
379429939.510523,1471
379429957.028871,13325
379429973.31654,13329
379429981.858251,13578
379430013.361527,13452
379430028.36002,1254
379430038.056787,7584
379430054.431333,800
379430071.373704,1510
379430085.905934,134
379430100.705087,11349
379430114.644518,5699
379430126.131169,1474
379430137.023792,13205
379430150.765042,1466
379430165.744213,739
379430179.551639,13170
379430188.502935,13150
379430207.236818,13134
379430215.42895,1027
379430228.20949,5021
379430241.568594,13163
379430259.012492,13070
379430277.002903,11233
379430297.110737,12995
379430311.15666,12998
379430320.542245,13005
379430343.847362,12923
379430361.609487,10024
379430375.883657,12901
379430389.409433,12932
379430395.11624,6625
379430411.313809,357
379430417.938709,10263
379430425.681912,2936
379430431.780877,2743
379430440.422734,1283
379430450.874104,4161
379430462.848048,9131
379430476.087111,12791
379430483.693645,6859
379430491.616711,1539
379430505.518476,6808
379430517.460899,12720
379430526.709301,6030
379430537.245125,12779
379430552.890338,12662
379430566.72549,12686
379430586.847295,1483
379430597.981373,1538
379430606.250299,1478
379430620.189347,185
379430629.564958,11017
379430645.789289,1252
379430661.509226,3511
379430678.70351,1444
379430690.581294,7282
379430698.062374,12694
379430723.52552,12653
379430731.007264,12716
379430741.558224,12638
379430749.086374,5749
379430761.321255,2264
379430765.69211,5318
379430776.761232,12728
379430787.021357,11316
379430801.866707,235
379430809.488249,12993
379430819.320401,2242
379430833.103975,2319
379430843.109848,193
379430856.258991,12903
379430867.783419,6742
379430889.418591,12960
379430903.492125,904
379430912.004191,12824
379430920.0763,8840
379430930.338612,3239
379430945.831053,778
379430958.590355,330
379430968.723746,13024
379430981.195083,13063
379430988.002743,2969
379430999.84181,1467
379431013.153794,13024
379431019.278195,13099
379431040.289457,13055
379431056.334883,6092
379431063.765623,13082
379431075.841665,4235
379431087.17573,13472
379431099.740169,3071
379431114.567303,4864
379431134.2963,11159
379431154.77395,7069
379431170.977845,4080
379431187.97788,1072
379431195.631863,3855
379431205.832996,2291
379431214.189331,1644
379431228.796562,8704
379431248.893788,4886
379431267.130833,13412
379431286.430767,9504
379431299.896478,13553
379431317.082732,8190
379431345.020522,13343
379431355.418202,1898
379431362.318973,13496
379431380.171672,13246
379431392.788921,13411
379431401.033037,11615
379431421.075427,13269
379431440.889808,1075
379431450.557014,13233
379431468.9512,289
379431483.013372,5791
379431495.905091,6498
379431505.252464,8189
379431511.127616,4135
379431525.127097,13163
379431544.30816,6046
379431554.639214,2050
379431567.436249,12076
379431575.702431,13376
379431587.487882,7885
379431603.983797,13307
379431620.35843,8179
379431627.552687,1483
379431636.505119,226
379431653.583372,1266
379431666.191967,7474
379431678.541797,12979
379431695.642021,2270
379431714.340365,12920
379431726.308456,11959
379431748.232782,1494
379431771.669938,2172
379431784.472067,13089
379431793.618618,12827
379431821.402111,9401
379431834.469098,6945
379431845.207474,860
379431857.301478,12658
379431875.347709,12676
379431890.588116,11130
379431901.745203,12648
379431929.677965,2614
379431942.147536,5960
379431950.397389,12777
379431962.78795,12555
379431976.009955,5378
379431986.933367,12621
379431996.629598,8864
379432002.041588,12637
379432013.370215,8016
379432034.073415,11912
379432041.879825,9710
379432052.629993,1460
379432061.75124,1527
379432074.830978,126
379432091.434671,11113
379432102.577735,12752
379432114.092164,12739
379432121.731373,12831
379432131.179457,10143
379432145.670526,12765
379432151.807128,3259
379432176.248335,6055
379432187.061019,7887
379432195.665541,2063
379432204.093657,12894
379432218.43512,12854
379432231.005859,11230
379432238.13582,1585
379432253.966182,12981
379432270.869238,12957
379432281.778048,13016
379432297.45327,13317
379432313.207815,1255
379432331.883729,10903
379432345.12635,13124
379432360.755254,7245
379432370.399432,9970
379432381.235808,1342
379432396.408447,13229
379432407.348769,7041
379432424.312949,7870
379432434.495798,13211
379432445.773849,3708
379432452.593161,10807
379432474.879493,12570
379432488.248653,13282
379432498.815146,13318
379432518.76049,4914
379432539.740657,13261
379432552.911397,13341
379432566.43364,9963
379432572.776275,7028
379432587.932029,13301
379432603.958184,13414
379432630.905227,13440
379432642.166536,670
379432652.121022,10717
379432669.033544,4175
379432681.988338,13593
379432691.858347,5157
379432705.554218,9176
379432721.508059,4594
379432730.107323,1551
379432745.300888,654
379432770.581924,7077
379432783.527768,135
379432808.506952,13165
379432815.482905,13184
379432835.093637,1117
379432860.433135,12758
379432872.463572,13038
379432890.186507,13068
379432900.39697,1065
379432915.553554,13048
379432925.414766,797
379432936.472234,10142
379432948.859128,12976
379432955.627344,13006
379432966.894862,3807
379432974.359621,4792
379432982.252196,12968
379432993.670651,5097
379432999.523127,1068
379433014.083601,7740
379433025.461808,12906
379433046.056437,996
379433067.895005,12959
379433073.763596,1459
379433079.634051,872
379433093.409784,12807
379433102.740538,12861
379433114.273092,11439
379433132.625893,6360
379433144.81133,4510
379433158.007509,1114
379433170.498546,12741
379433186.081551,8105
379433198.938711,12798
379433210.403553,1478
379433221.635787,9720
379433229.489767,1259
379433245.276278,1408
379433259.378332,11491
379433269.703052,525
379433281.701422,12369
379433287.771037,92
379433303.691952,7285
379433315.253289,13295
379433325.896788,12004
379433336.748466,12599
379433353.108855,1405
379433368.819652,12660
379433380.742888,5331
379433400.513537,12036
379433420.762179,9458
379433441.904319,10286
379433455.041657,268
379433465.558777,12824
379433476.288168,13248
379433484.239689,280
379433500.85926,12848
379433519.885006,12932
379433533.177205,2621
379433551.899035,12920
379433566.226013,12906
379433580.31575,12093
379433588.220272,12886
379433613.185203,101
379433629.851532,12923
379433643.156221,2485
379433649.945358,13111
379433658.497026,1198
379433672.219155,6342
379433692.197648,11026
379433708.810941,13049
379433716.61232,117
379433731.624994,13179
379433746.449741,7349
379433750.53751,13162
379433760.403641,2736
379433767.634603,1457
379433778.000365,9035
379433796.914763,12949
379433802.599593,9536
379433818.688812,1484
379433829.553492,13252
379433845.085867,886
379433860.201654,13598
379433885.483618,1764
379433900.72014,13445
379433906.270769,13366
379433906.139588,13403
379433912.255681,13444
379433938.059465,13399
379433947.441557,1468
379433965.347285,13395
379433981.645743,8251
379433997.234823,13362
379434015.171287,966
379434027.051021,13308
379434041.122647,1349
379434054.351183,13268
379434060.74871,242
379434073.640171,6623
379434091.488127,13258
379434104.291557,13466
379434119.906205,12376
379434128.563829,13379
379434142.967958,125
379434159.029009,13211
379434185.757679,13098
379434205.164256,12835
379434214.03016,12490
379434229.427591,3271
379434246.571147,13079
379434267.307759,13089
379434282.19525,8874
379434301.236931,12940
379434316.188993,8801
379434332.276027,1745
379434350.696672,653
379434364.092747,13055
379434382.98009,12838
379434395.578853,1146
379434411.401364,12790
379434429.331065,6550
379434443.812875,12115
379434461.943242,12783
379434483.557091,12768
379434495.904752,13330
379434509.16374,1459
379434514.6807,7540
379434526.694152,12721
379434543.679199,6617
379434554.731171,9236
379434576.611713,700
379434588.65942,2778
379434597.689077,7280
379434608.049537,12616
379434616.483722,1468
379434632.287854,12831
379434651.124272,1457
379434665.233301,6783
379434683.117775,12640
379434692.76651,9696
379434703.796678,1640
379434712.439154,1079
379434723.624744,12926
379434738.981501,12722
379434752.818846,139
379434771.27634,9661
379434787.451675,5773
379434804.229618,12757
379434811.822961,614
379434831.446454,301
379434839.958188,12275
379434853.761559,12848
379434869.854179,12901
379434888.928801,12858
379434898.833104,12991
379434907.974569,9437
379434925.01748,7860
379434936.306393,12972
379434942.447934,13335
379434952.932737,7870
379434972.83362,13208
379434996.692214,1525
379434998.495036,13025
379435025.613164,1514
379435037.72994,6226
379435053.182856,12715
379435077.101234,1528
379435089.483176,13413
379435108.481887,12205
379435126.071613,461
379435138.044577,13411
379435147.883356,13214
379435160.722123,13237
379435177.847317,13632
379435189.850943,12185
379435204.299833,1275
379435220.655005,1131
379435243.206065,5455
379435272.631144,1420
379435287.074177,13419
379435303.851801,13374
379435313.582951,13352
379435331.031157,3582
379435343.889727,13344
379435363.953117,13344
379435375.707347,13306
379435392.659032,1479
379435404.469267,1099
379435419.003289,117
379435435.568845,10672
379435457.298527,13585
379435476.940469,13203
379435484.612487,13189
379435510.415688,13361
379435522.591932,9135
379435539.896587,13167
379435556.567025,93
379435569.044321,279
379435591.477915,9344
379435603.272511,6690
379435618.659437,5102
379435634.144533,1522
379435645.791837,12995
379435649.71456,12974
379435667.904443,13226
379435683.36617,11614
379435701.210464,142
379435706.148714,12909
379435728.382629,12900
379435743.284483,12850
379435758.12208,9751
379435769.115229,1381
379435777.80406,1405
379435796.935183,12770
379435823.959389,12862
379435837.58981,9633
379435850.765644,12717
379435868.58338,1469
379435880.235596,3487
379435894.119676,904
379435907.938945,306
379435926.134285,12569
379435945.890732,11149
379435958.21739,5934
379435975.050748,95
379435984.40282,12610
379435997.817205,2802
379436009.159535,321
379436036.519095,7535
379436055.978852,3748
379436071.943645,12676
379436087.676708,3229
379436098.582658,12690
379436112.470836,12790
379436134.851004,12774
379436154.839976,1474
379436161.479626,12869
379436174.94622,12794
379436189.735338,12933
379436202.056594,13009
379436218.334111,12236
379436238.589599,2423
379436254.628419,9101
379436270.459659,89
379436288.890087,13166
379436301.867769,5365
379436312.426939,6513
379436326.771159,13130
379436332.17952,13010
379436341.709125,1510
379436360.802008,3461
379436364.279924,13107
379436373.277129,3650
379436393.781071,13153
379436401.500614,3498
379436414.442312,9312
379436431.021248,13203
379436443.152839,13601
379436453.256507,4229
379436474.537177,6611
379436489.259138,1534
379436499.974268,12759
379436513.208696,1611
379436529.778379,7778
379436546.224523,216
379436556.917546,6463
379436586.988851,13365
379436595.392428,8849
379436612.549965,1607
379436628.274871,581
379436647.258713,13319
379436665.130257,13423
379436679.026358,13391
379436695.597876,13253
379436713.097927,13299
379436721.34438,13323
379436736.617594,10680
379436752.300859,13235
379436769.640032,13209
379436783.542294,13205
379436806.337027,10131
379436813.8166,13249
379436832.760949,13429
379436844.158929,13160
379436862.896065,13259
379436872.232618,13051
379436881.162315,13085
379436890.488281,7793
379436912.011707,8495
379436937.07868,262
379436957.137226,4988
379436975.45562,1454
379436987.011936,12922
379436997.986073,11524
379437007.2287,310
379437023.452747,3469
379437034.705001,2424
379437049.905839,5879
379437060.522115,8342
379437082.929252,12760
379437092.130885,6888
379437102.91866,12781
379437119.689584,12796
379437135.594003,1500
379437155.168691,10070
379437172.692063,12644
379437181.28774,7500
379437192.813418,96
379437202.170848,13120
379437211.964992,9276
379437225.167823,289
379437234.171882,12557
379437255.541756,4503
379437270.316959,6178
379437286.246378,12590
379437295.825129,13147
379437309.379896,1935
379437316.464358,1457
379437326.391303,12606
379437336.824006,12616
379437343.879796,12813
379437357.774508,4016
379437372.641171,12685
379437388.100934,12705
379437402.784689,12854
379437423.233459,12805
379437434.983617,7426
379437456.005473,1034
379437466.674258,5114
379437476.571413,12852
379437487.28456,12973
379437498.791381,12897
379437514.237106,1535
379437525.7987,12878
379437538.225835,4681
379437559.258481,12905
379437574.143091,1493
379437587.833362,2137
379437605.44328,5709
379437612.113077,12950
379437624.56793,12937
379437637.874994,4984
379437653.584101,7400
379437671.30002,7249
379437686.491288,2432
379437694.701788,13217
379437703.105774,5784
379437713.268549,2205
379437731.682305,6353
379437744.321809,8105
379437757.040529,9193
379437771.657684,5702
379437792.961153,7730
379437802.217047,11628
379437822.781543,13225
379437840.67631,7535
379437856.170448,6168
379437864.86948,13322
379437879.957751,1509
379437892.844879,9443
379437899.786449,11155
379437920.767,9016
379437931.195467,1502
379437945.42349,13440
379437972.438276,1706
379437985.196545,1481
379437994.762403,1474
379438002.143123,6539
379438018.834776,1543
379438041.635198,13361
379438054.262944,8029
379438072.939379,1446
379438084.453288,5472
379438096.719497,13251
379438103.755562,13188
379438112.289796,3626
379438124.471486,9739
379438136.208429,13184
379438151.095995,666
379438160.086352,10274
379438182.530829,245
379438201.821734,13463
379438216.403586,3568
379438225.150834,1502
379438238.022263,2993
379438250.261798,12991
379438263.196692,1468
379438275.853781,13267
379438287.031881,3631
379438298.488126,13110
379438315.364684,1953
379438328.746423,2407
379438348.191397,12860
379438359.565373,1552
379438369.29628,203
379438389.864156,12796
379438401.819584,12760
379438410.335912,904
379438428.376102,8460
379438439.731891,12810
379438452.986827,2350
379438466.292029,9892
379438471.960975,2951
379438492.171313,8725
379438495.906102,12751
379438505.372746,1470
379438521.400713,145
379438529.388498,12693
379438531.319432,13506
379438551.655259,1998
379438561.638989,12605
379438575.410118,12621
379438588.278156,1487
379438597.454688,4454
379438612.901508,12603
379438638.634732,117
379438649.103909,5634
379438659.61128,2351
379438666.614006,12797
379438681.547058,12775
379438690.935545,7467
379438712.927374,3593
379438717.650777,13130
379438724.911091,12680
379438735.758753,12605
379438750.151554,7410
379438757.075853,3910
379438767.405074,1476
379438777.27829,1537
379438799.999612,12835
379438813.642123,9485
379438830.090072,12725
379438845.042353,1377
379438864.512038,6287
379438881.096046,4501
379438904.746345,11452
379438913.619613,6636
379438927.725983,13118
379438935.20548,12086
379438948.782274,3191
379438960.451685,7991
379438967.627646,6422
379438984.27878,13089
379439000.840593,13081
379439017.590003,220
379439023.590956,686
379439039.73505,13497
379439052.152292,8191
379439063.145432,2318
379439088.308076,1499
379439098.904081,9221
379439116.580142,4518
379439126.261672,6480
379439139.27688,2434
379439151.610953,1510
379439168.232659,13446
379439184.925954,13298
379439196.946121,13280
379439212.21889,9587
379439228.177928,681
379439237.487532,4009
379439257.307453,1542
379439272.926936,4837
379439282.470634,9669
379439291.180828,13334
379439305.028624,7446
379439347.850551,13421
379439366.403509,13271
379439375.905195,7690
379439387.800973,625
379439398.16947,13249
379439417.216799,13223
379439425.436535,6642
379439438.405663,12282
379439448.606645,12221
379439460.26446,116
379439471.215484,6188
379439482.718336,13296
379439499.864717,13091
379439510.429527,1616
379439528.781648,13082
379439541.293999,13482
379439560.311901,13033
379439565.077843,13030
379439583.227621,8625
379439590.558338,4943
379439602.416669,12995
379439612.527104,1012
379439622.732485,704
379439631.865714,1742
379439648.29638,12363
379439662.683191,12957
379439672.30012,12950
379439683.162901,5124
379439693.02265,12934
379439700.575057,170
379439710.986524,388
379439724.997291,10770
379439733.412915,1382
379439751.422933,4928
379439762.026812,5351
379439772.13975,10233
379439796.130856,12738
379439816.228314,3633
379439827.622679,13336
379439835.707875,1154
379439845.561799,11411
379439862.470437,11922
379439874.574004,6287
379439891.418515,9706
379439902.371463,3875
379439913.129028,1903
379439922.343968,4323
379439931.541476,1498
379439946.37491,12981
379439965.57248,1565
379439975.21394,6455
379439991.768369,13125
379440007.241726,13613
379440031.469442,11086
379440036.394182,1482
379440052.501765,13146
379440061.487706,12698
379440068.626528,11353
379440083.551719,12781
379440097.611921,12797
379440114.125332,183
379440133.553773,12872
379440153.964509,10723
379440165.911383,9620
379440179.291938,2979
379440190.980757,10262
379440205.225216,12960
379440229.727352,11728
379440244.443365,11183
379440258.831816,12988
379440272.741979,1272
379440278.21873,116
379440294.575896,10008
379440311.028952,13497
379440329.079502,268
379440342.661742,13184
379440352.457607,1080
379440377.383023,2049
379440387.653103,4670
379440401.476279,4335
379440418.871553,13147
379440430.37717,1250
379440442.035874,11204
379440445.50708,7648
379440461.873618,1561
379440473.051464,642
379440489.787982,267
379440509.070014,5428
379440533.26555,690
379440541.759124,13335
379440568.318349,10353
379440587.915762,13348
379440599.51822,331
379440609.771696,3335
379440628.968963,5150
379440643.662632,13515
379440668.719053,1411
379440685.694387,2115
379440708.201494,4607
379440725.061813,10799
379440732.451589,13204
379440747.163832,1522
379440755.573937,13341
379440766.917728,8282
379440776.79379,13178
379440805.408148,2112
379440811.822159,13168
379440835.358282,2781
379440841.924876,13088
379440852.899867,12880
379440866.8672,1074
379440879.290774,7729
379440883.561741,9246
379440895.411161,95
379440909.446217,7812
379440920.48844,13196
379440935.774115,13017
379440945.86668,2486
379440951.468338,1413
379440958.664079,8645
379440966.289914,11248
379440977.050665,289
379440983.203819,12863
379440992.254406,4822
379441003.297265,12910
379441013.156522,3698
379441025.937058,167
379441036.901677,12838
379441048.316429,13050
379441059.67825,893
379441077.593418,8322
379441091.699896,2202
379441111.495691,12756
379441119.051077,12766
379441130.71408,13074
379441142.188252,1808
379441151.002455,11980
379441163.353373,12655
379441169.493649,11253
379441180.931709,12667
379441191.184606,7883
379441209.030665,1863
379441221.538419,12584
379441238.61944,12568
379441251.634683,1501
379441259.034281,1519
379441273.207397,12613
379441286.050731,2266
379441303.045135,6022
379441320.543114,235
379441335.029769,12685
379441349.194998,12141
379441359.262326,12678
379441377.122126,12717
379441390.384367,1473
379441403.289077,10988
379441421.016004,12850
379441433.831421,8241
379441446.01883,1520
379441471.032285,5336
379441483.546912,9012
379441502.979257,12895
379441519.906476,12862
379441537.347409,622
379441547.965323,4407
379441562.801942,3161
379441576.768218,9626
379441587.549787,2083
379441594.457148,12985
379441609.635712,13086
379441618.997531,13006
379441629.062369,13099
379441640.930139,1071
379441654.629165,13060
379441666.235082,7446
379441674.696804,9917
379441684.136531,13185
379441695.567901,2312
379441710.927022,2989
379441729.600158,1469
379441738.605855,13186
379441748.325312,13226
379441761.7769,13291
379441792.722606,8974
379441816.218067,6778
379441823.994813,5054
379441833.618974,12399
379441844.304542,13421
379441861.676356,12966
379441877.22052,1502
379441884.089269,1530
379441908.447798,2489
379441918.107192,1504
379441928.366941,1513
379441943.268523,13389
379441957.968351,245
379441973.045641,1217
379441984.67857,13338
379441993.243797,1510
379442002.501597,13281
379442011.108589,2369
379442032.82281,1496
379442048.973697,367
379442057.722148,8927
379442077.061128,13198
379442088.852021,13154
379442102.037734,1275
379442117.223605,12097
379442127.646532,5496
379442134.109248,11446
379442144.687202,708
379442160.298161,11732
379442170.536206,3897
379442183.689736,13080
379442196.927957,13024
379442211.555309,12986
379442224.823331,10208
379442235.595764,13063
379442250.539893,1502
379442260.537542,119
379442272.204681,1457
379442281.369796,12940
379442289.316268,2147
379442308.783181,11153
379442318.193944,1798
379442330.448362,12851
379442343.277461,5300
379442354.049066,12837
379442359.289708,10706
379442367.359263,784
379442379.564655,12865
379442388.636931,13008
379442399.464682,4268
379442412.131508,12405
379442426.405419,11046
379442439.251154,8379
379442453.146851,12949
379442467.377783,12738
379442475.45977,9816
379442485.577298,344
379442498.243776,1466
379442503.225403,3655
379442520.227244,12607
379442525.768142,6303
379442533.773016,5834
379442539.212725,12811
379442550.85871,12602
379442561.41937,1517
379442575.946381,6917
379442589.09147,8182
379442590.973949,12585
379442599.536676,124
379442616.134115,7851
379442631.466705,5155
379442650.281367,1496
379442658.61701,1427
379442674.173103,3288
379442689.697391,5396
379442706.913809,12807
379442723.369225,12931
379442733.498532,12979
379442748.061194,12727
379442760.174639,12755
379442773.599037,5593
379442789.474553,1276
379442804.715968,12837
379442821.748228,7160
379442836.712947,1546
379442854.29658,12520
379442868.658554,12593
379442879.039673,9680
379442893.994527,4473
379442907.19726,4762
379442918.661344,9749
379442931.516869,3926
379442945.709544,13194
379442960.052705,13121
379442968.587484,6296
379442977.364304,507
379442983.19607,4938
379442999.613668,12043
379443014.034991,486
379443030.666249,488
379443049.584549,13133
379443056.50752,12493
379443075.110244,2736
379443086.601662,3761
379443105.102261,5746
379443115.744166,13226
379443126.884807,1052
379443136.814643,13252
379443147.426668,8296
379443167.251969,225
379443189.784864,13293
379443209.616521,13160
379443221.859931,1755
379443242.737668,13541
379443253.304507,4619
379443264.817936,2083
379443282.719003,13515
379443302.220945,13335
379443317.824875,7877
379443338.841857,11387
379443347.928494,1672
379443367.065741,11841
379443378.964525,12069
379443392.347757,7383
379443409.052578,13221
379443427.818866,1165
379443437.005482,13395
379443450.207734,2567
379443463.03889,13108
379443467.528664,13396
379443478.443567,1006
379443490.043046,2644
379443505.077337,1464
379443514.950928,6487
379443527.441805,1518
379443540.706049,216
379443549.798599,13216
379443569.318485,1537
379443584.73859,12948
379443606.129888,104
379443619.068072,12951
379443636.070606,13482
379443655.455448,13211
379443663.006052,2531
379443676.478466,8013
379443697.533242,12855
379443711.332746,5378
379443735.186635,12954
379443748.310274,610
379443757.594424,12894
379443769.356639,12948
379443792.861731,909
379443807.418618,12690
379443817.773007,12770
379443827.54424,9355
379443833.680628,1444
379443859.048831,10053
379443873.304398,11333
379443887.316858,12558
379443897.848965,399
379443910.950858,12544
379443919.724853,1606
379443936.150634,12544
379443944.99296,5166
379443950.795956,12780
379443959.250774,12636
379443969.84293,6943
379443982.105024,12690
379443996.387495,1893
379444009.219946,12702
379444015.380948,12850
379444024.813571,1004
379444036.245478,9914
379444046.864931,859
379444066.219264,6051
379444085.340161,11332
379444099.970022,13199
379444116.296245,12825
379444131.378779,2980
379444143.739327,12916
379444162.661903,12887
379444173.860293,9856
379444194.356998,457
379444201.555212,12973
379444218.557221,376
379444228.912899,13015
379444242.207527,12972
379444258.406051,12971
379444270.632248,13015
379444293.320118,13058
379444301.483874,13051
379444311.840462,13155
379444329.197347,9240
379444340.686012,3315
379444355.27198,9205
379444376.123273,12367
379444387.635904,611
379444405.071396,13227
379444420.344505,949
379444440.679059,2824
379444454.331415,1507
379444462.154524,6151
379444471.320605,3493
379444483.619718,13349
379444497.147099,13326
379444507.106448,13298
379444518.210499,13313
379444532.722327,9237
379444542.457484,308
379444555.641686,3921
379444568.989225,13401
379444575.766397,13465
379444587.477014,553
379444600.064683,5379
379444610.388442,3867
379444634.425832,2418
379444652.862818,13329
379444672.455006,13318
379444682.860832,8805
379444693.109967,291
379444710.755824,13237
379444724.523978,2224
379444735.278723,8199
379444747.89696,297
379444761.439413,4229
379444775.054166,9582
379444789.365419,1444
379444794.73258,13176
379444811.39515,360
379444834.104206,13115
379444840.772677,370
379444854.190245,7915
379444866.978738,11058
379444878.626155,1492
379444888.218136,221
379444911.336391,189
379444925.154469,12994
379444944.215383,12965
379444955.201311,2235
379444966.190163,2535
379444978.925728,489
379444992.628489,12965
379445004.846548,365
379445014.342858,6294
379445023.773279,6390
379445032.462532,12778
379445058.998562,12748
379445075.261307,482
379445093.460775,10388
379445114.026346,12856
379445126.617949,1535
379445137.147908,12677
379445151.241779,12621
379445157.529982,12749
379445177.33417,12698
379445198.267631,3842
379445213.367868,1468
379445230.559619,12583
379445244.652875,411
379445262.581403,7406
379445273.985182,4221
379445290.150578,5336
379445306.006973,4065
379445322.373566,13580
379445334.445587,1423
379445343.755401,2364
379445349.864065,12689
379445368.035364,1449
379445377.747239,12772
379445393.563733,8175
379445403.524395,1105
379445419.320571,5442
379445429.992568,1516
379445441.813629,12909
379445455.667564,12809
379445464.243041,12850
379445484.320961,13231
379445492.980012,13131
379445499.931239,13080
379445520.106013,9920
379445540.193657,1480
379445562.060157,9748
379445577.67631,10312
379445589.657287,443
379445597.189627,9446
379445610.28901,13111
379445629.409296,141
379445646.376667,7371
379445662.926665,5418
379445670.440375,13413
379445678.613489,10283
379445694.585387,4874
379445709.228131,13611
379445720.756885,896
379445732.94949,2965
379445754.690053,1445
379445766.860959,7556
379445775.651259,2713
379445794.540515,13309
379445806.663012,1510
379445817.366079,1480
379445836.066429,13443
379445855.71866,2285
379445868.970331,6397
379445882.275758,13376
379445895.392444,6843
379445910.727498,2209
379445925.367979,13364
379445942.65125,7751
379445958.402705,1441
379445968.255876,5020
379445988.805975,7441
379446013.014878,948
379446030.413872,4217
379446049.610952,299
379446064.72209,13207
379446079.839702,5352
379446095.532818,8747
379446107.956119,822
379446120.851097,1950
379446135.409311,13117
379446149.96836,6196
379446163.447481,13136
379446179.915346,1647
379446190.864462,5549
379446210.280395,3362
379446225.594118,5484
379446235.154698,12966
379446245.372481,104
379446259.005124,13201
379446271.187548,12909
379446281.963724,92
379446290.884219,1482
379446310.488704,1447
379446320.448111,3716
379446343.096724,5891
379446354.301827,12840
379446375.03532,2661
379446386.948817,1522
379446400.959352,5507
379446417.498447,12786
379446431.919299,12783
379446448.569146,8519
379446456.984866,6541
379446475.482873,12836
379446485.576365,4305
379446507.725121,12780
379446518.963957,1490
379446529.319407,12918
379446541.018902,12454
379446556.578695,3243
379446572.965659,1518
379446595.654029,10657
379446606.435966,1795
379446619.011911,12643
379446632.832557,7397
379446648.224533,13404
379446656.659143,12683
379446667.985254,12836
379446677.579437,12958
379446690.723186,12886
379446704.552502,9832
379446720.940767,13582
379446725.332707,2436
379446738.061227,12790
379446754.357862,10277
379446765.629628,1721
379446779.359452,3879
379446790.648376,12090
379446800.062611,8384
379446822.921915,12877
379446834.726646,7001
379446842.068979,11531
379446861.659431,12666
379446872.389675,3886
379446888.663585,8544
379446901.647092,229
379446914.25646,12952
379446925.624985,13019
379446941.332485,13133
379446951.584626,11097
379446973.865411,13290
379446994.769698,7001
379447008.436601,132
379447028.116616,5600
379447029.762169,550
379447046.354554,11827
379447049.922176,10904
379447060.940417,4420
379447078.954974,13275
379447094.111473,13226
379447103.370885,8300
379447112.121133,1804
379447142.69461,8067
379447161.300526,1541
379447172.666134,3120
379447184.143926,13389
379447195.133674,13308
379447211.746833,13425
379447226.395113,4238
379447234.908484,1454
379447245.867554,13570
379447260.26251,3261
379447273.707462,12373
379447284.199225,3040
379447297.31612,6405
379447318.575593,1418
379447319.001051,4081
379447320.705644,13262
379447333.078402,1849
379447346.552862,2509
379447359.368663,2292
379447371.11338,1469
379447393.595693,7125
379447408.077618,1682
379447418.706049,9814
379447433.064624,13106
379447461.096569,1507
379447485.493416,13064
379447498.377244,13028
379447510.699846,135
379447525.622432,3951
379447535.061526,6610
379447545.103455,10517
379447551.633909,2112
379447563.062781,1464
379447574.896134,4853
379447587.723691,4259
379447596.981382,9647
379447610.267634,357
379447626.984605,3351
379447637.276816,12854
379447656.092373,12854
379447662.775693,12830
379447685.378798,6449
379447698.859779,4098
379447708.324119,1834
379447726.862328,12801
379447741.001927,90
379447751.449336,269
379447756.948077,3061
379447770.98242,12790
379447793.470286,12667
379447820.976118,12664
379447831.058756,13079
379447848.372456,12677
379447863.26153,12576
379447872.417843,12572
379447879.972927,12600
379447890.49031,12553
379447905.329862,8750
379447920.700426,12551
379447931.020988,1437
379447951.257672,12619
379447959.567967,13143
379447968.859384,797
379447979.955898,12668
379447989.559455,12683
379448002.523227,7078
379448017.562331,1470
379448022.907486,12745
379448038.067019,12748
379448045.890643,3499
379448059.133813,1560
379448072.29953,6003
379448087.616199,3547
379448100.34698,5041
379448128.395237,2325
379448146.1965,12906
379448159.610515,9766
379448169.917192,1465
379448183.481473,12904
379448201.434655,12996
379448223.805303,12194
379448225.536941,7341
379448230.744421,4363
379448248.948392,13037
379448263.382201,9983
379448280.050631,13126
379448295.677204,6402
379448310.514654,13155
379448317.464306,13146
379448334.461915,13139
379448354.472262,7392
379448372.099387,8446
379448380.108922,1107
379448394.85826,13207
379448409.463289,2530
379448425.386593,12184
379448442.001843,13318
379448461.161111,13302
379448477.850026,10400
379448496.085428,13339
379448512.298839,13385
379448530.002918,11387
379448547.311072,7594
379448566.716991,13434
379448573.887673,7953
379448583.633947,13334
379448599.826446,803
379448612.973704,13327
379448637.639212,481
379448640.785358,6408
379448658.327589,13270
379448665.402307,9895
379448679.123082,1020
379448688.77313,381
379448699.404656,13234
379448715.237102,1479
379448737.443014,5897
379448756.677218,5665
379448766.058455,1114
379448781.205177,13182
379448800.43139,5713
379448807.930955,13179
379448819.344008,13072
379448832.488948,13024
379448842.39329,12975
379448857.286798,1027
379448871.853094,12996
379448880.369232,103
379448893.351971,12300
379448914.426172,263
379448929.285242,8613
379448934.773252,12943
379448948.514658,992
379448968.014928,7262
379448981.408575,12609
379448996.15234,3207
379449005.031185,6420
379449010.401598,1517
379449021.350029,3680
379449034.191053,12767
379449042.503661,5741
379449047.186726,2107
379449062.92578,13352
379449074.024218,773
379449083.841712,1422
379449091.883401,2121
379449104.297044,10764
379449115.071787,12664
379449133.798777,12987
379449146.295813,12721
379449162.978452,1568
379449170.495578,7270
379449179.48299,12662
379449184.668889,1472
379449195.786998,5886
379449215.836373,11205
379449223.548757,1497
379449234.891932,2139
379449242.328072,12577
379449247.721859,3155
379449261.109684,3746
379449265.65946,826
379449267.659279,230
379449273.60191,315
379449282.859908,12688
379449292.78156,2856
379449300.30491,1436
379449315.449048,1008
379449322.390068,7067
379449325.142933,12711
379449341.936439,151
379449348.69166,6326
379449357.526108,2722
379449367.034991,10728
379449372.511785,5216
379449382.446872,128
379449389.68659,12809
379449400.57229,9607
379449412.626141,4001
379449416.794008,1647
379449427.895798,12195
379449436.393283,7606
379449453.423413,3210
379449464.694142,569
379449469.022522,12890
379449476.72883,1546
379449483.890228,12896
379449497.500482,615
379449502.341239,1611
379449511.727437,1090
379449525.890657,9053
379449533.195407,12961
379449546.119398,12922
379449557.555741,13013
379449564.317408,13033
379449581.559617,13048
379449593.4463,13091
379449608.135224,13074
379449630.483653,11224
379449645.705371,5618
379449663.73711,13125
379449679.653098,5745
379449693.727761,4894
379449709.492231,13138
379449717.937421,6599
379449732.829627,7017
379449748.67259,4356
379449771.794303,3379
379449785.558963,10359
379449797.762354,7455
379449814.017863,13497
379449832.295066,3525
379449846.031456,4916
379449860.380831,13519
379449876.902844,1252
379449881.8006,1676
379449892.736666,13528
379449898.732946,13316
379449910.794605,280
379449928.140702,2324
379449937.192908,1983
379449951.409871,394
379449966.452773,318
379449975.380743,1533
379449986.056131,1699
379449995.532908,13216
379450004.10209,246
379450016.920463,11651
379450026.46338,13238
379450032.655861,8000
379450042.707853,11567
379450047.456309,1285
379450053.87736,3658
379450070.490447,7074
379450076.192536,2877
379450086.512271,13139
379450093.901539,5424
379450113.361688,965
379450117.845809,359
379450129.387702,4836
379450137.766443,1210
379450150.523013,224
379450158.045903,153
379450161.826408,13409
379450169.80416,9058
379450177.296546,301
379450183.290628,13047
379450197.17892,12845
379450201.946103,3315
379450208.809641,1510
379450214.232404,13063
379450223.140311,12936
379450231.505024,9805
379450240.455147,1898
379450249.9411,1659
379450259.291813,9919
379450265.486859,3975
379450278.682102,265
379450290.445052,5857
379450299.939795,12921
379450313.977539,6446
379450323.771721,13210
379450332.515272,9751
379450340.262162,12805
379450346.571635,347
379450353.79455,5133
379450366.243907,5653
379450374.889621,10095
379450387.789082,12837
379450402.772886,11570
379450408.524578,374
379450415.851582,880
379450428.942788,9161
379450435.337521,3239
379450448.279065,6224
379450457.336969,6443
379450469.664002,10383
379450477.879294,12617
379450485.894811,8618
379450493.139306,4752
379450499.397869,12794
379450520.362028,13571
379450521.199365,2604
379450529.753575,4423
379450536.801622,12578
379450540.910085,8055
379450544.929419,12590
379450549.954627,4723
379450558.749878,6751
379450565.73708,1524
379450571.267182,559
379450579.180251,194
379450590.460884,12635
379450595.925306,12588
379450599.915444,2737
379450608.421788,12665
379450613.850863,5680
379450629.117241,3460
379450634.376296,2616
379450644.828931,185
379450651.609313,12811
379450658.25616,1695
379450670.890522,12744
379450677.788363,4158
379450682.911156,7506
379450696.77206,12908
379450710.067413,12801
379450723.382489,5150
379450737.584671,5280
379450739.053597,1571
379450751.037575,6668
379450761.348845,12892
379450776.644302,12862
379450787.804,1479
379450795.769192,7118
379450802.124483,154
379450810.70382,6112
379450816.774743,8767
379450823.558236,12923
379450827.721157,13235
379450835.339421,1984
379450840.75169,2058
379450846.150658,666
379450859.234512,12925
379450868.472101,9710
379450873.493295,7998
379450890.957167,12965
379450896.672181,5972
379450901.930484,135
379450909.867665,9350
379450914.600081,458
379450922.469801,1878
379450930.97151,799
379450934.412839,4356
379450940.225271,9545
379450943.083486,13160
379450949.561097,5323
379450952.877101,8665
379450965.574355,2131
379450970.552757,11434
379450975.799257,12596
379450987.969589,2560
379450992.28309,13180
379451000.608747,13081
379451013.418418,9206
379451021.451109,2630
379451029.088417,2496
379451034.032331,2849
379451043.030322,470
379451047.590749,2183
379451054.884128,1521
379451063.022419,13022
379451066.8788,122
379451073.539239,7183
379451078.845242,3716
379451086.65521,344
379451091.657902,13423
379451098.172575,1147
379451101.202834,1399
379451109.520807,1401
379451115.740266,3785
379451123.270321,13343
379451127.418641,6899
379451131.906056,5951
379451139.163258,13395
379451146.872144,2942
379451150.598993,13376
379451159.889403,13414
379451168.051254,12849
379451173.318556,922
379451178.927086,998
379451184.686445,6368
379451192.173208,741
379451197.407719,5050
379451203.154743,6163
379451212.869154,3059
379451220.733342,9608
379451226.06961,4478
379451231.485747,7470
379451240.465138,1445
379451243.64213,2414
379451250.676815,4082
379451251.957814,13365
379451257.416143,5772
379451264.517923,352
379451271.565063,3877
379451285.290888,13364
379451292.677483,13269
379451295.019833,193
379451298.202796,4415
379451305.622193,13292
379451315.596909,13266
379451323.91984,13258
379451327.27501,8094
379451331.887168,2687
379451338.071446,507
379451341.832749,3149
379451347.577012,5946
379451355.85341,4014
379451364.74559,1172
379451371.179617,10066
379451375.143599,2376
379451383.598611,4433
379451387.653505,13182
379451389.737806,4361
379451401.140226,2288
379451409.063583,1487
379451412.784614,12233
379451418.172093,13262
379451422.973938,4197
379451431.452818,6235
379451431.536243,2148
379451439.099473,1384
379451450.670038,13092
379451466.906594,10714
379451472.340216,13072
379451480.193241,5404
379451491.635814,13046
379451498.861068,12992
379451509.849025,13049
379451516.190946,13068
379451520.709996,148
379451527.351266,12994
379451533.318348,5863
379451550.667495,10585
379451553.525278,875
379451560.531204,12950
379451566.263182,1432
379451576.194376,1574
379451584.77424,1444
379451600.945392,11720
379451608.032551,13050
379451615.279885,3403
379451628.512519,4465
379451636.345811,5052
379451641.81744,1393
379451647.610296,3353
379451651.930045,13012
379451669.027662,4667
379451675.536358,1655
379451680.424973,148
379451692.886702,12754
379451697.637812,701
379451709.415122,12720
379451720.645728,12780
379451724.792917,12768
379451736.85394,1497
379451737.520659,1973
379451745.673788,12580
379451754.957808,12649
379451760.899535,1487
379451769.544632,923
379451778.805989,3805
379451786.247924,7450
379451793.7845,12614
379451800.081177,2299
379451808.238753,12704
379451818.381997,12807
379451826.916926,6124
379451834.303071,3027
379451844.58781,12544
379451846.71435,12625
379451858.533685,479
379451861.741105,13030
379451869.46522,4233
379451874.292746,1178
379451878.56536,12610
379451885.787297,12506
379451897.512949,12598
379451905.124555,221
379451918.002168,3187
379451925.591817,11468
379451929.744238,12593
379451940.137518,12628
379451942.81186,12701
379451954.686319,211
379451966.457126,121
379451975.588543,12695
379451980.948998,245
379451990.612089,587
379451998.193073,3641
379452009.7592,3406
379452018.936232,8740
379452024.027115,12603
379452031.015936,12881
379452041.927069,184
379452050.697461,13198
379452061.545674,12764
379452070.225618,2073
379452083.349529,8655
379452093.020005,7845
379452106.468327,12834
379452111.189507,3659
379452118.87057,708
379452126.757743,8445
379452142.356755,5714
379452157.501268,1825
379452166.773418,1482
379452181.46464,5998
379452186.891854,13160
379452191.604947,9808
379452202.72929,1439
379452208.365001,10675
379452223.995754,12652
379452241.734271,13225
379452255.270121,8002
379452267.851536,5975
379452277.339161,1879
379452292.737907,7775
379452312.362842,13125
379452336.06166,3243
379452351.202834,565
379452364.297591,1617
379452381.855883,13161
379452388.719131,7331
379452413.296078,8653
379452426.401331,5135
379452441.619393,1427
379452451.000114,13418
379452469.944636,5308
379452479.422632,10806
379452491.934595,5116
379452506.191609,12995
379452521.334877,3414
379452538.011531,11598
379452556.058911,13366
379452573.361528,13377
379452586.007928,7948
379452599.074982,13384
379452619.437963,13318
379452633.512238,1466
379452650.878344,13301
379452665.548137,2673
379452679.200833,1465
379452698.227029,1451
379452722.703709,13185
379452753.957781,13096
379452768.784389,1049
379452780.219103,1123
379452794.575591,13143
379452800.705319,1341
379452807.702186,13626
379452822.712944,1459
379452835.123221,1487
379452842.735646,7212
379452859.169285,2289
379452875.367481,8380
379452888.164455,9923
379452890.716039,4281
379452906.610783,11334
379452916.284102,6807
379452926.731267,2308
379452940.327938,12906
379452951.354356,12872
379452961.28916,12864
379452974.397487,13221
379452992.44162,11529
379452999.323795,9298
379453016.016616,598
379453032.447594,1407
379453058.948796,13231
379453076.010549,1520
379453091.748697,1039
379453103.346344,1449
379453113.426251,11999
379453126.498427,1358
379453146.465472,12611
379453158.830452,12816
379453171.537547,1465
379453197.249647,4939
379453209.405367,206
379453223.793076,1521
379453238.794828,4043
379453248.768922,9048
379453263.93506,5459
379453274.513735,1517
379453289.001764,12665
379453300.268033,13070
379453315.587493,7761
379453329.452632,695
379453350.665565,10560
379453357.513942,161
379453368.065471,1869
379453379.177038,1557
379453386.187879,11061
379453407.9273,12067
379453421.872799,12224
379453435.300828,259
379453456.464725,269
379453476.132687,8617
379453489.472701,11152
379453500.436233,6133
379453505.518036,1935
379453519.049155,2203
379453523.795564,5041
379453535.409968,137
379453540.672768,6498
379453544.94186,13093
379453556.852413,13028
379453566.744434,1379
379453571.658813,13017
379453584.307219,1012
379453593.558996,193
379453604.621135,13098
379453611.297013,5611
379453634.420883,9671
379453641.357403,13547
379453673.623537,3206
379453695.236684,5466
379453715.642649,2884
379453722.982798,4798
379453755.367751,13375
379453769.14676,878
379453781.631331,8959
379453795.53298,2406
379453812.815723,8723
379453849.48902,13376
379453854.954383,13545
379453874.309721,1248
379453883.074059,3365
379453891.807812,6955
379453898.120341,765
379453910.967178,8225
379453932.119543,1208
379453943.858623,13329
379453957.51479,9634
379453983.437827,1222
379453990.478872,13201
379454003.742309,13217
379454019.809611,403
379454024.248463,4851
379454042.015791,13224
379454058.031065,471
379454073.125176,506
379454090.94777,13172
379454105.503822,1489
379454118.198965,7820
379454119.472775,7886
379454125.947342,13071
379454133.23692,1221
379454146.70207,1409
379454165.338275,13586
379454181.085239,1504
379454193.631163,6726
379454207.129134,1470
379454224.836244,13059
379454236.755063,200
379454244.433223,13280
379454262.950563,12927
379454280.134787,1478
379454293.830528,13063
379454306.47989,12886
379454324.192858,12823
379454339.4682,12780
379454348.062779,6149
379454361.486943,1495
379454377.641472,1443
379454391.353338,13414
379454408.308893,6174
379454418.028541,5262
379454431.528597,6683
379454443.481792,1485
379454455.627896,11546
379454469.343613,12627
379454484.797853,12622
379454495.643951,6100
379454516.172842,5287
379454531.261772,12744
379454547.999005,12557
379454559.16331,1093
379454578.681555,12802
379454585.151123,12775
379454592.530121,12808
379454601.774841,4190
379454614.999608,158
379454632.825481,3330
379454644.107048,12784
379454660.246149,12706
379454671.886631,5301
379454679.133082,9391
379454690.649544,7336
379454697.80385,13140
379454701.852072,9605
379454711.797501,7840
379454723.946926,669
379454732.617126,12775
379454748.815013,12875
379454755.258479,647
379454764.160064,271
379454781.298176,12905
379454796.407713,13037
379454808.252376,9638
379454822.78989,12877
379454829.997852,13264
379454840.340402,2363
379454844.0142,13042
379454852.573982,1929
379454867.583602,12998
379454878.185758,168
379454896.506614,9885
379454911.522255,9068
379454922.926079,13068
379454928.278905,1474
379454939.677307,1300
379454952.599768,12431
379454964.515087,1497
379454974.83733,13147
379454985.771835,10471
379454993.360035,13333
379455004.893335,1543
379455021.286136,1469
379455030.023591,1398
379455045.109458,13227
379455058.498285,13246
379455072.877645,7104
379455082.465346,13246
379455092.997676,6181
379455098.905109,1571
379455109.402384,13301
379455120.624463,147
379455134.269733,13375
379455143.110282,3263
379455154.650203,13547
379455171.69062,1116
379455179.870542,1525
379455186.533314,12735
379455202.137857,2521
379455216.232663,13369
379455225.284682,4439
379455239.58101,11795
379455248.773483,13324
379455255.425485,1497
379455263.197873,13362
379455287.336128,12068
379455301.863077,4022
379455316.412748,13251
379455330.199078,390
379455347.216725,13245
379455365.906122,9449
379455378.480223,6498
379455385.179794,5699
379455391.567796,13148
379455402.302031,2335
379455417.795422,13285
379455426.140158,4023
379455436.950165,5610
379455446.544842,13049
379455458.504948,1244
379455467.736497,13062
379455476.962652,13047
379455486.57794,8048
379455491.538044,1512
379455509.410215,118
379455525.047613,12964
379455541.438254,3514
379455555.463137,566
379455562.321267,13468
379455580.490664,202
379455592.689691,11212
379455602.487626,2313
379455620.373215,12887
379455624.584384,12967
379455639.043855,5240
379455651.739408,2189
379455660.19173,12827
379455672.201246,12858
379455686.916073,1300
379455697.409598,1323
379455705.120414,8083
379455716.734946,12752
379455724.063492,12860
379455734.424087,12713
379455751.49622,12689
379455761.321271,8619
379455772.010105,12631
379455781.046099,3490
379455789.217047,104
379455802.670039,7214
379455817.34204,8931
379455828.428054,13445
379455852.899015,196
379455866.700722,12561
379455880.355924,12619
379455897.636054,279
379455906.304414,1498
379455915.486874,12753
379455929.642231,12644
379455940.035448,12725
379455945.154598,12708
379455961.928279,13539
379455974.961659,2408
379455983.410517,2235
379455991.563025,11535
379456003.739912,13112
379456016.668905,13114
379456025.046782,5169
379456037.438124,12808
379456052.162744,1534
379456067.916929,661
379456091.371717,4570
379456106.303961,1761
379456110.279575,3305
379456124.977093,12903
379456141.980288,1264
379456151.181911,5786
379456166.161931,12980
379456178.061589,1446
379456192.201019,10014
379456211.471925,12997
379456218.757331,13493
379456224.884812,2160
379456229.939552,13089
379456236.299941,6189
379456258.473242,13046
379456266.042014,13103
379456275.353842,13177
379456286.374342,2119
379456299.22661,1002
379456308.351843,5959
379456321.31253,3359
379456337.028106,1703
379456352.01066,12616
379456366.742703,999
379456376.06839,1490
379456394.884969,8383
379456405.7756,885
379456427.68169,3003
379456437.158311,13325
379456446.848182,12377
379456458.988263,13289
379456466.558101,13399
379456476.725432,13474
379456486.831916,13492
379456504.666451,811
379456521.351417,5698
379456524.56145,11427
379456544.674287,1041
379456559.769487,13403
379456566.021867,2054
379456578.634609,13372
379456590.958315,534
379456600.176872,5951
379456611.581245,13296
379456629.088486,5214
379456645.816325,1478
379456656.36359,12797
379456669.613393,1894
379456682.27902,848
379456688.559086,11343
379456700.287025,4408
379456707.656727,2083
379456720.05334,2746
379456729.070727,5761
379456741.104805,165
379456747.698889,1553
379456757.045617,11436
379456767.531175,4762
379456776.053055,13091
379456784.23977,13105
379456816.026529,5959
379456829.313262,3337
379456841.568912,12933
379456856.763236,10629
379456863.676453,13006
379456872.617832,3221
379456885.299813,5311
379456898.403435,6651
379456909.628582,987
379456919.37649,2196
379456933.776183,8098
379456938.871142,684
379456951.301083,857
379456966.429947,1451
379456983.760272,12858
379456991.108972,6370
379457006.221813,1486
379457030.704273,3978
379457038.645109,1519
379457042.51333,13095
379457062.208638,3283
379457068.435454,12710
379457078.33528,4082
379457093.782687,12639
379457106.663202,12662
379457119.876478,5286
379457138.099663,1573
379457149.897692,756
379457162.944259,933
379457169.04026,272
379457185.756187,12592
379457197.650337,10279
379457214.608515,7206
379457229.21668,12778
379457239.665296,647
379457253.129357,12603
379457267.599417,10648
379457280.529634,9372
379457293.065995,12694
379457300.695967,140
379457312.57416,2257
379457322.751603,12768
379457329.754196,9814
379457336.025198,12745
379457346.62772,12920
379457361.640759,5332
379457374.453757,12797
379457394.659827,1596
379457409.346557,12866
379457417.555578,5604
379457433.676045,12931
379457444.20386,2945
379457451.343094,12865
379457462.193881,2243
379457472.561682,8811
379457493.112184,12988
379457503.480229,6680
379457511.839329,7772
379457521.764526,5102
379457533.184935,1521
379457539.261731,203
379457546.299807,260
379457554.99596,4183
379457573.179082,3952
379457586.170281,13017
379457598.128565,398
379457607.878314,223
379457625.495328,13273
379457636.412129,7518
379457652.484807,751
379457671.467492,1588
379457685.45042,13374
379457693.781529,2746
379457701.029245,8172
379457712.262072,13238
379457719.094413,2282
379457729.732519,3043
379457739.23234,8253
379457749.546976,1473
379457766.111173,1521
379457783.705634,3995
379457791.923163,13328
379457800.443338,4587
379457809.052159,5085
379457819.525664,1496
379457836.037398,11847
379457849.581856,7513
379457864.030917,11678
379457881.712131,6318
379457892.871327,13409
379457906.184549,7817
379457916.720679,11820
379457922.175593,13376
379457934.10758,8548
379457948.14433,3925
379457964.166303,4142
379457970.984754,13291
379457993.025265,11225
379458009.396425,2391
379458035.689186,1546
379458043.410859,993
379458055.37454,7099
379458065.257629,9171
379458086.343951,8763
379458104.54708,1930
379458110.283707,495
379458120.556755,807
379458136.163478,1458
379458153.98876,2032
379458172.91317,12955
379458186.995156,12999
379458212.163196,3097
379458223.887816,12984
379458235.075551,185
379458252.504917,1531
379458263.772448,1478
379458280.589458,8096
379458294.316498,11643
379458316.210163,1057
379458318.386109,13021
379458329.460052,1510
379458343.811239,9620
379458365.671222,6696
379458383.389678,9228
379458390.902377,12672
379458404.714655,12875
379458421.774129,1500
379458429.911065,12708
379458453.875409,12654
379458465.126014,12648
379458481.328596,2976
379458496.841189,12548
379458507.018477,13255
379458519.147424,12575
379458536.625548,230
379458549.501276,12611
379458570.771772,4798
379458590.690538,3692
379458596.647523,5739
379458618.04768,442
379458632.447655,9588
379458650.031558,12721
379458666.263686,4366
379458676.589367,12744
379458685.816679,859
379458699.353205,13505
379458714.66992,12835
379458719.875506,12900
379458725.966216,12858
379458737.610254,12879
379458755.30637,1472
379458765.847197,4528
379458777.889354,237
379458783.955117,13133
379458795.341416,12929
379458811.925804,898
379458828.951007,9776
379458836.833751,13013
379458841.250084,1415
379458856.377995,12965
379458861.726394,2255
379458876.056557,358
379458882.688642,9210
379458901.757605,5205
379458905.477071,1454
379458909.794373,5527
379458919.477866,13031
379458927.640418,566
379458953.725657,13107
379458964.711132,4338
379458973.638823,13195
379458985.207927,13561
379458999.89006,1436
379459014.795968,230
379459022.500763,13162
379459033.477718,10193
379459058.892615,13227
379459077.569225,6450
379459091.049566,9135
379459105.806455,10170
379459119.153125,13624
379459126.912355,4201
379459141.350644,463
379459159.945765,3216
379459168.734077,13412
379459178.85349,444
379459194.895519,4331
379459207.437835,1518
379459223.295352,11780
379459233.413155,13351
379459249.935134,13282
379459259.321415,6170
379459273.132158,4573
379459289.625883,13363
379459303.876731,13263
379459322.308575,1559
379459352.799311,13120
379459368.359426,903
379459380.572684,10349
379459398.370079,1505
379459424.814317,3362
379459440.12716,13037
379459445.239116,13073
379459453.857554,775
379459465.29638,13041
379459485.770168,9117
379459495.729387,5232
379459503.61695,1514
379459512.924746,1901
379459524.414978,704
379459540.192896,12968
379459554.581341,1356
379459569.392829,12419
379459576.730722,504
379459589.622246,3277
379459601.913135,4942
379459614.792084,1288
379459628.711491,12798
379459641.778316,12893
379459651.747091,1500
379459657.056029,1434
379459672.476475,5558
379459690.55037,687
379459704.444646,12724
379459709.140109,11059
379459726.592249,8926
379459737.419111,12720
379459756.360997,12029
379459763.999633,5245
379459770.322996,12798
379459783.022122,13413
379459797.132629,12637
379459812.660079,12623
379459818.89574,12635
379459838.63156,6936
379459850.470384,12545
379459866.379511,12587
379459880.210852,12624
379459899.110072,1523
379459910.245594,1500
379459928.575255,12621
379459942.615319,1490
379459961.065026,4346
379459967.520622,6281
379459979.289714,13068
379459994.61448,5370
379460013.306674,12717
379460029.937401,12837
379460048.525872,12862
379460065.76825,13026
379460076.973175,12557
379460086.499003,131
379460097.481145,4254
379460108.631091,8117
379460141.729193,12907
379460158.388744,12991
379460170.871049,109
379460187.300146,5628
379460196.99215,13474
379460202.286425,12997
379460213.870083,8396
379460223.624399,13076
379460236.405856,111
379460255.762712,13077
379460277.08472,746
379460280.075407,7115
379460295.438358,13359
379460302.553587,2625
379460316.885716,13148
379460332.44514,10133
379460341.647509,13170
379460355.562304,13203
379460363.667375,13234
379460376.940625,8484
379460387.037691,13330
379460404.269396,1469
379460419.934196,2527
379460432.298396,95
379460446.46337,4504
379460469.960834,13375
379460485.773291,12615
379460493.780101,13292
379460513.51434,301
379460532.72593,13438
379460541.287518,13385
379460563.781287,2950
379460572.062838,13394
379460590.969584,13264
379460606.15611,13314
379460625.241839,9015
379460632.385712,13289
379460640.716666,9552
379460657.99744,13196
379460665.88897,1503
379460677.175731,1018
379460696.128994,13142
379460708.061237,6727
379460717.618351,11814
379460731.347571,11794
379460743.36276,13202
379460758.064343,12293
379460779.475636,9572
379460788.392266,11049
379460795.207517,408
379460803.509176,13001
379460810.270649,12971
379460825.907605,13058
379460835.293586,1356
379460842.919443,3816
379460851.025783,2852
379460865.887666,12303
379460873.658101,12234
379460889.968802,1457
379460905.199684,13257
379460923.710545,173
379460934.84957,13429
379460949.752201,12834
379460963.860121,11645
379460973.483607,12846
379460987.659266,3354
379460993.639674,11991
379461011.206325,8550
379461022.13042,1431
379461039.451806,7595
379461048.724154,1202
379461066.603473,1452
379461084.401865,4520
379461097.308324,772
379461109.393415,997
379461121.024578,12642
379461140.901037,12753
379461153.519543,12553
379461169.38314,12594
379461195.306781,4264
379461209.148489,12588
379461212.087578,1424
379461227.561077,4262
379461236.027956,201
379461244.513146,12692
379461258.055849,12657
379461271.520308,1949
379461285.465639,1576
379461301.584079,628
379461313.68835,12716
379461328.124871,12709
379461335.888625,12875
379461346.904201,1483
379461359.316483,12801
379461371.793942,8274
379461383.177186,10958
379461398.095929,2848
379461413.154108,1274
379461423.866123,13041
379461439.138432,12956
379461447.4443,7977
379461455.223046,6243
379461465.795047,6946
379461481.736291,11075
379461495.560958,13145
379461515.081234,1941
379461527.828609,1460
379461535.665791,12690
379461559.608312,1523
379461569.954638,1472
379461579.680371,13029
379461592.283689,6367
379461603.476217,8111
379461617.94699,3109
379461633.21693,13166
379461647.647374,112
379461655.24343,10092
379461670.474627,6427
379461688.50365,11935
379461698.466382,2650
379461712.843663,1543
379461722.740296,7316
379461734.599278,13312
379461753.281786,13328
379461778.181752,6692
379461798.595422,13353
379461813.366309,13331
379461837.671089,13560
379461848.419041,13331
379461860.469557,10382
379461873.842404,13300
379461883.627889,1506
379461896.68731,13303
379461910.486595,3269
379461922.009403,1757
379461936.727011,8509
379461943.150674,13272
379461959.55996,1027
379461975.306898,1671
379461986.306041,3718
379462011.727145,293
379462026.593212,766
379462037.449118,13619
379462062.529897,563
379462070.493794,13123
379462083.897978,3217
379462102.848688,865
379462115.81327,1714
379462133.797461,5951
379462150.140329,13049
379462162.920192,12961
379462172.059761,5223
379462182.190096,543
379462192.548885,1495
379462200.109883,5115
379462214.013434,8606
379462230.708142,12903
379462241.874648,6220
379462263.392697,1541
379462269.699036,1536
379462282.156108,12840
379462288.157861,1985
379462300.182736,8174
379462317.379682,1387
379462328.099801,1510
379462343.082154,6232
379462363.344265,12823
379462382.749221,12260
379462392.781939,808
379462408.373844,12657
379462422.631934,12645
379462431.952633,9733
379462452.463969,12679
379462465.560154,8179
379462479.436819,12592
379462489.011657,12710
379462512.95355,1534
379462538.71035,1606
379462550.358178,4932
379462569.052218,13475
379462582.530854,1537
379462597.368587,9466
379462603.358468,13314
379462618.972179,12669
379462631.005882,304
379462640.218997,509
379462650.363352,5616
379462655.590593,4203
379462678.055226,4699
379462690.539494,3460
379462700.015185,12801
379462715.240441,2385
379462731.973581,1491
379462748.034163,1503
379462766.187416,4321
379462789.581843,11659
379462805.426286,5033
379462816.766166,12943
379462833.118999,353
379462854.663391,13097
379462872.054741,13189
379462882.27468,13038
379462897.61467,13257
379462907.41693,685
379462919.374452,1509
379462932.334594,13386
379462946.571534,13444
379462958.688819,13130
379462970.278976,13270
379462977.12718,13156
379462998.064072,13190
379463008.351621,2209
379463021.192695,237
379463037.875508,3779
379463048.766977,1514
379463066.684653,13326
379463078.154728,135
379463097.642913,2870
379463111.234395,1501
379463135.980192,3208
379463156.875489,13415
379463174.385599,9415
379463188.097012,5997
379463201.384128,1805
379463212.498718,11227
379463220.895721,6798
379463236.006933,5565
379463248.254383,13245
379463272.131146,3613
379463286.153755,13256
379463316.196995,13211
379463329.451542,11447
379463339.159556,5741
379463352.111403,13146
379463362.164892,13158
379463375.334394,1443
379463385.905127,458
379463397.525997,13079
379463409.484314,12342
379463435.371165,13107
379463453.559819,13041
379463473.506879,2227
379463488.723899,12982
379463496.874881,2594
379463506.346384,6408
379463525.303745,13143
379463539.617772,12935
379463559.307415,5535
379463578.398731,12827
379463592.194076,12831
379463613.703509,11205
379463627.169875,4327
379463646.443463,12863
379463657.45759,12899
379463677.815878,248
379463697.009726,5793
379463711.269239,12651
379463720.279501,1460
379463737.087912,12634
379463749.875651,90
379463764.257537,8672
379463781.828943,12879
379463795.344401,125
379463808.649867,9808
379463821.594336,8681
379463832.269756,12520
379463842.522565,12628
379463851.201968,3560
379463859.75659,12597
379463878.327733,1039
379463885.245318,7371
379463896.048247,12997
379463909.946728,12913
379463937.164785,574
379463945.280657,8272
379463964.596566,1488
379463976.82145,12748
379464002.926923,889
379464008.092391,9336
379464019.046166,2604
379464032.492815,232
379464040.728054,12823
379464057.590053,4891
379464069.355969,11748
379464076.789247,10842
379464083.203962,576
379464104.063981,12947
379464121.328783,11471
379464131.298348,12957
379464142.645354,975
379464153.385041,1201
379464171.443686,13218
379464185.277858,3183
379464200.192007,13609
379464210.63086,3783
379464220.953978,1248
379464233.380732,13050
379464247.466603,13094
379464254.820486,2061
379464266.582899,6494
379464278.318449,13321
379464294.530699,13215
379464308.636972,10299
379464324.552443,234
379464336.799143,13172
379464345.055624,13245
379464362.651834,101
379464369.824234,668
379464385.314453,13361
379464401.486663,5587
379464419.781702,13257
379464429.017857,12621
379464440.957347,13333
379464449.752743,13362
379464465.194111,5020
379464476.768646,386
379464500.408333,689
379464517.279854,4368
379464534.667153,11697
379464544.860546,13375
379464558.820497,4650
379464569.840799,422
379464587.706506,7614
379464600.725579,13209
379464609.962198,4209
379464623.96151,13497
379464635.356314,13223
379464642.400519,13214
379464653.542043,10217
379464668.900364,7651
379464672.820185,1537
379464688.078852,13324
379464702.738147,13135
379464720.481318,1466
379464730.656471,13103
379464745.46741,735
379464749.697891,1939
379464765.034245,13058
379464771.896359,1047
379464798.359461,13210
379464810.485661,12945
379464816.281136,1434
379464824.292532,12969
379464832.392288,8617
379464844.787552,13243
379464863.205512,143
379464875.508449,5463
379464895.974987,13107
379464905.817803,12907
379464921.945549,1451
379464931.985633,8214
379464944.127885,631
379464964.630463,12810
379464983.886059,9927
379464995.908291,2102
379465008.143651,12739
379465015.90104,12736
379465029.451893,13614
379465042.93612,12681
379465062.4358,7732
379465076.470628,1521
379465083.698365,1297
379465103.679539,1519
379465122.041776,11430
379465134.585869,12734
379465149.718018,8584
379465161.180464,12598
379465177.359426,11231
379465188.546713,4753
379465203.404063,298
379465213.576694,2814
379465230.947227,286
379465243.547707,11930
379465260.494059,12707
379465278.110858,9576
379465291.334565,3725
379465301.567917,12780
379465319.608541,12726
379465328.67708,7362
379465345.192612,5219
379465359.745927,2965
379465375.621359,97
379465379.478467,12887
379465394.26398,12972
379465404.586191,12878
379465416.786743,11209
379465435.198884,1509
379465455.017095,4064
379465478.744173,533
379465501.702679,13022
379465515.417459,12756
379465526.331016,12102
379465537.3531,13032
379465556.751362,13415
379465581.113141,13077
379465581.442871,13157
379465590.174832,12513
379465602.145044,139
379465615.332437,13130
379465620.556835,9294
379465632.205956,13529
379465649.627775,13238
379465667.726994,13240
379465675.572727,13240
379465687.577282,363
379465709.207232,13241
379465726.132653,13338
379465732.619459,396
379465753.600755,13338
379465770.543083,3335
379465791.187786,1217
379465814.806456,13406
379465830.637258,12414
379465839.015565,1061
379465851.802389,3037
379465862.431182,8389
379465877.803354,6141
379465891.478312,13334
379465900.129466,13239
379465914.38004,3244
379465927.257723,12438
379465950.17391,10719
379465969.871195,1538
379465984.261872,3117
379465994.189144,13230
379466014.129347,12946
379466025.441571,1141
379466042.264212,12169
379466060.812261,4321
379466067.082448,1494
379466080.056527,175
379466097.269587,850
379466107.88412,13335
379466122.339839,13127
379466133.221342,11341
379466151.936953,12978
379466171.117741,12932
379466181.124983,1462
379466186.650645,1418
379466200.623448,12898
379466206.417884,1624
379466222.59658,8859
379466240.240903,214
379466248.200454,308
379466258.482157,116
379466278.824829,619
379466294.939223,12962
379466316.591428,8822
379466335.687386,12730
379466356.2745,1148
379466374.038389,1512
379466385.126116,12422
379466397.599789,12668
379466410.050259,10804
379466430.128731,1699
379466450.434572,1530
379466458.232889,12937
379466473.326714,129
379466482.374576,1017
379466501.561271,1491
379466515.877052,155
379466519.89322,13350
379466529.319076,1512
379466546.054737,13017
379466566.333616,12637
379466576.50079,13058
379466590.81929,12950
379466603.722065,12745
379466617.181758,13373
379466632.212651,3087
379466647.43804,12714
379466657.274515,12786
379466668.307635,9431
379466681.347978,7378
379466691.008679,13175
379466706.470104,12853
379466720.409272,12929
379466742.124341,12902
379466751.166384,1277
379466761.137605,13081
379466779.102483,12916
379466790.361567,12928
379466798.088702,1486
379466813.593845,1575
379466829.582895,13035
379466844.773609,2437
379466852.042507,12994
379466863.496378,204
379466886.966972,3970
379466898.869816,1328
379466915.431434,1172
379466928.442948,6098
379466943.035705,9147
379466965.119969,1490
379466977.220237,13205
379466985.374588,1517
379467015.009599,12552
379467036.17562,13300
379467060.428878,1825
379467070.476209,1977
379467078.353111,10537
379467091.929381,13340
379467109.042863,3733
379467127.630909,13394
379467145.101274,5868
379467160.136226,13346
379467175.524332,13425
379467189.918608,13300
379467211.510145,13371
379467230.235176,1496
379467249.605498,4458
379467264.158723,13248
379467279.526289,13363
379467306.484469,4573
379467317.566064,1492
379467343.782138,4869
379467351.267892,1517
379467378.163802,13183
379467391.689912,13091
379467404.718108,1198
379467413.519311,214
379467421.296623,13142
379467442.339968,9023
379467458.430911,12962
379467465.296682,2859
379467487.301801,12987
379467506.807266,910
379467520.607719,12941
379467537.498328,12611
379467552.097646,2831
379467566.812146,13086
379467577.083797,12822
379467589.371286,12807
379467605.277607,99
379467609.603538,1458
379467623.339509,5155
379467643.739057,12785
379467654.005297,12324
379467667.296973,11592
379467685.656473,12700
379467698.165672,12661
379467710.680309,7113
379467721.638486,13050
379467744.436762,12637
379467756.364805,659
379467775.73136,12914
379467797.452598,5378
379467804.274692,9734
379467812.12493,3393
379467825.466143,1491
379467837.096138,1828
379467853.059725,12656
379467869.844941,12712
379467885.956929,10913
379467891.408969,2301
379467900.371191,12660
379467916.867327,13095
379467924.252262,2513
379467935.90414,10853
379467951.916314,11260
379467963.178515,2084
379467973.73115,12144
379467982.794108,1721
379467992.351527,9752
379468006.952966,142
379468026.738412,12885
379468041.238803,12889
379468049.141698,12904
379468058.446744,1531
379468071.563922,478
379468082.731772,10613
379468094.778321,2776
379468108.673271,12969
379468123.85532,1457
379468135.136978,11245
379468141.690898,1195
379468153.427465,384
379468170.63674,13017
379468186.499496,8977
379468207.174772,753
379468215.809144,10483
379468235.645683,13140
379468251.389336,7988
379468256.802403,13091
379468278.098196,8219
379468289.880501,5359
379468308.242934,13194
379468318.098603,919
379468331.62427,5468
379468348.352898,1868
379468363.9198,8240
379468380.286637,286
379468399.18114,8500
379468418.571561,13150
379468427.254303,13373
379468450.389482,5706
379468473.739361,5149
379468485.290226,13562
379468496.852851,13379
379468519.139152,1501
379468530.145765,1453
379468545.831012,13338
379468557.685053,13278
379468578.35846,10570
379468597.668871,13061
379468611.417215,11240
379468639.311176,13126
379468657.970234,1473
379468671.465325,13133
379468688.226141,260
379468701.922988,1445
379468712.431782,3458
379468737.08547,13071
379468752.286046,13060
379468771.16919,11759
379468785.365129,12988
379468791.020418,1327
379468811.518788,8411
379468826.099713,1455
379468840.424675,11827
379468850.946496,1502
379468868.652622,5312
379468882.403459,12952
379468896.785604,8680
379468923.297404,12417
379468935.951869,12873
379468946.378589,7542
379468957.356258,1817
379468963.751807,267
379468979.580916,12752
379468991.36351,12677
379469003.462939,12682
379469007.761829,2480
379469018.574929,7696
379469030.273259,7744
379469043.421723,3732
379469057.11659,13497
379469068.506136,1554
379469074.74123,12662
379469094.420174,9378
379469108.586057,896
379469123.603862,1591
379469140.854948,12571
379469159.885055,13127
379469168.249632,12584
379469185.744948,12676
379469202.47976,9606
379469208.759256,5165
379469218.859555,1619
379469223.075823,441
379469234.522292,2586
379469254.367742,11489
379469275.761163,12694
379469285.91383,12748
379469297.717662,13151
379469314.787399,221
379469324.185043,12860
379469342.289594,13051
379469358.109979,13273
379469382.696891,12902
379469403.392192,8764
379469424.359471,12887
379469446.060126,11297
379469457.371478,12991
379469470.857174,891
379469486.788904,13017
379469513.104139,144
379469532.734085,13128
379469546.721854,12668
379469556.342111,13243
379469567.816078,13117
379469584.992956,13314
379469601.783842,10887
379469615.265707,1403
379469629.952847,13169
379469656.331178,3127
379469663.494023,5342
379469682.851139,7977
379469719.723759,3669
379469729.680695,13356
379469747.331579,7652
379469758.852021,13434
379469772.935843,13370
379469785.424253,13492
379469799.782954,11643
379469811.427002,6574
379469835.516418,8280
379469849.373264,1541
379469863.454533,13365
379469880.666366,6793
379469910.60923,11329
379469927.409515,13242
379469940.61863,1523
379469955.31294,9089
379469963.038137,8491
379469976.03972,1533
379469989.707868,13191
379469997.087174,1998
379470006.245776,13168
379470015.716748,13080
379470023.251018,1935
379470028.324855,5602
379470032.596193,5515
379470051.345701,822
379470064.206035,13589
379470075.869105,4700
379470085.926386,13105
379470104.302306,472
379470123.198868,3231
379470130.336704,13017
379470153.389588,11783
379470168.089398,11311
379470181.482871,12917
379470197.446551,13139
379470210.551114,12885
379470222.908432,3155
379470233.501624,12991
379470243.045413,3316
379470255.033735,12807
379470267.462029,5535
379470273.412081,7140
379470287.644221,12771
379470298.427776,426
379470311.893383,12812
379470329.426329,12906
379470354.612805,12665
379470380.134863,12628
379470398.183706,11931
379470414.90229,3186
379470428.805309,13224
379470440.951821,1760
379470454.525602,368
379470470.746381,12609
379470485.693665,1476
379470498.454154,5072
379470507.960364,4448
379470523.34142,12604
379470532.773722,13384
379470548.229721,12679
379470557.863595,12694
379470574.872222,9724
379470587.837616,12936
379470606.844087,12710
379470614.981197,7284
379470639.40625,12258
379470664.024219,242
379470686.186231,11832
379470697.603777,11148
379470720.137407,1502
379470734.066097,12871
379470752.757869,93
379470772.601417,188
379470786.499941,12973
379470804.15193,11567
379470817.284219,5868
379470831.410415,651
379470844.408568,9345
379470849.085957,6135
379470860.838146,338
379470880.659372,5141
379470895.298661,13425
379470909.376156,5651
379470920.965962,305
379470935.927724,13199
379470950.506757,9495
379470974.292156,9343
379470982.819727,8197
379470991.219274,13311
379471009.401269,277
379471023.325989,3335
379471042.673063,990
379471047.46842,3457
379471069.59622,1041
379471079.115078,13333
379471090.023933,13105
379471105.729511,10896
379471125.849271,10539
379471137.355786,13411
379471150.276412,13321
379471163.686738,1788
379471174.291488,13576
379471181.007897,1532
379471196.359291,13304
379471212.608385,13480
379471223.940062,13254
379471231.751799,13300
379471252.161747,13437
379471257.294985,5362
379471265.410205,13375
379471274.96369,1313
379471293.838133,8484
379471311.784187,1473
379471333.599857,5168
379471351.208937,10537
379471367.254601,5229
379471384.254257,1666
379471395.941638,3245
379471406.620735,916
379471420.08583,12962
379471431.978413,1697
379471445.348983,5293
379471456.490962,2154
379471469.035046,12981
379471479.408474,1397
379471493.999748,1649
379471505.033131,12785
379471518.913006,2969
379471536.640041,10437
379471553.992657,12836
379471560.474489,12897
379471574.215916,4930
379471588.275852,12967
379471606.206683,12821
379471609.805344,8324
379471625.78056,1487
379471644.199014,172
379471658.74201,12708
379471673.487361,12757
379471686.252248,4964
379471694.628836,5822
379471703.862787,12691
379471724.803939,12630
379471743.653134,12555
379471755.215951,12547
379471775.927087,12522
379471791.494029,2792
379471815.553446,12640
379471831.109052,994
379471846.852632,12645
379471860.467808,12684
379471884.859705,13047
379471898.721707,292
379471918.466215,5163
379471933.20771,12713
379471948.375182,5654
379471957.513853,11018
379471970.81552,4824
379471978.940731,7939
379471994.868057,12827
379472013.479226,11576
379472025.913716,13013
379472043.034572,12909
379472045.56267,13509
379472058.24998,9198
379472072.85208,604
379472092.169297,12958
379472099.368424,1419
379472120.551203,13170
379472127.271396,1445
379472138.785879,13035
379472145.400155,11906
379472159.117465,13019
379472180.50818,10732
379472189.434539,13083
379472214.172851,13495
379472229.622414,13331
379472247.25968,7076
379472261.844364,273
379472276.989393,11725
379472298.356241,7452
379472315.156798,13283
379472330.59513,10251
379472346.771783,8534
379472371.701736,5505
379472387.949835,5853
379472401.575423,13485
379472422.363332,13413
379472437.794911,9658
379472458.216662,1539
379472467.705229,13391
379472484.978668,1773
379472500.121538,13525
379472514.131637,11233
379472532.851168,8067
379472547.088068,13262
379472550.955881,13311
379472573.090825,139
379472588.297971,11462
379472599.061277,336
379472612.493236,9710
379472620.034216,13184
379472629.015085,13196
379472639.592473,13143
379472661.654269,13141
379472678.602618,1494
379472690.693047,13092
379472703.515694,13080
379472713.513393,13061
379472725.736451,1715
379472741.909009,11660
379472760.099123,12988
379472776.533344,11774
379472787.749776,9501
379472805.022012,1493
379472820.07339,12942
379472849.093939,12899
379472861.294534,5230
379472876.333494,13492
379472887.199404,13038
379472900.156097,12186
379472920.681915,13039
379472933.791715,12764
379472948.061049,13199
379472960.266087,9823
379472964.17233,1471
379472978.672004,13219
379472987.548278,12788
379473006.075898,5704
379473012.020043,12485
379473029.05145,12641
379473041.608127,12639
379473052.437105,8606
379473061.414882,12630
379473070.619789,10358
379473080.156053,1504
379473094.165013,6747
379473110.368091,12776
379473134.233405,12540
379473143.847623,12591
379473156.519874,13463
379473171.469315,12682
379473191.787565,1980
379473204.700607,669
379473219.975015,12724
379473232.518798,9274
379473250.146,11966
379473263.912832,3425
379473278.851515,4303
379473298.614974,1493
379473306.194131,1495
379473327.416062,1421
379473340.847724,13283
379473349.250221,10449
379473362.077111,12913
379473382.114468,12895
379473398.721838,6072
379473410.486614,6345
379473424.933144,733
379473441.517098,9208
379473451.769171,12977
379473462.151176,167
379473475.725454,13034
379473498.133962,13226
379473512.449231,6095
379473527.635953,12481
379473549.48891,173
379473558.969368,114
379473572.217991,8275
379473590.796269,7221
379473599.665468,13208
379473609.798538,1529
379473632.10361,7523
379473644.217137,850
379473658.653889,12458
379473674.957912,9255
379473689.156218,88
379473706.214326,3893
379473715.488672,13369
379473731.976659,177
379473753.393002,307
379473772.631128,1476
379473783.797535,10085
379473793.763738,668
379473814.399688,6714
379473841.999772,4355
379473854.636971,13339
379473873.477597,2890
379473884.448639,1415
379473902.686247,13180
379473914.975115,13239
379473932.857172,11351
379473953.470383,1634
379473967.358755,2045
379473971.629146,701
379473990.690554,13087
379474002.340931,13129
379474018.367275,5078
379474029.446248,1462
379474039.791398,1895
379474047.981572,13189
379474067.546914,2249
379474082.568147,12996
379474100.039794,13027
379474112.816759,5919
379474123.43755,12941
379474139.186257,3886
379474155.202562,596
379474172.042285,12955
379474183.982931,4824
379474193.381376,12902
379474209.906615,8551
379474229.430807,1492
379474242.79938,5668
379474251.824491,5499
379474266.52251,12774
379474285.056631,418
379474301.50771,12710
379474315.182119,2089
379474331.480596,1494
379474341.365767,1515
379474352.380212,12672
379474367.956171,12602
379474383.734289,1993
379474394.257405,1066
379474405.734004,12654
379474419.960073,13266
379474441.568328,13217
379474453.944652,12606
379474474.435378,12564
379474493.546996,1470
379474513.239734,9724
379474525.779718,1535
379474540.197075,3375
379474557.789006,10814
379474567.852527,12751
379474575.134413,1043
379474590.614321,303
379474600.504306,582
379474612.02047,1464
379474624.38276,12854
379474640.711642,4811
379474650.235079,1316
379474674.585262,12924
379474688.470662,12511
379474708.006695,13038
379474720.652468,12879
379474728.927909,12956
379474744.349553,12992
379474757.032732,9057
379474779.883516,6620
379474796.771153,7963
379474805.146649,949
379474814.792368,13435
379474826.39167,11591
379474839.028636,9512
379474851.799826,13108
379474876.442925,3096
379474899.024749,13185
379474916.514003,13160
379474926.560263,245
379474937.98839,3200
379474958.116076,5857
379474980.338683,13373
379474991.61372,5439
379475003.113281,13238
379475018.312835,13320
379475039.977908,13268
379475056.640741,8699
379475062.537041,1496
379475082.733685,7838
379475091.440349,472
379475102.008949,1161
379475122.556988,122
379475135.361308,1492
379475151.379606,328
379475176.776284,13362
379475191.228418,8442
379475204.6095,1674
379475212.269184,10036
379475225.845926,10571
379475243.39054,773
379475258.792192,13197
379475273.910704,1507
379475284.395811,11516
379475306.34463,13139
379475317.310062,13244
379475331.373043,6048
379475344.339752,11007
379475350.974392,5662
379475369.356574,13125
379475382.439626,1497
379475402.473761,13070
379475417.459346,358
379475423.572006,5615
379475436.805654,13078
379475447.807112,11983
379475458.247377,5760
379475472.237367,9457
379475489.931053,13104
379475508.329465,12871
379475519.968732,9215
379475531.559676,257
379475546.605223,1307
379475560.644398,382
379475578.183006,2897
379475585.925401,12804
379475594.831455,171
379475601.308977,12760
379475630.535362,13308
379475644.381285,2236
379475652.514884,12717
379475668.289226,730
379475681.961343,12738
379475696.567002,101
379475709.276915,6499
379475722.717371,13512
379475741.665445,12564
379475752.603269,1063
379475766.858778,12510
379475782.362719,1145
379475797.621551,12567
379475810.309403,3387
379475817.992791,494
379475827.835563,3450
379475837.855291,2046
379475861.040165,12664
379475876.711596,1474
379475893.318786,10178
379475907.468142,3586
379475918.073921,12817
379475932.656319,12824
379475947.127308,10595
379475957.669307,12813
379475974.390896,3642
379475990.302173,12885
379476013.343206,9699
379476027.852953,1516
379476046.079074,12901
379476060.295489,1352
379476076.330608,6076
379476089.758196,5074
379476099.782508,178
379476113.069474,973
379476128.044197,13021
379476141.549213,13283
379476158.214443,1636
379476171.055828,1982
379476184.525003,13133
379476193.792126,13091
379476209.21659,13129
379476229.048033,4002
379476245.087791,13110
379476265.116246,1549
379476281.738156,13231
379476303.409963,1348
379476314.427228,13376
379476345.255743,206
379476363.308979,1455
379476367.59544,4780
379476376.738163,4728
379476380.039133,13338
379476386.79622,13320
379476402.815185,931
379476420.477807,2237
379476437.086483,7527
379476455.232461,13517
379476462.33039,7519
379476471.377965,13378
379476490.723671,13330
379476501.720365,1479
379476511.541149,1727
379476525.030541,1500
379476545.138626,507
379476556.494147,9308
379476577.074751,2187
379476585.934718,2531
379476598.117505,118
379476612.442536,13115
379476624.800619,12801
379476636.469307,11650
379476652.00535,13155
379476662.960426,13187
379476671.203634,12402
379476693.146709,13114
379476706.677943,1544
379476727.442607,13001
379476736.916929,13076
379476747.602936,10816
379476767.032307,9049
379476782.433352,831
379476794.067393,1489
379476808.365082,13472
379476822.205804,3584
379476839.649273,1529
379476870.614862,11850
379476879.814425,12797
379476887.495526,5357
379476899.271042,7241
379476903.813078,12815
379476921.662843,1477
379476940.455957,13435
379476951.183993,12840
379476961.554901,3165
379476980.130835,8345
379476986.619921,10608
379476998.561706,1296
379477006.800967,2606
379477012.85285,12732
379477018.91362,9989
379477034.08301,4588
379477046.580564,12471
379477068.909667,12616
379477076.818309,5976
379477094.342931,7944
379477103.285729,1487
379477116.144418,1506
379477131.326357,12677
379477144.448576,12662
379477161.223831,10199
379477169.201243,12867
379477194.015912,12729
379477212.503172,705
379477225.360192,10876
379477239.209962,12735
379477258.747048,2203
379477283.533207,6136
379477306.628968,3236
379477328.624786,12843
379477335.10628,3924
379477353.713716,10393
379477363.670246,13236
379477386.773947,12964
379477397.808832,5361
379477422.209669,12996
379477432.170777,4942
379477451.169537,13087
379477466.862359,13046
379477476.402042,10303
379477496.727622,13121
379477508.66826,13072
379477526.64296,1458
379477540.79488,11396
379477549.737199,3709
379477573.142289,8296
379477594.128198,267
379477603.337027,2563
379477613.406555,1543
379477631.493514,1511
379477653.830714,13276
379477670.890279,1457
379477682.455342,10348
379477695.356759,2920
379477717.888107,5707
379477735.82386,13459
379477746.780378,805
379477765.624812,12679
379477787.570822,233
379477802.080377,3615
379477813.372101,3730
379477824.288847,10318
379477846.166331,4166
379477853.401061,13392
379477863.897036,11147
379477871.768757,13288
379477895.428469,5296
379477907.73304,9605
379477927.354097,8370
379477932.442537,13196
379477946.669032,13563
379477959.403109,13124
379477972.31314,6495
379477981.672577,309
379477985.432088,591
379478012.791405,13247
379478033.432988,5768
379478041.665573,8982
379478048.179385,9989
379478069.879061,13048
379478083.757759,13636
379478101.608345,12843
379478127.008604,299
379478143.951425,12946
379478160.922065,12972
379478171.090046,9544
379478181.277313,5681
379478205.622359,13631
379478222.180674,13228
379478244.039871,12804
379478255.724311,2985
379478262.828597,4678
379478273.304375,1409
379478287.273199,12667
379478305.07068,899
379478321.414574,12872
379478333.143848,12676
379478347.81373,1392
379478357.522745,4174
379478375.998835,12637
379478386.608029,12724
379478406.580669,12567
379478412.98642,12867
379478414.80605,271
379478429.917963,12644
379478443.818776,12605
379478454.745634,926
379478463.269641,11540
379478486.141921,12466
379478493.092,12979
379478507.687741,12693
379478515.21065,8726
379478526.702245,115
379478533.464774,258
379478544.59968,12973
379478561.450421,1523
379478570.474932,12706
379478580.913961,398
379478593.623519,549
379478605.477027,12899
379478620.968556,1483
379478642.589786,99
379478663.695687,12803
379478684.467728,827
379478695.882474,13022
379478707.619713,1523
379478735.714797,13039
379478758.768027,1650
379478773.695185,13014
379478782.309714,12992
379478798.360754,5768
379478809.133718,289
379478823.967633,7834
379478834.556447,10439
379478848.373041,1491
379478856.157105,13121
379478881.787255,13157
379478897.257966,935
379478911.504099,13228
379478940.944045,12331
379478947.191435,10459
379478965.678916,2971
379478987.725675,12889
379479003.990413,1469
379479010.515809,5981
379479026.988889,5994
379479040.055835,13398
379479051.703496,5572
379479066.560611,13369
379479076.941732,1468
379479098.772561,9330
379479113.929257,13364
379479124.67971,4308
379479137.392488,9470
379479149.242982,632
379479159.760281,1085
379479178.109184,10634
379479194.499878,13243
379479203.451391,13204
379479219.697431,1481
379479238.096507,6559
379479249.147905,5935
379479268.581731,13298
379479275.770254,13175
379479285.045126,7910
379479295.801353,13466
379479315.63408,13139
379479332.014619,13102
379479344.433974,11447
379479358.71966,1510
379479372.239976,13070
379479386.842652,12969
379479408.701238,11651
379479420.722512,12956
379479437.544745,1455
379479460.017407,12955
379479469.183847,92
379479474.131339,1489
379479485.432968,2312
379479498.558612,13106
379479508.481425,12941
379479526.761869,13102
379479541.508742,2985
379479565.092558,8529
379479574.015039,12806
379479586.615433,12896
379479600.480738,13276
379479615.563536,1892
379479625.366147,12889
379479633.995206,13597
379479647.016457,289
379479660.546695,5744
379479673.531343,7206
379479684.661797,12702
379479692.951939,9935
379479704.634347,225
379479718.934181,12586
379479733.458547,545
379479748.089877,12637
379479761.392625,11985
379479777.134426,1485
379479791.916926,1424
379479808.116552,12664
379479826.710509,9745
379479848.60035,5593
379479860.549864,789
379479879.013395,1577
379479886.599621,4390
379479894.902545,12788
379479904.713677,5274
379479911.14037,12792
379479924.871589,13039
379479934.391548,1471
379479938.924612,3088
379479955.208722,5964
379479966.109511,145
379479975.019487,5730
379479991.198938,1504
379480003.983304,12850
379480012.201578,170
379480018.630018,9945
379480029.448785,12942
379480039.827194,13306
379480055.176073,215
379480067.241438,1544
379480085.06706,13040
379480102.842376,13026
379480120.8455,1483
379480129.592778,13139
379480142.778301,13202
379480156.427175,13035
379480164.021022,12779
379480182.053423,13109
379480200.732521,13173
379480213.833091,4496
379480233.993447,2443
379480250.914156,13266
379480264.621907,4218
379480277.624186,13228
379480295.370689,13264
379480310.845793,10442
379480324.011156,11744
379480339.944367,13316
379480351.145111,11600
379480356.133091,9441
379480367.810071,1508
379480377.818911,13365
379480390.381579,13634
379480415.677572,11965
379480435.580737,390
379480446.033527,13372
379480459.456455,11435
379480467.28381,162
379480485.869411,1497
379480496.899586,4905
379480506.727221,1620
379480522.763701,13328
379480539.257346,2096
379480551.14314,13249
379480569.028446,262
379480578.239548,310
379480592.230153,9008
379480610.253361,11221
379480623.057521,5323
379480631.588224,13407
379480642.619092,13123
379480654.802331,13149
379480665.16927,13039
379480681.202211,6778
379480695.899994,1487
379480712.90515,1294
379480722.270015,7933
379480727.353442,185
379480742.40707,211
379480757.192811,1446
379480768.602018,144
379480781.347557,5503
379480787.126364,5115
379480796.572318,426
379480811.753935,12853
379480833.073478,8331
379480843.602478,8990
379480854.339104,335
379480865.00591,1986
379480874.003586,3282
379480890.976566,4498
379480903.89122,12706
379480915.850458,12911
379480926.617539,1480
379480940.164656,12723
379480953.386149,12700
379480964.569644,316
379480977.982944,1904
379480988.719981,2010
379480999.542911,11948
379481008.645268,12653
379481022.798172,1753
379481039.195748,12639
379481049.057436,671
379481062.892831,1467
379481075.203269,8102
379481086.023028,3331
379481100.725195,10487
379481114.107266,715
379481128.976894,12911
379481139.540063,1479
379481150.830686,4635
379481157.780047,113
379481165.255644,1552
379481173.099145,12659
379481181.331707,114
379481196.695269,3664
379481206.496812,1994
379481221.948798,9726
379481238.567812,9453
379481247.401203,9835
379481258.286735,279
379481269.948771,6241
379481278.669654,4679
379481284.325623,12862
379481294.229335,12800
379481310.202101,5540
379481330.109279,760
379481342.46168,2814
379481351.117674,2212
379481359.070569,13013
379481364.464666,13015
379481375.928501,12957
379481389.177383,12971
379481403.739912,13009
379481414.991065,3286
379481422.746579,1508
379481430.132376,13052
379481444.736461,1338
379481456.564682,13141
379481470.452939,971
379481485.350912,13414
379481497.925203,13105
379481507.379587,4598
379481523.075782,13189
379481537.67943,3600
379481548.581509,13171
379481557.694517,13362
379481569.800587,3944
379481575.886087,1646
379481588.512582,11402
379481593.861601,1308
379481605.656015,13275
379481612.266743,2083
379481631.625544,13190
379481647.472004,514
379481651.279215,13386
379481659.19333,13345
379481668.922558,4901
379481679.697592,2194
379481687.464256,914
379481696.351615,5507
379481708.156319,13383
379481723.119823,511
379481730.306367,6013
379481747.024553,13451
379481762.73088,1401
379481768.406387,12734
379481779.037366,3461
379481793.631303,13340
379481804.287096,12138
379481815.589609,1640
379481829.395355,7246
379481836.067129,6919
379481850.935132,8330
379481864.612801,214
379481876.821462,13173
379481894.80033,768
379481907.648859,5912
379481917.174676,8775
379481927.070301,13244
379481941.052193,4659
379481950.248486,4751
379481960.923106,1458
379481966.763813,13145
379481977.784164,1477
379481992.831313,2797
379482004.249297,1505
379482008.81458,3376
379482016.336939,5647
379482025.972802,10098
379482032.761818,313
379482044.769558,13513
379482051.876638,6980
379482060.504463,8749
379482071.846518,8101
379482079.007527,1986
379482089.319023,5044
379482102.486434,12923
379482117.869109,12924
379482124.837614,10208
379482129.531931,12893
379482137.265257,1721
379482149.545387,3268
379482160.62693,401
379482171.298882,1493
379482185.511801,13082
379482196.539055,8338
379482204.433497,4251
379482218.116717,12809
379482233.389153,12745
379482235.47105,671
379482244.35985,1519
379482255.269061,2537
379482275.078975,1048
379482283.384039,11364
379482291.506194,837
379482302.246391,244
379482311.339566,3866
379482328.70853,2168
379482343.00463,3063
379482353.369633,13430
379482366.408681,12592
379482381.477606,12207
379482396.049338,778
379482405.341784,6975
379482417.598221,12732
379482424.900755,7059
379482435.270294,6230
379482448.806104,3436
379482463.701606,276
379482471.90621,3839
379482482.432235,6699
379482488.183315,3145
379482501.4529,12875
379482513.492048,3101
379482524.787625,5967
379482539.122163,13394
379482545.778446,7235
379482554.54289,12865
379482564.965543,891
379482574.956208,4647
379482587.747376,6698
379482604.398809,218
379482615.901428,3617
379482634.518323,1834
379482644.63787,8661
379482654.08465,12898
379482663.97974,2659
379482670.462639,12964
379482680.230488,12914
379482684.842687,6941
379482697.535051,12911
379482701.825573,1823
379482710.230879,13497
379482723.352632,12943
379482734.668408,8183
379482750.119157,589
379482760.88313,13012
379482767.587227,13613
379482772.327215,3347
379482786.436102,12978
379482794.439247,5018
379482806.207868,11853
379482815.844907,8884
379482830.931455,13121
379482838.062186,3672
379482843.892964,13177
379482854.27108,510
379482869.1485,1572
379482887.53302,1769
379482902.362779,13263
379482913.354657,2662
379482928.745134,13240
379482940.593308,13241
379482945.408628,347
379482956.275279,971
379482962.271369,1821
379482974.638115,1969
379482981.290157,285
379482987.356921,2236
379482997.676565,7530
379483014.520118,7952
379483025.248654,13450
379483037.355131,2700
379483056.20121,207
379483069.317892,13617
379483092.163728,1502
379483105.482521,13348
379483121.202657,13070
379483128.082862,13423
379483138.657787,9764
379483149.664813,13334
379483164.275071,12338
379483176.433679,13317
379483188.047409,194
379483200.82258,13545
379483211.67608,8302
379483219.624336,5315
379483233.442916,13219
379483240.339031,13178
379483254.611262,13212
379483261.372084,13195
379483270.867441,11307
379483281.904966,1200
379483288.187701,424
379483301.756433,12737
379483308.767265,495
379483318.879306,147
379483330.208944,1230
379483337.111213,13053
379483345.782886,13106
379483353.448105,6827
379483363.604327,917
379483366.967598,151
379483375.254159,257
379483383.925607,185
379483387.726168,12993
379483398.092382,13002
379483405.847693,4923
379483416.358696,1539
379483426.656853,9415
379483433.975317,98
379483443.738125,12885
379483452.386809,12905
379483459.462984,307
379483461.274976,373
379483468.456415,12909
379483476.839422,10708
379483485.46722,1696
379483490.378203,2816
379483498.105075,751
379483513.468339,13393
379483523.30049,2934
379483533.17562,12812
379483543.411808,254
379483550.962296,12757
379483554.696579,12865
379483564.151036,11909
379483569.634216,12793
379483583.824628,516
379483588.389368,1239
379483596.275169,7649
379483605.833963,12700
379483616.350074,12683
379483619.588338,898
379483627.656543,7188
379483635.726817,925
379483650.121543,12612
379483652.827712,12647
379483665.617845,12634
379483668.755829,8965
379483678.383074,951
379483685.885564,2289
379483689.876429,248
379483706.113113,1492
379483710.139464,1813
379483723.919472,434
379483733.895179,420
379483739.360154,5151
379483747.335604,12642
379483758.322777,2200
379483767.768817,428
379483774.979553,11575
379483780.762669,235
379483788.708668,6383
379483796.578722,12660
379483801.299548,678
379483810.343138,5260
379483818.252551,1860
379483827.654554,11301
379483834.769912,9851
379483836.759092,10832
379483843.564766,12767
379483851.61106,1081
379483856.201776,1152
379483862.324442,556
379483868.764359,504
379483876.124324,12686
379483881.066408,152
379483882.905073,10396
379483894.425298,250
379483902.10804,2259
379483905.17137,5936
379483911.269896,5004
379483919.986023,2779
379483926.091507,13017
379483934.30268,8251
379483945.247152,2539
379483954.261901,95
379483959.031592,3252
379483963.425557,10530
379483971.267931,1416
379483976.377021,1742
379483980.833987,11431
379483988.730993,12932
379483997.450334,13208
379484004.161356,505
379484007.545489,12984
379484011.742128,2094
379484017.604659,3286
379484022.832511,12524
379484027.855235,1674
379484033.740871,163
379484039.867407,8064
379484044.22502,743
379484050.963949,12943
379484058.505701,13232
379484066.203311,13128
